feature,shap,lwr_shap,upr_shap,rate,rate_lwr,rate_upr
baseline,0.2662212834540417,0.22971718287746662,0.31062601518239935,NA,NA,NA
T0__cont_trait_0,-0.0006122300871782677,-0.03256171989480662,0.02846956109519975,0.2667372565739228,0.14965156099973842,0.366342159865622
T0__cat_trait_0,-0.0023272639245627514,-0.04233318827867813,0.034752096053257714,NA,NA,NA
T0__pvr_0,-0.006017223984635346,-0.03881041281244521,0.007937576702741644,NA,NA,NA
T0__pvr_1,-0.003526677629838417,-0.03181892302522585,0.014119993147516732,NA,NA,NA
T0__time,0.012999368746095632,-0.021765604016232606,0.09924575080160321,NA,NA,NA
T1__cont_trait_0,0.002559440213005374,-0.035214722364590174,0.03971458090399778,0.2685319270870671,0.15556163011699492,0.37603570428714833
T1__cat_trait_0,-0.002998500993770486,-0.038987050978840504,0.03313065771331067,NA,NA,NA
T1__pvr_0,-0.006947493874554127,-0.03662422353034006,0.007831551026342656,NA,NA,NA
T1__pvr_1,-0.0035797691958915022,-0.028026870786237557,0.01651431890094806,NA,NA,NA
T1__time,0.013276967484235846,-0.02394383955481346,0.07789547988973686,NA,NA,NA
T3__cont_trait_0,0.0008639384489234312,-0.04773707257138017,0.055512827168843606,0.2605385177712668,0.1829313751930365,0.34622643964453304
T3__cat_trait_0,7.484982351639019e-05,-0.021049202915833343,0.0237615721322805,NA,NA,NA
T3__pvr_0,-0.0090866892238868,-0.038966589660420915,0.006059481432509575,NA,NA,NA
T3__pvr_1,-0.0048157542834785915,-0.032689081233708006,0.010279460890892309,NA,NA,NA
T3__time,0.007280889552150462,-0.021444567631019665,0.059395571621072576,NA,NA,NA
T4__cont_trait_0,0.004181254645254732,-0.030147089409441757,0.04475116347230543,0.28003806081521726,0.18392351311041233,0.4097283861765364
T4__cat_trait_0,0.002801704802508166,-0.015943720339497355,0.031332913869370566,NA,NA,NA
T4__pvr_0,-0.006740294898247606,-0.03661682598026708,0.010048873631816821,NA,NA,NA
T4__pvr_1,-0.00275103085135631,-0.030340178436010667,0.017443930232777294,NA,NA,NA
T4__time,0.01632514366301633,-0.02076851977560422,0.10561300083576938,NA,NA,NA
T5__cont_trait_0,0.0020401239969127572,-0.020292514247908223,0.03477548053792986,0.2792523876654933,0.18175086834448495,0.4024334970159067
T5__cat_trait_0,0.0027296134423567373,-0.019190814089924443,0.03139046853960423,NA,NA,NA
T5__pvr_0,-0.006498584146971045,-0.038408584062863446,0.009886203373785221,NA,NA,NA
T5__pvr_1,-0.0024833806424930747,-0.030108307236343904,0.01776294940131884,NA,NA,NA
T5__time,0.017243331561646,-0.022141446952665046,0.1082657431608934,NA,NA,NA
T6__cont_trait_0,0.0044133050453687706,-0.03234063133252668,0.04738613843292927,0.27977906617682646,0.17801969952370889,0.39780500106060424
T6__cat_trait_0,0.0027103752045953035,-0.016654486235362094,0.03055250420035057,NA,NA,NA
T6__pvr_0,-0.0060076031024631615,-0.036906401061732735,0.008003610885798498,NA,NA,NA
T6__pvr_1,-0.002783883479428437,-0.027610536933428728,0.016982511448217413,NA,NA,NA
T6__time,0.015225589054712031,-0.021838439499399787,0.09475079785257091,NA,NA,NA
T7__cont_trait_0,2.128929222962971e-05,-0.049749841350963706,0.044405498905297866,0.26385272502824236,0.180678565283943,0.34509628628739586
T7__cat_trait_0,0.00028091472058796826,-0.02297680487929099,0.023560072748957224,NA,NA,NA
T7__pvr_0,-0.006745202932816952,-0.03098061263039828,0.007780236484688563,NA,NA,NA
T7__pvr_1,-0.004281908011768511,-0.025719209214036032,0.01663975019989336,NA,NA,NA
T7__time,0.008356348505968284,-0.022398729579876077,0.06355543824376639,NA,NA,NA
T8__cont_trait_0,0.00010377310116101131,-0.050261353834460246,0.05017368211429167,0.2633893585093644,0.18224492494299782,0.3455263098240429
T8__cat_trait_0,0.00022476513607674696,-0.021362478142349386,0.023447192390478176,NA,NA,NA
T8__pvr_0,-0.006963763622613188,-0.030872141893674286,0.007940878300064153,NA,NA,NA
T8__pvr_1,-0.0042904093560368235,-0.025924856696438237,0.015749682995028963,NA,NA,NA
T8__time,0.008093709796734702,-0.02125243137161182,0.06398378334742051,NA,NA,NA
T9__cont_trait_0,0.0014718332501560784,-0.02091656771757494,0.03213893086644121,0.274013129157574,0.17778897538203345,0.3775940021981299
T9__cat_trait_0,0.002416488929909052,-0.022198548962499183,0.02720824472559119,NA,NA,NA
T9__pvr_0,-0.008745144311799898,-0.0413934626411102,0.00788190042747821,NA,NA,NA
T9__pvr_1,-0.00318349997757066,-0.03137343677053081,0.014293941660084561,NA,NA,NA
T9__time,0.015832167812837524,-0.016863430032340636,0.10547583331984736,NA,NA,NA
T11__cont_trait_0,0.003725233163253129,-0.06234409072854524,0.06417572475551726,0.27323794443165783,0.1797246834268905,0.37453009013376803
T11__cat_trait_0,0.0014169837945007104,-0.015220047223483635,0.022229339308975526,NA,NA,NA
T11__pvr_0,-0.006630932988117235,-0.03350882273454846,0.0076855179170363525,NA,NA,NA
T11__pvr_1,-0.002436158619065342,-0.025404972347567473,0.013599275778327827,NA,NA,NA
T11__time,0.010941535627044625,-0.023240776654329165,0.07793995353729882,NA,NA,NA
T13__cont_trait_0,-0.0004637264420961739,-0.029233862816058484,0.023987851321717223,0.2734203072639052,0.18203298152844588,0.3640443244256967
T13__cat_trait_0,0.0023998267729458313,-0.023137715746019236,0.0260565220185994,NA,NA,NA
T13__pvr_0,-0.007268155052186621,-0.036521856486018855,0.009220537122642994,NA,NA,NA
T13__pvr_1,-0.0032342235661274657,-0.025480858348741295,0.020900508857291653,NA,NA,NA
T13__time,0.015765302097327676,-0.017296360960482107,0.09367096178796556,NA,NA,NA
T14__cont_trait_0,-9.52727836375545e-05,-0.026318976664209737,0.024544320288674332,0.27686831176269866,0.1888972916800976,0.38658037910929705
T14__cat_trait_0,0.0025952349324320947,-0.018084444729805485,0.03242565237588019,NA,NA,NA
T14__pvr_0,-0.0051406528128069414,-0.03501852729083918,0.014057702806507172,NA,NA,NA
T14__pvr_1,-0.002757630053719483,-0.02768584158267086,0.016734107424705547,NA,NA,NA
T14__time,0.016045349026388628,-0.016238185350096926,0.09624860754056257,NA,NA,NA
T15__cont_trait_0,-0.0009984407818505556,-0.05393409422066919,0.044077364497047924,0.25418763424736124,0.1624882010535168,0.33418115519802966
T15__cat_trait_0,0.0004058109972962233,-0.019017908773616962,0.020921555245250203,NA,NA,NA
T15__pvr_0,-0.009271604611306317,-0.03848947152020605,0.0075788777924096495,NA,NA,NA
T15__pvr_1,-0.009706365217119603,-0.05707132974382402,0.016920462001279543,NA,NA,NA
T15__time,0.007536950406299593,-0.0205296471153636,0.054799982017386936,NA,NA,NA
T16__cont_trait_0,0.00023989867315901093,-0.0392141363695174,0.042153187009140766,0.26913056064148966,0.18416503089259284,0.3740659416993951
T16__cat_trait_0,0.0012401438297165183,-0.024051191100348424,0.025270602009059978,NA,NA,NA
T16__pvr_0,-0.00555149695004176,-0.034084962466454496,0.009699074703130153,NA,NA,NA
T16__pvr_1,-0.0038922841882777456,-0.027544719633506125,0.017501506074843146,NA,NA,NA
T16__time,0.010873015822891683,-0.020383379680666773,0.08169054043512818,NA,NA,NA
T17__cont_trait_0,0.0032174802783209097,-0.02951196335126338,0.036476674932771194,0.27776425358332596,0.19323852120878024,0.41190250576883414
T17__cat_trait_0,0.002721243519915638,-0.018254648898308634,0.0302932124918822,NA,NA,NA
T17__pvr_0,-0.006535353628157469,-0.03685112657458938,0.01049910502872467,NA,NA,NA
T17__pvr_1,-0.0029159924004411213,-0.0326834251534734,0.015587084520847727,NA,NA,NA
T17__time,0.015055592359646076,-0.021845184742645386,0.09340055075255158,NA,NA,NA
T19__cont_trait_0,-0.00044040090136679096,-0.0301661905983961,0.02360458312211391,0.27496398180037657,0.1874020403890775,0.36803000396034624
T19__cat_trait_0,0.002461884274452571,-0.023363979850564917,0.026280293974514563,NA,NA,NA
T19__pvr_0,-0.0052157640614815285,-0.03711858564991207,0.009104522840652468,NA,NA,NA
T19__pvr_1,-0.003082343127051692,-0.02885924824990546,0.015932365898622083,NA,NA,NA
T19__time,0.015019322161782098,-0.01795624532009512,0.09081039910624569,NA,NA,NA
T21__cont_trait_0,0.0046165628581233305,-0.05232417402086017,0.06014036928836712,0.2737549287681905,0.1901582187135482,0.3803828695165965
T21__cat_trait_0,0.001791426482099383,-0.021266849576208745,0.020342421918823652,NA,NA,NA
T21__pvr_0,-0.0069591328901510985,-0.03277926680415484,0.010842459774552865,NA,NA,NA
T21__pvr_1,-0.0029321969660844717,-0.025183263910884685,0.014408344305123874,NA,NA,NA
T21__time,0.011016985830161452,-0.016410745433376117,0.08096668070265407,NA,NA,NA
T22__cont_trait_0,-0.0014124921668320063,-0.0259510275442959,0.02379447045396622,0.26825068653936623,0.19365610087367724,0.3566557654156378
T22__cat_trait_0,0.0016699951299242524,-0.02238613392577861,0.025128273440337495,NA,NA,NA
T22__pvr_0,-0.006772836002113259,-0.03383198853308066,0.007163593273344954,NA,NA,NA
T22__pvr_1,-0.0006568276122006143,-0.032132155905619325,0.028318701050591574,NA,NA,NA
T22__time,0.00920156373654595,-0.018755494491567,0.06633379034646998,NA,NA,NA
T23__cont_trait_0,0.001103087252270199,-0.023270372766950112,0.02954800834017668,0.27069801468249793,0.18572832722152766,0.3715069956158343
T23__cat_trait_0,0.0022609372803795557,-0.020159516749253023,0.028453910390084707,NA,NA,NA
T23__pvr_0,-0.006960694031350819,-0.036631096884932574,0.008875894129215467,NA,NA,NA
T23__pvr_1,-0.003677257842456881,-0.029691403188898083,0.013673840356821378,NA,NA,NA
T23__time,0.011750658569613973,-0.018124245861162562,0.07484699619284123,NA,NA,NA
T26__cont_trait_0,0.0031533643893447536,-0.02356121031991208,0.035473582261043815,0.3003339386580166,0.19597293706474103,0.4611572086990833
T26__cat_trait_0,0.00433036429610544,-0.02204218662155257,0.0352058637440954,NA,NA,NA
T26__pvr_0,0.01468475038893076,-0.019493606130966006,0.0796971988816344,NA,NA,NA
T26__pvr_1,0.0022304352548682604,-0.015807701042930916,0.027835134500694247,NA,NA,NA
T26__time,0.009713740874725455,-0.013766706017035196,0.0741746380871216,NA,NA,NA
T27__cont_trait_0,0.0018606599956903374,-0.030158128224397156,0.03760524849154399,0.2733167538981226,0.20198418780924177,0.36775182622611674
T27__cat_trait_0,0.0018541904150605386,-0.024856490792625537,0.021759551238017524,NA,NA,NA
T27__pvr_0,-0.008949241099640542,-0.03714978856471507,0.010676280248577086,NA,NA,NA
T27__pvr_1,0.004638844613888878,-0.025799080932984206,0.061296394253379474,NA,NA,NA
T27__time,0.007691016519081456,-0.02214912765134898,0.061899676420941976,NA,NA,NA
T28__cont_trait_0,0.004617305798838213,-0.04591015382276015,0.07079159197114557,0.27080315167632335,0.1755449338632274,0.3562957948545211
T28__cat_trait_0,0.0014797425544847043,-0.02148493855375211,0.018155836116084317,NA,NA,NA
T28__pvr_0,-0.007101944501482915,-0.032960860977909685,0.008575284458758048,NA,NA,NA
T28__pvr_1,-0.0030440907495897377,-0.02816710258036885,0.013567342475433564,NA,NA,NA
T28__time,0.008630855120031204,-0.019874384018041563,0.058240506171286024,NA,NA,NA
T29__cont_trait_0,-0.00013512857487719843,-0.022969745274339037,0.025041426823821357,0.2671527745463095,0.18608656738170432,0.34910500620327506
T29__cat_trait_0,0.001983931138555597,-0.02085480370890945,0.027947639416891615,NA,NA,NA
T29__pvr_0,-0.00718922623706221,-0.03433566016840535,0.00807826564459084,NA,NA,NA
T29__pvr_1,-0.004101033767691959,-0.031232765407700397,0.009671261827563185,NA,NA,NA
T29__time,0.010372948533343281,-0.013446930216753639,0.07076413208870336,NA,NA,NA
T30__cont_trait_0,-0.001703083818544538,-0.02740883553180377,0.019208340247323815,0.2578622549609902,0.1753942710803796,0.3312987472655105
T30__cat_trait_0,0.0015942875599794868,-0.016181908081769683,0.031300315064378234,NA,NA,NA
T30__pvr_0,-0.012721120765318557,-0.046544276547353367,0.007009714529628341,NA,NA,NA
T30__pvr_1,-0.0051961249559852605,-0.032334967819742176,0.011934136657725365,NA,NA,NA
T30__time,0.009667013486817153,-0.012354796070303091,0.06473035828563364,NA,NA,NA
T32__cont_trait_0,0.0020380398143531406,-0.03943808178972887,0.05325272131750045,0.257561747664569,0.18470742851474675,0.3436434927864037
T32__cat_trait_0,-4.9129613473697376e-05,-0.02424086158021327,0.022377095200663125,NA,NA,NA
T32__pvr_0,-0.010123145235895198,-0.041761482456954914,0.005858814966295506,NA,NA,NA
T32__pvr_1,-0.005536987337635774,-0.032580058557397235,0.011606905937962625,NA,NA,NA
T32__time,0.005011686583178655,-0.0192836891111104,0.03805970486712444,NA,NA,NA
T33__cont_trait_0,-0.0005244781417179179,-0.031773782576978646,0.03204581008029844,0.2752338096176746,0.20069718665977967,0.3944834681616859
T33__cat_trait_0,0.002040110733558782,-0.022821814561894582,0.026184151406219783,NA,NA,NA
T33__pvr_0,-0.002595496042261897,-0.02906073167904677,0.018192525939496162,NA,NA,NA
T33__pvr_1,0.0017764378480338253,-0.027045128586974013,0.03561252414421653,NA,NA,NA
T33__time,0.008315951766019878,-0.016135920132681315,0.066941175834582,NA,NA,NA
T34__cont_trait_0,-0.0009960629894158015,-0.03003140980665636,0.02266831052123078,0.2679413221683019,0.17721638274410934,0.342947215639262
T34__cat_trait_0,0.0020824581265575445,-0.0187598048028505,0.031033262261854933,NA,NA,NA
T34__pvr_0,-0.006467867912743201,-0.0335295834167062,0.009188222766541985,NA,NA,NA
T34__pvr_1,-0.003974226898929115,-0.031052998952494665,0.012389831940670393,NA,NA,NA
T34__time,0.011075738388790604,-0.012747073983874098,0.06946899843533572,NA,NA,NA
T36__cont_trait_0,-0.0037428847586163817,-0.05462139652898868,0.033344066038749294,0.2434632765079122,0.16011606597815486,0.3260221182696688
T36__cat_trait_0,0.0005595791672395798,-0.019784687346517886,0.013963842511503233,NA,NA,NA
T36__pvr_0,-0.017265746406401005,-0.06656320245036035,0.010439682484165325,NA,NA,NA
T36__pvr_1,-0.005063560286927005,-0.0628001716263828,0.03780151765006074,NA,NA,NA
T36__time,0.0027546053385750437,-0.013328352877785485,0.026152357023351065,NA,NA,NA
T37__cont_trait_0,0.000772243563858922,-0.07141463162831296,0.0460894949461191,0.290167578445835,0.19080656752334124,0.4338136353375508
T37__cat_trait_0,0.001388762574360805,-0.02848985589066766,0.023072691755376802,NA,NA,NA
T37__pvr_0,0.017312113818887954,-0.02237168917333022,0.0880664203849763,NA,NA,NA
T37__pvr_1,0.001266532150392107,-0.019139234989376155,0.02692900094407348,NA,NA,NA
T37__time,0.0032066428842933282,-0.018538838999999904,0.035014418065499125,NA,NA,NA
T38__cont_trait_0,0.0022862082785306964,-0.022215477450155962,0.03247356260729291,0.26505815235474317,0.16063542313130638,0.3522873641864895
T38__cat_trait_0,0.0023906975845863756,-0.017815918570890266,0.030351325974584065,NA,NA,NA
T38__pvr_0,-0.010149700056787376,-0.04110910255765787,0.008241183530168103,NA,NA,NA
T38__pvr_1,-0.004639134054423474,-0.05281946889718565,0.02570282096044116,NA,NA,NA
T38__time,0.008948797148795,-0.014990199917332928,0.05587493013040944,NA,NA,NA
T39__cont_trait_0,0.003121095573476016,-0.03439138630546475,0.0424791285746461,0.2766125254198316,0.20552342294229026,0.36532523223612734
T39__cat_trait_0,0.002305014489873738,-0.02483154227247033,0.026235164013377436,NA,NA,NA
T39__pvr_0,-0.005595144279563995,-0.03580660072518735,0.007200339156845023,NA,NA,NA
T39__pvr_1,0.0029623176573260234,-0.02547873452853041,0.038830526470635014,NA,NA,NA
T39__time,0.007597958524677921,-0.02171907300242759,0.05259334728715116,NA,NA,NA
T40__cont_trait_0,0.001546650594208342,-0.03753889653390278,0.037750295755799676,0.2923633741722051,0.19188958319434515,0.43622325141615037
T40__cat_trait_0,0.0027839239649538753,-0.022471253304847963,0.03337199551800835,NA,NA,NA
T40__pvr_0,0.01418506905764834,-0.01953452844223058,0.0800583589600509,NA,NA,NA
T40__pvr_1,0.0020539834489809077,-0.019734657077354043,0.028273091633818574,NA,NA,NA
T40__time,0.005572463652371726,-0.022383430870442853,0.05036923665336103,NA,NA,NA
T42__cont_trait_0,0.002947136916099844,-0.021787199343434132,0.03442964154509899,0.300539811280369,0.19667799618925913,0.47189714827141405
T42__cat_trait_0,0.004438067084410991,-0.025658386907243078,0.03264862648444618,NA,NA,NA
T42__pvr_0,0.015442445305142155,-0.019915097447897698,0.08530352473946126,NA,NA,NA
T42__pvr_1,0.00251260679133457,-0.01534027207175264,0.03206900634488097,NA,NA,NA
T42__time,0.008978271729339514,-0.015988498710684862,0.06656165451838311,NA,NA,NA
T44__cont_trait_0,0.001372686567945538,-0.02490931372712571,0.03208485179171765,0.26781976839836025,0.1806886577924458,0.36017221926966886
T44__cat_trait_0,0.0021599937100483003,-0.016927435256114523,0.031487432158331746,NA,NA,NA
T44__pvr_0,-0.007396941795120827,-0.03638777233494141,0.006831562388300905,NA,NA,NA
T44__pvr_1,-0.004087032130591178,-0.029871411946803733,0.014014794700905116,NA,NA,NA
T44__time,0.009549778592036522,-0.016060618209299916,0.06405007123774525,NA,NA,NA
T45__cont_trait_0,-0.0010204780645299025,-0.03172787777008139,0.022591515572976964,0.2534069092412019,0.1652688696369458,0.33399973000376526
T45__cat_trait_0,0.0011863597748295043,-0.02245875608210747,0.02022890509242503,NA,NA,NA
T45__pvr_0,-0.011449114006297492,-0.043540997292373956,0.007874454824593313,NA,NA,NA
T45__pvr_1,-0.007643907920209602,-0.05732930609730276,0.021260543705044807,NA,NA,NA
T45__time,0.00611276600336749,-0.014008567477178172,0.04240237138548446,NA,NA,NA
T46__cont_trait_0,0.004048953627201015,-0.04045072394941601,0.06923126635955809,0.2746845523953749,0.1999202929233595,0.3723242971344313
T46__cat_trait_0,0.0019500208960183834,-0.01763894054609729,0.025765583731691036,NA,NA,NA
T46__pvr_0,-0.007534548245603753,-0.032914863651540754,0.008638652019483883,NA,NA,NA
T46__pvr_1,0.0044642748485529795,-0.02074432422852078,0.04994847221379119,NA,NA,NA
T46__time,0.005534567815164391,-0.018704364040919713,0.04461398680372668,NA,NA,NA
T47__cont_trait_0,-0.0016837988966850917,-0.027465725180550328,0.022775258696371686,0.27174018145850914,0.19165581008052354,0.3585793098857136
T47__cat_trait_0,0.001988910230434468,-0.019028759284805102,0.029534694502110825,NA,NA,NA
T47__pvr_0,-0.0028215375343358254,-0.02437445276816133,0.021174804392185262,NA,NA,NA
T47__pvr_1,-0.0009022489713679901,-0.024607260488827706,0.02811441612634335,NA,NA,NA
T47__time,0.008937573176421673,-0.014380031049305464,0.0640496873394102,NA,NA,NA
T50__cont_trait_0,-0.00203674617196175,-0.0323807466477869,0.017378372492380424,0.25464342545840557,0.1679613199927335,0.31806714238479256
T50__cat_trait_0,0.001342620573081272,-0.01699888967609596,0.029161194642987595,NA,NA,NA
T50__pvr_0,-0.011876296537290708,-0.04270015204241269,0.0076347846436348454,NA,NA,NA
T50__pvr_1,-0.00570375260641043,-0.033027495456527334,0.010309940309579206,NA,NA,NA
T50__time,0.006696316746945275,-0.012142982275032715,0.04715398057346552,NA,NA,NA
T51__cont_trait_0,0.0048390434933034505,-0.0716845313917577,0.07918998264605769,0.2717942668965948,0.1701185804104906,0.3748008422960649
T51__cat_trait_0,-0.00013503593856969902,-0.03314833888219503,0.025265275412119995,NA,NA,NA
T51__pvr_0,-0.007870611436953652,-0.037953802699684264,0.007103581150048707,NA,NA,NA
T51__pvr_1,0.005635299748045103,-0.022124616473305617,0.04033107104738993,NA,NA,NA
T51__time,0.0031042875767276724,-0.016301650225571174,0.02764977805859202,NA,NA,NA
T52__cont_trait_0,0.00182369799969304,-0.04027370854482013,0.04204181116479781,0.2891080389714276,0.19775823588860636,0.4044405239974671
T52__cat_trait_0,0.00328152169709208,-0.022609999662045063,0.03079151362196625,NA,NA,NA
T52__pvr_0,0.009743159130811715,-0.01905459798725928,0.0607402575325354,NA,NA,NA
T52__pvr_1,0.001319432137711423,-0.014430739774362822,0.02542707723139387,NA,NA,NA
T52__time,0.0067189445520774264,-0.017451976277561572,0.04991983245433003,NA,NA,NA
T53__cont_trait_0,-0.000928380674025899,-0.025888375938098646,0.03210626548223494,0.295085864694318,0.20788977946396708,0.41511919701094446
T53__cat_trait_0,0.0029463943911916227,-0.020331945396238477,0.038824752411559055,NA,NA,NA
T53__pvr_0,0.026572565406127156,-0.016225016539004176,0.1218337990145818,NA,NA,NA
T53__pvr_1,-0.0006480887258408303,-0.02331750256485335,0.017536080280162042,NA,NA,NA
T53__time,0.0009220908428239881,-0.017935482890561058,0.0198493664485068,NA,NA,NA
T54__cont_trait_0,0.004432464763458641,-0.037983114709932875,0.04785932696588259,0.24886714607272029,0.1452150466409653,0.33702952257299923
T54__cat_trait_0,-0.0001352291663179766,-0.021348051698404258,0.0213705031112559,NA,NA,NA
T54__pvr_0,-0.011928394067541665,-0.04518298465302148,0.00606173582938431,NA,NA,NA
T54__pvr_1,-0.006319988951113915,-0.038980355961101935,0.008434895233122623,NA,NA,NA
T54__time,-0.003402989959806716,-0.021991752791382387,0.008699411734609266,NA,NA,NA
T55__cont_trait_0,0.0019422528490704767,-0.03319246318854722,0.03840630347608209,0.2744506771888202,0.18506477174721517,0.38898079999790414
T55__cat_trait_0,0.0018892967508100699,-0.02158874088571411,0.02720877350060094,NA,NA,NA
T55__pvr_0,-0.008248521029388748,-0.03481651476758535,0.009765506411253053,NA,NA,NA
T55__pvr_1,0.00867364143582679,-0.03532479557440721,0.05540938371236169,NA,NA,NA
T55__time,0.0039727237284597205,-0.015609028109205683,0.037597768085249755,NA,NA,NA
T56__cont_trait_0,-0.0025154776449177697,-0.028923344432100283,0.01706696110433698,0.2637104316420542,0.18759406559360725,0.3490403183088602
T56__cat_trait_0,0.0011692318845921991,-0.021774972058926027,0.021854137552738018,NA,NA,NA
T56__pvr_0,-0.01153558761370518,-0.04156507653925219,0.008302119820916595,NA,NA,NA
T56__pvr_1,0.006931378372740622,-0.030082844727369912,0.05665528573014834,NA,NA,NA
T56__time,0.0034396031893024225,-0.01479892262032275,0.03206218677475444,NA,NA,NA
T57__cont_trait_0,0.012339478902498261,-0.04260131236212601,0.07894904231245484,0.28965349572297844,0.18041671289978345,0.4230526962255331
T57__cat_trait_0,0.001361032680957465,-0.03524125940725008,0.04062278236494962,NA,NA,NA
T57__pvr_0,-0.005262533431964371,-0.03500618215140712,0.011289962451112412,NA,NA,NA
T57__pvr_1,0.012431424374125897,-0.022721630033678428,0.07264959690359057,NA,NA,NA
T57__time,0.002562809743319281,-0.01036988551296289,0.02541564498298253,NA,NA,NA
T59__cont_trait_0,0.0010816328830220482,-0.03035127442347266,0.03529700992463557,0.2677010607580381,0.20042096892709985,0.35736059387482005
T59__cat_trait_0,0.0014998015323453421,-0.021392264301852412,0.026354145331665677,NA,NA,NA
T59__pvr_0,-0.010441404402909946,-0.04193796853507257,0.007064157529388035,NA,NA,NA
T59__pvr_1,0.005627893300073445,-0.027157267706689865,0.06023410924615853,NA,NA,NA
T59__time,0.003711853991465274,-0.017938151852814596,0.03364850175842107,NA,NA,NA
T60__cont_trait_0,0.005625472424546315,-0.05226053755328515,0.05398650184535757,0.2554824978705309,0.1652762710638523,0.3403442531480193
T60__cat_trait_0,-0.0005497587527462929,-0.02620670708227929,0.02155049270431532,NA,NA,NA
T60__pvr_0,-0.011012767117493353,-0.044325545129095166,0.006063270635231974,NA,NA,NA
T60__pvr_1,-0.005605457472266285,-0.030985674728299592,0.014200956963326974,NA,NA,NA
T60__time,0.0008037253344485812,-0.011221516546317964,0.014939400342989052,NA,NA,NA
T61__cont_trait_0,0.004712430885159404,-0.03138277001164237,0.04698374591287503,0.2593928131874726,0.18391494219770832,0.33823755098318653
T61__cat_trait_0,0.0016779847539661731,-0.023366164543132145,0.021741681357911824,NA,NA,NA
T61__pvr_0,-0.012676800172953733,-0.04992013470949383,0.008059901636723737,NA,NA,NA
T61__pvr_1,-0.00540795182419033,-0.03457396341079719,0.011338814633791626,NA,NA,NA
T61__time,0.004865866091449148,-0.012795095233287007,0.03749300547611749,NA,NA,NA
T62__cont_trait_0,-0.0009489380642275842,-0.02222193701105014,0.01946058784971318,0.249803925387704,0.14884631215234104,0.32897557247876824
T62__cat_trait_0,-0.0011143556115051042,-0.0388576797547274,0.035674079647634846,NA,NA,NA
T62__pvr_0,-0.010449463357707108,-0.043439875210883334,0.00786717508759864,NA,NA,NA
T62__pvr_1,-0.0069874496557522,-0.05110218904855375,0.02181409311816699,NA,NA,NA
T62__time,0.0030828486228540192,-0.010979543142589546,0.02410047035791299,NA,NA,NA
T63__cont_trait_0,0.000718072696604472,-0.03669787793363956,0.05640508031367683,0.28081078340145105,0.19157657590323315,0.3754060641785784
T63__cat_trait_0,0.0026358906227932554,-0.023941645555828457,0.02530497338655907,NA,NA,NA
T63__pvr_0,0.00703239777927905,-0.020073593836863482,0.05503259590606473,NA,NA,NA
T63__pvr_1,0.001840471784218523,-0.018022912359522726,0.0287525368989371,NA,NA,NA
T63__time,0.0023626670645138168,-0.012656096776757622,0.022419101233589582,NA,NA,NA
T64__cont_trait_0,-0.0016545176101636283,-0.02693090459148543,0.013627765919356698,0.2629485735865933,0.17637702613876682,0.33526499818954536
T64__cat_trait_0,0.0009311956582895143,-0.02138349915054759,0.021229345577624667,NA,NA,NA
T64__pvr_0,-0.01512602627382393,-0.05811868951440359,0.007449241759151112,NA,NA,NA
T64__pvr_1,0.010704285646793618,-0.031198052117537036,0.07418279177828628,NA,NA,NA
T64__time,0.0018723527114557854,-0.01310395367004924,0.024285139166768045,NA,NA,NA
T65__cont_trait_0,0.006373166709118355,-0.0394676844573613,0.06183630280155227,0.2816271530234689,0.19112739143269553,0.42318174659896585
T65__cat_trait_0,0.0018494836477925508,-0.022261921211664967,0.025907124821305638,NA,NA,NA
T65__pvr_0,-0.009125248203056492,-0.03920703130750223,0.0086982907458098,NA,NA,NA
T65__pvr_1,0.013366771964334792,-0.028092644840571848,0.06987933375922994,NA,NA,NA
T65__time,0.0029416954512377735,-0.01329756770864502,0.02609996244861751,NA,NA,NA
T67__cont_trait_0,0.004708237294989845,-0.045387152783622126,0.06896740493794701,0.3005855728429804,0.2094707040130629,0.44949311810222825
T67__cat_trait_0,0.0022467098050975944,-0.01849887228729208,0.02799838426662246,NA,NA,NA
T67__pvr_0,0.026030755334307022,-0.023366598827809434,0.11115835119190166,NA,NA,NA
T67__pvr_1,0.00021413112474641304,-0.01861733169143126,0.016862817512987738,NA,NA,NA
T67__time,0.0011644558297975605,-0.012926840579863486,0.0168954188873639,NA,NA,NA
T68__cont_trait_0,0.0015344279154432042,-0.02504142353897365,0.03406330921763654,0.28968696555943474,0.20147663208592467,0.40603517775519055
T68__cat_trait_0,0.0036545745808626556,-0.02407225143326784,0.030698674615277158,NA,NA,NA
T68__pvr_0,0.012443554054724547,-0.014996042200094373,0.07648748277729993,NA,NA,NA
T68__pvr_1,0.0016638523233545234,-0.018381442998777198,0.029043967423551503,NA,NA,NA
T68__time,0.0041692732310079205,-0.012742642924925773,0.031454564516362415,NA,NA,NA
T69__cont_trait_0,0.0032213637117286835,-0.02768676265562234,0.047024753242093556,0.27145822074407217,0.17486724744747395,0.35995877395614495
T69__cat_trait_0,-0.0008363247272501017,-0.03566768627286722,0.03452241296189445,NA,NA,NA
T69__pvr_0,-0.008493527394229568,-0.03896140346944436,0.008086500942814115,NA,NA,NA
T69__pvr_1,0.009297068559979992,-0.022565483371939733,0.05745146233896592,NA,NA,NA
T69__time,0.002048357139801249,-0.013504606370028871,0.020229353429281643,NA,NA,NA
T70__cont_trait_0,-0.002095576997660485,-0.03194475053341592,0.025611564234514824,0.290731601308703,0.22139333733252098,0.40562700111172656
T70__cat_trait_0,0.0027296030050332127,-0.01875082093345771,0.028864216252369013,NA,NA,NA
T70__pvr_0,0.027392340976680488,-0.016867832247838957,0.1064639096593169,NA,NA,NA
T70__pvr_1,-0.0031279237314248824,-0.026266298593787547,0.010214095150080413,NA,NA,NA
T70__time,-0.00038812539796727503,-0.015763450694497673,0.009351516310035932,NA,NA,NA
T71__cont_trait_0,0.005619006533865278,-0.028606987941991027,0.04349758765625678,0.26113421378707835,0.17568935836469707,0.34796300085401943
T71__cat_trait_0,0.0018662351370202104,-0.021250233515226598,0.02132719746144618,NA,NA,NA
T71__pvr_0,-0.014136988135259921,-0.05682737851375483,0.010859076674736332,NA,NA,NA
T71__pvr_1,-0.0003425781308079704,-0.04873018240212157,0.05367662062125376,NA,NA,NA
T71__time,0.001907254928218844,-0.009495802735190656,0.01759394079605777,NA,NA,NA
T72__cont_trait_0,0.001202656720899833,-0.025851291204585538,0.029421104993497357,0.2457924385141557,0.14214785830205362,0.31840970914072275
T72__cat_trait_0,-0.0016218115116152579,-0.033416362001448714,0.031171569416010708,NA,NA,NA
T72__pvr_0,-0.01221944845753374,-0.05091165161908012,0.008228278792040765,NA,NA,NA
T72__pvr_1,-0.007834525526730024,-0.04858540596312452,0.018600244127636598,NA,NA,NA
T72__time,4.4283835092929164e-05,-0.008395826888727646,0.011583810307631975,NA,NA,NA
T73__cont_trait_0,0.005103654056332448,-0.033648492552050574,0.049242799010141274,0.25480497768795213,0.1406398440962267,0.31844678774375845
T73__cat_trait_0,0.0017190832115234797,-0.01721699132841526,0.024440756291597185,NA,NA,NA
T73__pvr_0,-0.011751959853183462,-0.04793680338339487,0.005064111924442907,NA,NA,NA
T73__pvr_1,-0.007265080468551278,-0.052116325686103804,0.021544252229506303,NA,NA,NA
T73__time,0.0007779972877889924,-0.00843464970863346,0.012395069974863615,NA,NA,NA
T74__cont_trait_0,0.0013484087200427751,-0.03458832172629486,0.03585477147682978,0.28572162959299946,0.20675814881823557,0.39040927959089056
T74__cat_trait_0,0.003218163609467951,-0.024285742543277297,0.028219030679634584,NA,NA,NA
T74__pvr_0,0.010282744059301609,-0.020980712847028814,0.060301575639712765,NA,NA,NA
T74__pvr_1,0.00133362818780043,-0.014246130836935919,0.029704790702116055,NA,NA,NA
T74__time,0.0033174015623447352,-0.0126738300066572,0.026993481415439814,NA,NA,NA
T75__cont_trait_0,0.0006896587748971208,-0.03173914346050332,0.036084420369832705,0.26367244283021024,0.18324383880516276,0.3550781485666178
T75__cat_trait_0,-0.0007133729935717679,-0.039362807930994476,0.03197814187146069,NA,NA,NA
T75__pvr_0,-0.010192365174707596,-0.044052465801248206,0.006928921604927488,NA,NA,NA
T75__pvr_1,0.006795308478331273,-0.03352239050331256,0.042344788521788385,NA,NA,NA
T75__time,0.0008719302912192466,-0.00962536085763778,0.01455939761183303,NA,NA,NA
T76__cont_trait_0,0.00111995547868421,-0.025651612821916636,0.028891214254070163,0.2696515676773734,0.1789663579916645,0.3556054963147106
T76__cat_trait_0,0.0013625502935724378,-0.022155430595121428,0.02071847240884258,NA,NA,NA
T76__pvr_0,-0.013628487787484116,-0.05502698745076427,0.008566918915608485,NA,NA,NA
T76__pvr_1,0.014257316470922002,-0.026770976306447175,0.07205376058113701,NA,NA,NA
T76__time,0.0003189497676369531,-0.011729489497116233,0.009163951843259587,NA,NA,NA
T77__cont_trait_0,-0.0028006845805784385,-0.024820497525872575,0.01563780099341184,0.2434256242071954,0.15753827500462608,0.310679071205275
T77__cat_trait_0,0.0008151590580536626,-0.020533561059486505,0.023993133175462936,NA,NA,NA
T77__pvr_0,-0.01445059435102613,-0.053610582188643736,0.007774931444042725,NA,NA,NA
T77__pvr_1,-0.0066703228260633265,-0.032305262062207046,0.00961331349491315,NA,NA,NA
T77__time,0.00031078345276773376,-0.011366503223388662,0.013196706612932783,NA,NA,NA
T80__cont_trait_0,0.0010982230041236493,-0.02869819787433979,0.036057833696863065,0.28454782744185436,0.20706745345853836,0.38117030545057284
T80__cat_trait_0,0.0032661337757107552,-0.021316285883645286,0.03099888721516879,NA,NA,NA
T80__pvr_0,0.010928105306534208,-0.0201751892223472,0.06431278795393733,NA,NA,NA
T80__pvr_1,0.0013536523845000593,-0.018112957465772933,0.026125056477000655,NA,NA,NA
T80__time,0.001680429516943766,-0.010016630503839975,0.02145783894967468,NA,NA,NA
T81__cont_trait_0,-0.0026192006100256896,-0.04331158013189863,0.02838754728391896,0.24246711329770604,0.1514778070858222,0.32103480429998643
T81__cat_trait_0,0.0006274516475572627,-0.01807830864721313,0.017110280425540213,NA,NA,NA
T81__pvr_0,-0.01638380413396028,-0.062431752354199885,0.008108755911668576,NA,NA,NA
T81__pvr_1,-0.005121205975570376,-0.06583883530675191,0.035238400973272646,NA,NA,NA
T81__time,-0.0002574110843368423,-0.008577347356553591,0.005950422275477894,NA,NA,NA
T82__cont_trait_0,0.003009401144905112,-0.0181037477974806,0.03841865890308438,0.29739604917926377,0.21738822418137396,0.41649691528800104
T82__cat_trait_0,0.0021501457649587747,-0.016095697689366202,0.02874540811257953,NA,NA,NA
T82__pvr_0,0.030192548762157836,-0.017110084842898478,0.11817807218362388,NA,NA,NA
T82__pvr_1,-0.003337642653756726,-0.02431249594558485,0.015890262263347138,NA,NA,NA
T82__time,-0.000839687293043156,-0.013832434687682957,0.006235514435343759,NA,NA,NA
T83__cont_trait_0,-0.002316193925421515,-0.02602024608135828,0.01464599904248391,0.2609036580349326,0.1767337255285567,0.3447498739746305
T83__cat_trait_0,0.0009314441926300467,-0.021398624588088236,0.023743200915936125,NA,NA,NA
T83__pvr_0,-0.014607650749289183,-0.05554306371911963,0.008384160104258735,NA,NA,NA
T83__pvr_1,0.011518694958085844,-0.027896376775692747,0.06994794716440468,NA,NA,NA
T83__time,-0.0008439198951145505,-0.00896944455263727,0.008484757946109589,NA,NA,NA
T85__cont_trait_0,0.0023412619660999993,-0.0292674023146908,0.0383443926193916,0.2678896280051242,0.18212551417129108,0.3538562332120666
T85__cat_trait_0,-0.0006619737379742715,-0.03389034850621301,0.039425680919390006,NA,NA,NA
T85__pvr_0,-0.008981774122662845,-0.03905333710319638,0.008280613874506196,NA,NA,NA
T85__pvr_1,0.009265339545996381,-0.02283147444317385,0.05427712630392066,NA,NA,NA
T85__time,-0.00029450910037697044,-0.010703081724308866,0.0053227398516949714,NA,NA,NA
T86__cont_trait_0,0.0017501932669162455,-0.036002256815353385,0.04474817665291422,0.2638572975558953,0.17520724181796365,0.3456297501010839
T86__cat_trait_0,-0.0005701589166450838,-0.038899010009746965,0.03200687392603368,NA,NA,NA
T86__pvr_0,-0.010751592852733066,-0.04684453565427758,0.0065403187512069055,NA,NA,NA
T86__pvr_1,0.007372113085319721,-0.023745730052352143,0.04935037958421208,NA,NA,NA
T86__time,-0.00016454048100438763,-0.010507414548337562,0.00664312569879133,NA,NA,NA
T87__cont_trait_0,0.0009379551426408691,-0.025634154670727688,0.026433078834924184,0.28819038934086433,0.2114499234405622,0.40877645177014593
T87__cat_trait_0,0.003817193010264532,-0.020563619891946397,0.03595905469798988,NA,NA,NA
T87__pvr_0,0.014116212391690216,-0.02053826021353336,0.08170781299787923,NA,NA,NA
T87__pvr_1,0.001742825607775915,-0.019403779972152452,0.03050699845489585,NA,NA,NA
T87__time,0.0013549197344508493,-0.010327331069690297,0.02122509095041121,NA,NA,NA
T88__cont_trait_0,-0.0018794492084900337,-0.029188846949313552,0.015440146545726981,0.26086669227520815,0.18138361286884225,0.33540557161714946
T88__cat_trait_0,0.0001748125739543473,-0.03609396214517126,0.03612969006483415,NA,NA,NA
T88__pvr_0,-0.010632315051416546,-0.043715790680111895,0.008763670903960574,NA,NA,NA
T88__pvr_1,0.007912498986128202,-0.028448980202594717,0.04779851152615951,NA,NA,NA
T88__time,-0.0009301384790097291,-0.012054919415028516,0.005987247946423302,NA,NA,NA
T91__cont_trait_0,-0.0006604409209570099,-0.02040298327113211,0.027626757859583868,0.2607196336488905,0.1297449123630412,0.34064091561131304
T91__cat_trait_0,0.0014825524022550071,-0.021265122786072677,0.022019468440882053,NA,NA,NA
T91__pvr_0,-0.014310199789713787,-0.051082247675118424,0.00895363266006284,NA,NA,NA
T91__pvr_1,0.011798504121745204,-0.02846104909988418,0.06913670215862137,NA,NA,NA
T91__time,-0.003812065618480872,-0.04863976007966769,0.02110718588008967,NA,NA,NA
T95__cont_trait_0,0.002714094912745113,-0.031939393188820206,0.059490131760910114,0.26594876493093245,0.1954964306449879,0.3659314332410448
T95__cat_trait_0,-0.00043611414605086685,-0.033972148244416425,0.030698938663214437,NA,NA,NA
T95__pvr_0,-0.013127491986020767,-0.05454710383456106,0.007957099056015285,NA,NA,NA
T95__pvr_1,0.011072126593565422,-0.03341107477255029,0.06288492952809417,NA,NA,NA
T95__time,-0.0004951338973483494,-0.009699525028777356,0.005610200863468334,NA,NA,NA
T96__cont_trait_0,-0.0035042215326688,-0.02849831763259046,0.01875568888933665,0.2519135462120821,0.18020478678476348,0.3264969925742981
T96__cat_trait_0,0.000699599579859301,-0.025911315853764577,0.023035149438805302,NA,NA,NA
T96__pvr_0,-0.007082681678121235,-0.030101199485737404,0.007669576639949771,NA,NA,NA
T96__pvr_1,-0.00226596206551115,-0.03215804620880886,0.021351202191259563,NA,NA,NA
T96__time,-0.0021544715455179475,-0.020765253704007676,0.006301622054631098,NA,NA,NA
T97__cont_trait_0,-2.209042941468369e-05,-0.02317181429165182,0.026487994327652302,0.28473252042998826,0.21672853322087848,0.38989568397484353
T97__cat_trait_0,0.0034383561924180217,-0.021106292872485374,0.03450149131952136,NA,NA,NA
T97__pvr_0,0.012625804264241987,-0.02159613059417577,0.07051596444372453,NA,NA,NA
T97__pvr_1,0.0021617348837023004,-0.019453308194386898,0.03612213588150534,NA,NA,NA
T97__time,0.00030743206499874516,-0.011341141686866493,0.013599509393449088,NA,NA,NA
T98__cont_trait_0,0.009705445413299681,-0.048611219321139036,0.07442760826990454,0.2818296474692576,0.18542235989851627,0.4250023896101242
T98__cat_trait_0,0.0006987699057208894,-0.02293275025600469,0.02512191328850047,NA,NA,NA
T98__pvr_0,-0.01153046670012139,-0.053170748088539756,0.007044051550776836,NA,NA,NA
T98__pvr_1,0.01729283194837853,-0.029808444481983887,0.07823465472226335,NA,NA,NA
T98__time,-0.0005582165520620349,-0.014183484401084467,0.005806808877165948,NA,NA,NA
T100__cont_trait_0,-0.0008204501114711397,-0.028966268999466502,0.02162408668040163,0.24470755482602144,0.13564458559395742,0.32486302035406206
T100__cat_trait_0,0.00024763404302392063,-0.03467522982222941,0.035885157055086464,NA,NA,NA
T100__pvr_0,-0.01140007281676732,-0.047728882980823006,0.006414125293367157,NA,NA,NA
T100__pvr_1,-0.008312325643848456,-0.04803463428031835,0.02215477202227402,NA,NA,NA
T100__time,-0.0012285140989575173,-0.0121211315880351,0.0055062232698720875,NA,NA,NA
T101__cont_trait_0,0.0004653381356313217,-0.027337366552788935,0.03537671503764983,0.27992500869580283,0.20954295903266618,0.3674902810449071
T101__cat_trait_0,0.0029285716678804346,-0.022202195766440377,0.03196602303779038,NA,NA,NA
T101__pvr_0,0.009658217100477201,-0.017575482649354462,0.0627080468715508,NA,NA,NA
T101__pvr_1,0.0021448777870088157,-0.021046715110148426,0.02736350583869869,NA,NA,NA
T101__time,-0.0014932794492368633,-0.012167892242823719,0.006948800584327425,NA,NA,NA
T102__cont_trait_0,-0.00012016870145436007,-0.022966665359050537,0.020319766087504413,0.26592815213633797,0.19263916468289627,0.3426446008021366
T102__cat_trait_0,-0.00026468361137535576,-0.030684606348615424,0.040378450814930376,NA,NA,NA
T102__pvr_0,-0.012844880200576964,-0.053635169801571334,0.009568953470244695,NA,NA,NA
T102__pvr_1,0.013629047516164299,-0.029891487643863277,0.07031864250673035,NA,NA,NA
T102__time,-0.0006924463204615852,-0.01116924450005169,0.005635394109211975,NA,NA,NA
T103__cont_trait_0,0.0015328275935218704,-0.014201982654704577,0.021477915958793475,0.2587600541907928,0.1691611560817697,0.34425128854474646
T103__cat_trait_0,0.0008086278285141733,-0.019595615538002452,0.020175453887187153,NA,NA,NA
T103__pvr_0,-0.015352019827687281,-0.06353691653049962,0.01304646366925289,NA,NA,NA
T103__pvr_1,0.0066835254272924,-0.05208804310248319,0.07889184306785164,NA,NA,NA
T103__time,-0.001134190284890276,-0.010637778105434058,0.003041492040262217,NA,NA,NA
T104__cont_trait_0,0.008643014307908606,-0.03227431000826324,0.06829579157812403,0.27851217601445755,0.18372794703804207,0.3865671547351819
T104__cat_trait_0,0.0004720686867752185,-0.035254429065173745,0.037885244609137364,NA,NA,NA
T104__pvr_0,-0.007778810210061452,-0.03769947561084568,0.008616281250312427,NA,NA,NA
T104__pvr_1,0.011305779838154749,-0.023554668236357316,0.0651372610876911,NA,NA,NA
T104__time,-0.00035116006236150874,-0.010563778084865985,0.005761966924816175,NA,NA,NA
T105__cont_trait_0,0.005296610064354025,-0.025663049594184015,0.04627125489791263,0.3014352619234848,0.20997090676695668,0.4156120624898419
T105__cat_trait_0,0.002077073454683428,-0.014144903200840248,0.031034589062202134,NA,NA,NA
T105__pvr_0,0.03205868419383533,-0.01859726462327703,0.12236004413804713,NA,NA,NA
T105__pvr_1,-0.0027312511874756163,-0.024479220995960366,0.014399154952474291,NA,NA,NA
T105__time,-0.001487138055954308,-0.013239344428250921,0.004076612134046989,NA,NA,NA
T106__cont_trait_0,0.010254105410853448,-0.032432812639136915,0.07772254564785767,0.2818672805926273,0.1846667894633875,0.38802726993626724
T106__cat_trait_0,0.0009005396386135538,-0.03506103122227663,0.03966184239584496,NA,NA,NA
T106__pvr_0,-0.007331652202868865,-0.037730454935314434,0.008479275832235365,NA,NA,NA
T106__pvr_1,0.011989706250347624,-0.023925871903576985,0.07152451547236438,NA,NA,NA
T106__time,-0.00016670195836041368,-0.01004515335789595,0.00832484396212486,NA,NA,NA
T107__cont_trait_0,0.0043323115620902035,-0.016476934506086206,0.0364668822220361,0.26272282302083383,0.17271771658291235,0.3480451648903899
T107__cat_trait_0,0.001029480150673096,-0.018301800699424796,0.02337983793742683,NA,NA,NA
T107__pvr_0,-0.014690139523116602,-0.06226224206498657,0.010167930519992867,NA,NA,NA
T107__pvr_1,0.0070888661367577415,-0.056005198996583606,0.07455181089879742,NA,NA,NA
T107__time,-0.001258978759612544,-0.010766776242209786,0.0050552846994565415,NA,NA,NA
T109__cont_trait_0,0.0031119281863855645,-0.035480130067330674,0.042709423760839346,0.2652054295174329,0.17103742649263692,0.3481316611916945
T109__cat_trait_0,0.0003455190257380207,-0.03984241919593541,0.04491465936690285,NA,NA,NA
T109__pvr_0,-0.005616930284835095,-0.033227137221461,0.00988728095075557,NA,NA,NA
T109__pvr_1,0.0024221543853548628,-0.01846528988842261,0.03350478321811033,NA,NA,NA
T109__time,-0.0012785252492523644,-0.011797115631053776,0.00507595334239809,NA,NA,NA
T112__cont_trait_0,0.0020597684174709125,-0.026557266653502606,0.03848240542962952,0.28943926477203125,0.20746801805684081,0.4116979333345834
T112__cat_trait_0,0.0036653535231896133,-0.017303210280780898,0.04144009217361452,NA,NA,NA
T112__pvr_0,0.013977749515319765,-0.02250619113184038,0.07799484628784659,NA,NA,NA
T112__pvr_1,0.004360675469210389,-0.02171949305718389,0.03733808655419969,NA,NA,NA
T112__time,-0.0008455656072013888,-0.013243598861429833,0.010338213267734625,NA,NA,NA
T113__cont_trait_0,0.0021636665161467,-0.03033858095691315,0.04638564180828065,0.26459475816024,0.18225517407124392,0.34487355510700723
T113__cat_trait_0,-0.0004798991759436755,-0.03610738053520979,0.02929790957422044,NA,NA,NA
T113__pvr_0,-0.013340431695281983,-0.05603619698318631,0.00887712963725,NA,NA,NA
T113__pvr_1,0.011410760213063137,-0.028275042533445136,0.06712890825868492,NA,NA,NA
T113__time,-0.001380621151786201,-0.011385262814674346,0.00559566696549417,NA,NA,NA
T115__cont_trait_0,0.000200392733545129,-0.02761446467621185,0.02844565160052772,0.2792915919674993,0.2129632256401579,0.3650690529610162
T115__cat_trait_0,0.002932727375587857,-0.019380590357538044,0.033333528276504806,NA,NA,NA
T115__pvr_0,0.01005921158415538,-0.014171613614504128,0.06638610061765673,NA,NA,NA
T115__pvr_1,0.0020943879868275993,-0.02106456974693821,0.028431730881636808,NA,NA,NA
T115__time,-0.0022164111666585704,-0.01640731927044793,0.005901079696670461,NA,NA,NA
T117__cont_trait_0,0.011242297417017863,-0.07070331573367566,0.07891714538010385,0.28853364866393033,0.18942034173151287,0.43257220678343344
T117__cat_trait_0,0.0017767324988890796,-0.03245166977533012,0.04338496135175955,NA,NA,NA
T117__pvr_0,0.005673650120341307,-0.01730733160184196,0.03914436919258124,NA,NA,NA
T117__pvr_1,0.0047052523435288,-0.01879031848958005,0.033349651855581225,NA,NA,NA
T117__time,-0.0010855671698886162,-0.01047984095025152,0.00629970428089191,NA,NA,NA
T118__cont_trait_0,-0.00041280481926797075,-0.01940560513438907,0.018713414876973953,0.26455591789634614,0.19213514520338332,0.3421327040592423
T118__cat_trait_0,-0.00036429599127476344,-0.031750500957452146,0.03840659471207636,NA,NA,NA
T118__pvr_0,-0.014244569958160475,-0.0636596834343647,0.0075194984420727945,NA,NA,NA
T118__pvr_1,0.014934434161392882,-0.03566435405713019,0.07679432752695994,NA,NA,NA
T118__time,-0.0015781289503854735,-0.013150800016972539,0.005202921764805066,NA,NA,NA
T119__cont_trait_0,0.007526439576948444,-0.031930976733173744,0.07715645249160862,0.2771648713993677,0.1565078780556373,0.36442627168189656
T119__cat_trait_0,0.0009691713316182855,-0.022500363182001867,0.021663000615133196,NA,NA,NA
T119__pvr_0,-0.012270721357858217,-0.050625112780500796,0.010243428659234,NA,NA,NA
T119__pvr_1,0.016250357970656153,-0.027152185564877696,0.07484510164346228,NA,NA,NA
T119__time,-0.0015316595760389363,-0.01536301079285081,0.005836083998605052,NA,NA,NA
T120__cont_trait_0,0.0016929004663011513,-0.018547352832932774,0.029676754600129897,0.29107158371151254,0.20257086541809072,0.3814509799862513
T120__cat_trait_0,-0.0022419450496890913,-0.03943115355648868,0.02486391070592435,NA,NA,NA
T120__pvr_0,0.030407926504398303,-0.015075928419936553,0.1226338351020094,NA,NA,NA
T120__pvr_1,-0.0031760286459424046,-0.02359331041058528,0.01355786346202223,NA,NA,NA
T120__time,-0.0018325530175973537,-0.016524366452926986,0.004326132110865043,NA,NA,NA
T121__cont_trait_0,0.001924632644291389,-0.028718000085943468,0.03890559532855917,0.2552410631636405,0.17794178266846972,0.32753672729588107
T121__cat_trait_0,0.0012114966867838952,-0.024856056635521998,0.023312911594357888,NA,NA,NA
T121__pvr_0,-0.010641643264394674,-0.04311029329442195,0.006747656031387439,NA,NA,NA
T121__pvr_1,0.0004204672802302764,-0.024391551545044125,0.029295034605407562,NA,NA,NA
T121__time,-0.003895173637312335,-0.025318967666244765,0.00754244782600598,NA,NA,NA
T122__cont_trait_0,-0.0020335977187244834,-0.02987399034504905,0.01885464525638265,0.25425627655632715,0.14888497440651527,0.3300624215888972
T122__cat_trait_0,0.0005322194266426924,-0.03718745159034104,0.04612825928825195,NA,NA,NA
T122__pvr_0,-0.00837239378860697,-0.04042991891265032,0.008299979907517421,NA,NA,NA
T122__pvr_1,0.00046896831133924486,-0.023002550017782793,0.027895785423671715,NA,NA,NA
T122__time,-0.0025602031283652096,-0.01843997232783079,0.005292879125369472,NA,NA,NA
T123__cont_trait_0,-0.0023239806185186155,-0.03031985855081298,0.03126265934828377,0.2804094484665033,0.21334049835257454,0.37554151714796064
T123__cat_trait_0,-0.0028377901447166043,-0.036931082186512434,0.02193012167613538,NA,NA,NA
T123__pvr_0,0.025626118183298408,-0.019107200815344713,0.10093147522752864,NA,NA,NA
T123__pvr_1,-0.004284621125902885,-0.027962591439831735,0.009106471531335855,NA,NA,NA
T123__time,-0.0019915612816989066,-0.017087718030132718,0.0065061772923103445,NA,NA,NA
T124__cont_trait_0,-0.0018531767236677306,-0.03148546186473819,0.03233570072212632,0.28095202716247647,0.2158373955807799,0.3801865642777928
T124__cat_trait_0,-0.002659077142016944,-0.03404631143730002,0.0239641535692708,NA,NA,NA
T124__pvr_0,0.02533223853990289,-0.01668615212471889,0.10086039369735887,NA,NA,NA
T124__pvr_1,-0.004350163621486597,-0.028827886037368605,0.009163394715930126,NA,NA,NA
T124__time,-0.0017390773442970406,-0.013586467408755104,0.006223481139082734,NA,NA,NA
T125__cont_trait_0,0.0024511760852900296,-0.03261026847680257,0.0500150400422743,0.2633975206294364,0.17657691776645473,0.3489776782485768
T125__cat_trait_0,-0.0006406024110029802,-0.03562402205972319,0.02649198338434061,NA,NA,NA
T125__pvr_0,-0.013655369264940648,-0.056245360601713534,0.008872213051725593,NA,NA,NA
T125__pvr_1,0.011764424166930975,-0.026839274969619825,0.07011760682082614,NA,NA,NA
T125__time,-0.0027433914008828846,-0.021751055087670654,0.008212896702346206,NA,NA,NA
T126__cont_trait_0,-0.0009252292724728665,-0.030804546402608483,0.02277189420763818,0.2496199228856541,0.16407973877504026,0.32551240587032626
T126__cat_trait_0,0.0008567957854476309,-0.019851485747958933,0.016771039079402895,NA,NA,NA
T126__pvr_0,-0.016504266260165695,-0.06589567075550276,0.009774088770893488,NA,NA,NA
T126__pvr_1,0.0018860127797134466,-0.057737299604424044,0.061786648185896666,NA,NA,NA
T126__time,-0.0019146736009103466,-0.0110955595296603,0.006145121042612334,NA,NA,NA
T127__cont_trait_0,0.0002485778561191263,-0.018027834757946986,0.01716759117293266,0.2957450859316863,0.21892841180681002,0.3946053948002563
T127__cat_trait_0,0.002736314585469135,-0.018885381479344446,0.025258602737064872,NA,NA,NA
T127__pvr_0,0.03222469276510952,-0.023667792747515,0.11412053527928671,NA,NA,NA
T127__pvr_1,-0.0034246411047854086,-0.02457130960009473,0.015131500287959343,NA,NA,NA
T127__time,-0.002261141624268048,-0.01672732447819797,0.00818320430919095,NA,NA,NA
T128__cont_trait_0,-0.0013033396402185341,-0.024443836067315705,0.016779606034769842,0.26249500208365123,0.1778596112122691,0.3306659861101619
T128__cat_trait_0,0.00031166147949526085,-0.03307176133468814,0.03753854939084741,NA,NA,NA
T128__pvr_0,-0.01336089841836579,-0.05716082368455219,0.007950000486421673,NA,NA,NA
T128__pvr_1,0.012766502390028701,-0.029475770719310304,0.06462911204537516,NA,NA,NA
T128__time,-0.002140207181330358,-0.01535324574632771,0.007341293742789537,NA,NA,NA
T129__cont_trait_0,0.007300004528176859,-0.04028283596660531,0.0688136825284828,0.3038629192772957,0.2174791949592845,0.4427197357116408
T129__cat_trait_0,0.0015547494383015997,-0.01916026501295634,0.022128880791980908,NA,NA,NA
T129__pvr_0,0.03279251462192295,-0.02350926781856963,0.13151943253164652,NA,NA,NA
T129__pvr_1,-0.002233805252010332,-0.02616540132320984,0.015470394119045189,NA,NA,NA
T129__time,-0.001771827513137285,-0.014761528648105662,0.00608602937528932,NA,NA,NA
T130__cont_trait_0,0.007175544198423115,-0.039137129697655156,0.06534392961060256,0.3038888463142634,0.21765465886546148,0.4440020078306031
T130__cat_trait_0,0.001642710026394607,-0.0185900914830478,0.023181263570578176,NA,NA,NA
T130__pvr_0,0.032754050199910435,-0.02326744161150282,0.13246155224893288,NA,NA,NA
T130__pvr_1,-0.0021262316353805703,-0.028010557796353155,0.013172378035680665,NA,NA,NA
T130__time,-0.0017785099291261367,-0.013495716098971627,0.006781900782982103,NA,NA,NA
T132__cont_trait_0,0.0032114926118031115,-0.040474538663323116,0.05696417033903843,0.2559551256893349,0.15432733124298403,0.3383599379545821
T132__cat_trait_0,0.0007309692656836172,-0.017164137079940932,0.016587448878112115,NA,NA,NA
T132__pvr_0,-0.014487819094714319,-0.059696794734408004,0.011433276239318058,NA,NA,NA
T132__pvr_1,0.002115752082403125,-0.0547714346704547,0.06556990164438287,NA,NA,NA
T132__time,-0.0018365526298825955,-0.013461834891590307,0.00528714682481915,NA,NA,NA
T133__cont_trait_0,0.005901942800979059,-0.029145007437185788,0.05660061064193931,0.2727368462205129,0.18714240966096526,0.3605573205209465
T133__cat_trait_0,0.00022011967072267836,-0.030254861624417068,0.03394517577833467,NA,NA,NA
T133__pvr_0,-0.012240435341862066,-0.05124733238643801,0.009638814390220116,NA,NA,NA
T133__pvr_1,0.014071120278647181,-0.030454193524481005,0.07288685476544525,NA,NA,NA
T133__time,-0.001437184642015898,-0.01242510963068219,0.007154797161140161,NA,NA,NA
T134__cont_trait_0,-0.0007725621311367118,-0.030498543570259953,0.03005770919685623,0.2409362095965004,0.142351663708283,0.32355473991093253
T134__cat_trait_0,0.0005260755114787771,-0.019164484081794865,0.02305763223762198,NA,NA,NA
T134__pvr_0,-0.013478154120811133,-0.04781520727164988,0.006788703110863298,NA,NA,NA
T134__pvr_1,-0.007176879056287575,-0.035686985623603965,0.009772013535974046,NA,NA,NA
T134__time,-0.004383554060784904,-0.025516699900989138,0.007226978655979297,NA,NA,NA
T135__cont_trait_0,0.0015338473111856494,-0.035771300009928626,0.042997424895345054,0.2875984490611166,0.2067452293995504,0.3845567680715662
T135__cat_trait_0,-0.0012973163897318522,-0.037583489393157504,0.025722755909850653,NA,NA,NA
T135__pvr_0,0.025484331517739496,-0.012867258590365027,0.10438444886921926,NA,NA,NA
T135__pvr_1,-0.002916068222371719,-0.022761125494908163,0.010253894265024543,NA,NA,NA
T135__time,-0.0014276286097469632,-0.01312624954558557,0.006239332421951694,NA,NA,NA
T136__cont_trait_0,0.004532267942867155,-0.022071976908521355,0.04156106271442013,0.29548607122539466,0.2041169580599336,0.4032649516093951
T136__cat_trait_0,-0.001921110373634901,-0.032877828249441424,0.0318434785950297,NA,NA,NA
T136__pvr_0,0.031877206893229856,-0.01273403631348613,0.12971185650717612,NA,NA,NA
T136__pvr_1,-0.00321221758697387,-0.023964567941331033,0.014535636779935135,NA,NA,NA
T136__time,-0.002011359104135467,-0.01603451249143066,0.0066346728723972875,NA,NA,NA
T137__cont_trait_0,0.0005790694973006818,-0.0191665755397422,0.01794038938704682,0.2550924007790269,0.1665575151755238,0.3332322271402075
T137__cat_trait_0,0.0009120710522476734,-0.018727768841915363,0.02138714740655403,NA,NA,NA
T137__pvr_0,-0.015647245289987427,-0.06533978200276049,0.009142312725577181,NA,NA,NA
T137__pvr_1,0.00533748507501611,-0.05489244508962664,0.07492243818752571,NA,NA,NA
T137__time,-0.002310263009592067,-0.013541614292704514,0.0071199268110531955,NA,NA,NA
T138__cont_trait_0,-0.0015277661476303152,-0.018859387281196745,0.013421841424692334,0.2842056542732019,0.20414904651506943,0.3645967997338178
T138__cat_trait_0,-0.0028752080678168053,-0.036424770030211606,0.02445723723109261,NA,NA,NA
T138__pvr_0,0.029137718333274564,-0.01892900385313729,0.11043785378340228,NA,NA,NA
T138__pvr_1,-0.004322996208482367,-0.028213971547416117,0.011097839212889898,NA,NA,NA
T138__time,-0.0024273770901851116,-0.01783981577867201,0.005863109336215651,NA,NA,NA
T140__cont_trait_0,0.002828395570115051,-0.03372045768996252,0.04357055900457694,0.2565817707489862,0.17800006671307178,0.32904713511842776
T140__cat_trait_0,0.0013206938759926193,-0.02058720625564434,0.027203047731395404,NA,NA,NA
T140__pvr_0,-0.009899245717880542,-0.04060776857100778,0.006495652060821408,NA,NA,NA
T140__pvr_1,0.0003059965883289948,-0.023809815955419977,0.027494994817124183,NA,NA,NA
T140__time,-0.004195353021611846,-0.027826794289536834,0.007650169845202476,NA,NA,NA
T141__cont_trait_0,0.005634342996577712,-0.02666645616013734,0.04068577519072004,0.2629387761078072,0.1785026825259018,0.35439380441504936
T141__cat_trait_0,0.0010806751726347098,-0.018260627773661123,0.019860785839514686,NA,NA,NA
T141__pvr_0,-0.014470525162708971,-0.05942054017116415,0.012330353448791131,NA,NA,NA
T141__pvr_1,0.006731544365444461,-0.04845427469566484,0.08551758318508901,NA,NA,NA
T141__time,-0.002258544718182619,-0.016514457784188565,0.006237520553565273,NA,NA,NA
T143__cont_trait_0,0.012918663599899344,-0.03169283617670328,0.09544511056323765,0.28182679739243377,0.18629957947518133,0.4091501571130278
T143__cat_trait_0,0.0034048708771866262,-0.03297047514972136,0.06039045352245219,NA,NA,NA
T143__pvr_0,-0.004085924111598402,-0.032217838641653854,0.013463560847495504,NA,NA,NA
T143__pvr_1,0.005228005770511632,-0.012997981959798975,0.041112365419003295,NA,NA,NA
T143__time,-0.0018601021976073146,-0.020787235749257046,0.00965305847905766,NA,NA,NA
T145__cont_trait_0,-0.0035019614640972355,-0.02978045788795641,0.014124999502517334,0.279602026937104,0.20734770505872274,0.3611148061908369
T145__cat_trait_0,-0.0032639402201281396,-0.03494053950950124,0.022152018663363186,NA,NA,NA
T145__pvr_0,0.027374120477938708,-0.022207454827955414,0.10073170562504072,NA,NA,NA
T145__pvr_1,-0.004731379165614436,-0.029726511472139658,0.008887876762746022,NA,NA,NA
T145__time,-0.002496096145036781,-0.02091204412550944,0.006859948454672693,NA,NA,NA
T146__cont_trait_0,-0.0014638063758972849,-0.01964879226480115,0.014946719734541328,0.2948000294652872,0.2126529835642114,0.3865888811107176
T146__cat_trait_0,0.0032299830232260986,-0.015745983986623996,0.03142040175512435,NA,NA,NA
T146__pvr_0,0.03235756213823058,-0.016712635906304243,0.12543048093042897,NA,NA,NA
T146__pvr_1,-0.003001266258989008,-0.024195582357329645,0.01280410745368396,NA,NA,NA
T146__time,-0.002543726515325127,-0.01838724721791611,0.010081653364151844,NA,NA,NA
T147__cont_trait_0,0.008919824493447711,-0.04669238930249031,0.06534794901465182,0.3040774494447548,0.20363314356545942,0.45666317066768247
T147__cat_trait_0,1.3455300535284006e-05,-0.038988666595820995,0.025010432666565385,NA,NA,NA
T147__pvr_0,0.03117890850386516,-0.03012786599745214,0.13086219247829783,NA,NA,NA
T147__pvr_1,-0.0006113756634293329,-0.020100871602671627,0.013120488623509063,NA,NA,NA
T147__time,-0.00164464664370599,-0.01643153088908081,0.0072380049645686395,NA,NA,NA
T148__cont_trait_0,0.00909365772783584,-0.04167393727283518,0.0677369231815028,0.30474269517638936,0.20246825451535067,0.45961972731457224
T148__cat_trait_0,-0.0003314938923635849,-0.036872822045373316,0.023371930462507906,NA,NA,NA
T148__pvr_0,0.03200355726422745,-0.027871265143742642,0.13488876399466143,NA,NA,NA
T148__pvr_1,-0.0005661976903820927,-0.020356541827645208,0.014831017495554849,NA,NA,NA
T148__time,-0.0016781116869701445,-0.01503735952438967,0.007430287696414045,NA,NA,NA
T149__cont_trait_0,-0.0019663919638835095,-0.0317758372626739,0.01705522403276281,0.29308349700247127,0.20854713111418965,0.3835317135196879
T149__cat_trait_0,0.0033218622470283644,-0.012884061907775496,0.030563285623052952,NA,NA,NA
T149__pvr_0,0.03168149545755785,-0.01761101748067817,0.11615118161398999,NA,NA,NA
T149__pvr_1,-0.0038468675778482145,-0.026443049732182797,0.012517309585774294,NA,NA,NA
T149__time,-0.0023278846144251268,-0.01908890950518248,0.009412229749549597,NA,NA,NA
T150__cont_trait_0,0.0006973705679819703,-0.028868118772558456,0.03575158651136296,0.2594161626838318,0.1680742026998125,0.33895060257785586
T150__cat_trait_0,0.0006409451862251519,-0.040129863549831155,0.044422029538986114,NA,NA,NA
T150__pvr_0,-0.006732535409244799,-0.03566028605908521,0.01004755768645084,NA,NA,NA
T150__pvr_1,0.0017843398722439691,-0.02352308617465017,0.02654886022269981,NA,NA,NA
T150__time,-0.0031952409874164553,-0.026279180347238335,0.008696212727561152,NA,NA,NA
T151__cont_trait_0,-0.001875865705260703,-0.03388088055200717,0.02916620767586006,0.28057248904687415,0.21445094879974072,0.3751120717033124
T151__cat_trait_0,-0.0028061869199656336,-0.0341034495174033,0.023499138612603283,NA,NA,NA
T151__pvr_0,0.025514720697185772,-0.016713816469152466,0.10216327890301825,NA,NA,NA
T151__pvr_1,-0.0043812955766964,-0.028123655761142508,0.009205663953031212,NA,NA,NA
T151__time,-0.0021001669024307917,-0.01830978180576022,0.0070979328354741356,NA,NA,NA
T152__cont_trait_0,0.010619962903472295,-0.03521366637379709,0.08148184476153744,0.2797605783581777,0.1797332394077403,0.38503111593363926
T152__cat_trait_0,0.0011680323460198996,-0.027384445291129864,0.04018912197505151,NA,NA,NA
T152__pvr_0,-0.011399299290404898,-0.0520684302956583,0.010903878406679127,NA,NA,NA
T152__pvr_1,0.015271921317663183,-0.031934430571792995,0.07845227694620663,NA,NA,NA
T152__time,-0.0021213223726147218,-0.02166174286777736,0.007271876670202487,NA,NA,NA
T153__cont_trait_0,-0.002409771413653081,-0.04456754178931629,0.030057070105210682,0.24348653543512788,0.1473214028218841,0.3232328376079326
T153__cat_trait_0,0.0008125307178513021,-0.020925051552466212,0.01424314191689327,NA,NA,NA
T153__pvr_0,-0.017150771298014865,-0.06614546726631773,0.010326550045326607,NA,NA,NA
T153__pvr_1,-0.0016479087161777848,-0.0684619191662118,0.046740755908502074,NA,NA,NA
T153__time,-0.0023388273089196055,-0.017659865569916736,0.006161410991485636,NA,NA,NA
T154__cont_trait_0,9.865065768892639e-05,-0.029319211028395117,0.03463179078792934,0.2757590203424994,0.2149768940280236,0.3665853088087432
T154__cat_trait_0,0.0027159818603157463,-0.0213815295444567,0.028475004643703075,NA,NA,NA
T154__pvr_0,0.008364180823915534,-0.01826471688030104,0.0548042515642433,NA,NA,NA
T154__pvr_1,0.002542394435922646,-0.017443688810658886,0.03199270769761331,NA,NA,NA
T154__time,-0.004183470889385396,-0.02699833580234652,0.009879775382044126,NA,NA,NA
T155__cont_trait_0,-0.002332468435365568,-0.01990448933268897,0.01285279555393715,0.2826337776297692,0.20875888836390694,0.367896522153504
T155__cat_trait_0,-0.003074193870549452,-0.03768569282491682,0.023795160916766783,NA,NA,NA
T155__pvr_0,0.02869386590426612,-0.02319829177582134,0.10779109005638707,NA,NA,NA
T155__pvr_1,-0.004236769646191024,-0.028156500222553005,0.00960990053096765,NA,NA,NA
T155__time,-0.002637939776432731,-0.020794736207592188,0.00761231119361544,NA,NA,NA
T157__cont_trait_0,-0.0006701407777703942,-0.03391456067200352,0.030980089351812852,0.2940569525489692,0.2142829116176601,0.40021092258224605
T157__cat_trait_0,0.0030658301471465817,-0.015674070422661765,0.029668885968490544,NA,NA,NA
T157__pvr_0,0.030191884120568696,-0.020467155939628737,0.11788514696508903,NA,NA,NA
T157__pvr_1,-0.0027395524081724916,-0.02172664440765995,0.010194810429891357,NA,NA,NA
T157__time,-0.0020123519868451706,-0.02052697630766863,0.010991255099553635,NA,NA,NA
T158__cont_trait_0,-0.0022433721540640423,-0.029304494327205572,0.01574184170444449,0.2662934837714875,0.17017450208078153,0.353168123927552
T158__cat_trait_0,-0.0024142875528595205,-0.04534366827464571,0.030152619998648475,NA,NA,NA
T158__pvr_0,0.006833451003297974,-0.024531451468141383,0.050025876766555386,NA,NA,NA
T158__pvr_1,0.0016795262805286437,-0.025926190559941845,0.028407014623929056,NA,NA,NA
T158__time,-0.0037831172594575218,-0.029174590018322517,0.009532698673666143,NA,NA,NA
T159__cont_trait_0,0.005195854117291369,-0.020299788683403968,0.04006697434754168,0.2623198911305893,0.17809648383243742,0.3508047045165149
T159__cat_trait_0,0.0009765896748176023,-0.01950782115864494,0.01944460046656117,NA,NA,NA
T159__pvr_0,-0.014492833633680022,-0.05949638035728903,0.01215805571420124,NA,NA,NA
T159__pvr_1,0.007199872400163459,-0.064918849821194,0.07317670748818914,NA,NA,NA
T159__time,-0.0027808748820450577,-0.018444219926302324,0.009419037607543264,NA,NA,NA
T160__cont_trait_0,0.0025505027772685825,-0.05105635142443728,0.05695817695666633,0.25190047504054613,0.14975243932203777,0.34311836432507004
T160__cat_trait_0,0.0008869876861499398,-0.018312166625083892,0.015478873028482984,NA,NA,NA
T160__pvr_0,-0.014045955353883694,-0.05835114286694293,0.011168865025391411,NA,NA,NA
T160__pvr_1,-0.0007587288379000745,-0.05763316899639935,0.046826543619302274,NA,NA,NA
T160__time,-0.0029536146851304886,-0.022972961987702344,0.0061433097767028405,NA,NA,NA
T161__cont_trait_0,-0.0012236637376266458,-0.02138578102173396,0.017878394319693153,0.2637205036977637,0.17800295184506798,0.3615299218198941
T161__cat_trait_0,0.0013594794921401208,-0.020552704451829017,0.025922591795967675,NA,NA,NA
T161__pvr_0,-0.014221541897044426,-0.05597719134752673,0.010204142860756937,NA,NA,NA
T161__pvr_1,0.014607610252401614,-0.029920707988762354,0.07172221351177764,NA,NA,NA
T161__time,-0.0030226638661489036,-0.02548910360031808,0.008783256258089275,NA,NA,NA
T162__cont_trait_0,0.0022631784469142584,-0.04591900858261648,0.0569272201816073,0.2934975571558691,0.1980953366723067,0.40725477170675006
T162__cat_trait_0,0.0015631589439197952,-0.01643494781793267,0.023365369785040044,NA,NA,NA
T162__pvr_0,0.02827245559122335,-0.015689670574729433,0.11703116449058422,NA,NA,NA
T162__pvr_1,-0.0031159928294103387,-0.024816726549187373,0.011081819363688336,NA,NA,NA
T162__time,-0.0017065264508199114,-0.024327210898268628,0.007388823032179942,NA,NA,NA
T163__cont_trait_0,0.0033032190129780787,-0.0384012789044359,0.04842697617501415,0.28941542066892917,0.21335952175730882,0.4001987880750758
T163__cat_trait_0,-0.0007403992329780385,-0.036544437998753204,0.02745762179750371,NA,NA,NA
T163__pvr_0,0.025306416751109756,-0.013423007159159242,0.1030023459403622,NA,NA,NA
T163__pvr_1,-0.002807904173578815,-0.023718202500647205,0.009847692246223769,NA,NA,NA
T163__time,-0.0018671951426437617,-0.018177246435907596,0.009160002238676482,NA,NA,NA
T164__cont_trait_0,0.000986591676011282,-0.02687447025097909,0.02954689994939268,0.28244793731276996,0.19432105982142184,0.37409212371399736
T164__cat_trait_0,0.00334951459484399,-0.022346361155641106,0.03209134294299208,NA,NA,NA
T164__pvr_0,0.011375747988552225,-0.0154475533972563,0.06668304786576482,NA,NA,NA
T164__pvr_1,0.004571251225746893,-0.021222657340472267,0.041335667792682496,NA,NA,NA
T164__time,-0.0040564516264263275,-0.03168492050342217,0.013207748938444855,NA,NA,NA
T165__cont_trait_0,0.002157223050388951,-0.012715477655317123,0.02709324614935285,0.2592350298871251,0.1545886791833006,0.34154399571050664
T165__cat_trait_0,0.0007970267494639526,-0.03506162854185679,0.028237637485793166,NA,NA,NA
T165__pvr_0,-0.014045526683794404,-0.064990273401678,0.008744610328857205,NA,NA,NA
T165__pvr_1,0.007253443341036881,-0.05631903148884471,0.07059220961286879,NA,NA,NA
T165__time,-0.003148420024012168,-0.02546883666821248,0.011771211736584603,NA,NA,NA
T166__cont_trait_0,-0.00023788049514409144,-0.03376479068740022,0.03731196125822135,0.2825690943309007,0.2118016458833073,0.3718312239440143
T166__cat_trait_0,-0.0023375558807208056,-0.036030974870471015,0.022139755995708055,NA,NA,NA
T166__pvr_0,0.025294726086046406,-0.01677390698515243,0.10066839280103426,NA,NA,NA
T166__pvr_1,-0.004095993733783459,-0.02649187220964569,0.008474962988076595,NA,NA,NA
T166__time,-0.002275485099539287,-0.02286356547545057,0.0083580370381207,NA,NA,NA
T168__cont_trait_0,0.00034770288956814915,-0.04102867247469569,0.03465932263981971,0.273910479250859,0.21059313998552306,0.3645767203732982
T168__cat_trait_0,0.002565404311134917,-0.02035427688633741,0.031119443219301053,NA,NA,NA
T168__pvr_0,0.006902350818683217,-0.016472515145817684,0.0537929547827533,NA,NA,NA
T168__pvr_1,0.0027826000596647255,-0.017453469688035184,0.032275971015228944,NA,NA,NA
T168__time,-0.00490886228223391,-0.035009441722463716,0.012723006936619083,NA,NA,NA
T169__cont_trait_0,0.009507775835057696,-0.03449633168409474,0.062238375736932736,0.3046365619263994,0.20509062525415642,0.4481454630245202
T169__cat_trait_0,-0.0009185115725397798,-0.03189732351349446,0.028461189152950622,NA,NA,NA
T169__pvr_0,0.034298609584947744,-0.028923533482649144,0.13069531011145627,NA,NA,NA
T169__pvr_1,-0.002333049801492446,-0.024319796809400177,0.012016016537866478,NA,NA,NA
T169__time,-0.0021395455736157257,-0.020650923111141667,0.012992751483881529,NA,NA,NA
T170__cont_trait_0,-0.0004980290891517327,-0.026927045182108075,0.019665902698974454,0.23901297107669642,0.13238038128279878,0.3149825222769141
T170__cat_trait_0,0.0010305268163363999,-0.020128711699276845,0.020824846570142448,NA,NA,NA
T170__pvr_0,-0.01532726894285901,-0.05436432404372348,0.01054265009929338,NA,NA,NA
T170__pvr_1,-0.006805766086360481,-0.03554448906803985,0.011319898142592572,NA,NA,NA
T170__time,-0.0056077750753106845,-0.037282689552346975,0.011686863865104688,NA,NA,NA
T172__cont_trait_0,-0.002747469589853481,-0.02073413631537699,0.013915445195452934,0.28126111790144714,0.21483340535665876,0.3704526789397424
T172__cat_trait_0,-0.0032564800737440625,-0.03473422219866647,0.02330289973154743,NA,NA,NA
T172__pvr_0,0.02859669344324804,-0.02194493412825288,0.10808610328296417,NA,NA,NA
T172__pvr_1,-0.004572050527970977,-0.026523704969493203,0.011340387209546075,NA,NA,NA
T172__time,-0.0029808588042743254,-0.024834013737469476,0.010527429993992851,NA,NA,NA
T173__cont_trait_0,0.004201751852605212,-0.019518695404179463,0.04107307954300557,0.2944972859434288,0.20605610761213322,0.4047014955304668
T173__cat_trait_0,-0.0021417325035269635,-0.03369555541097055,0.03165641199255289,NA,NA,NA
T173__pvr_0,0.03247578545414042,-0.01315881602445039,0.13130489571926546,NA,NA,NA
T173__pvr_1,-0.003560008361600322,-0.026397168827032816,0.013765347508148423,NA,NA,NA
T173__time,-0.0026997939522314667,-0.027446455250494287,0.009929665507144483,NA,NA,NA
T174__cont_trait_0,0.005715447589024663,-0.02110598849417013,0.04735158771510357,0.2971919549296552,0.2019668664166294,0.408653365814858
T174__cat_trait_0,-0.0019333329810039942,-0.03675788416249847,0.02648205311547991,NA,NA,NA
T174__pvr_0,0.03328584457736817,-0.013146482273843754,0.13391818616196133,NA,NA,NA
T174__pvr_1,-0.003318196620563268,-0.02462883926291491,0.014244208453006987,NA,NA,NA
T174__time,-0.002779091089212312,-0.029137189382651182,0.012844852493260617,NA,NA,NA
T177__cont_trait_0,-0.0017744644306328476,-0.029959877222047487,0.014014638537815278,0.2953645165904204,0.21163071176801995,0.38274702671859906
T177__cat_trait_0,0.003602579359138978,-0.015079151408042182,0.03048892561931206,NA,NA,NA
T177__pvr_0,0.03280859708586225,-0.016691198813538574,0.12108763567482415,NA,NA,NA
T177__pvr_1,-0.002989293943559463,-0.023420983720726124,0.00985015442495199,NA,NA,NA
T177__time,-0.002504184934430436,-0.024099667405543333,0.016935094097923042,NA,NA,NA
T179__cont_trait_0,0.0021609552012307074,-0.03506811606428823,0.04504485870202508,0.2869421098578347,0.21397413019563225,0.3901076006790434
T179__cat_trait_0,-0.0013593385532443944,-0.040087332231454664,0.021604978175182366,NA,NA,NA
T179__pvr_0,0.025370408601935898,-0.015533023333978421,0.10289374578891602,NA,NA,NA
T179__pvr_1,-0.0032203686561197457,-0.02325927330819727,0.010294080682140674,NA,NA,NA
T179__time,-0.0022308301900096947,-0.022774207192806442,0.012430323230295068,NA,NA,NA
T180__cont_trait_0,-0.002775968170644967,-0.019492679079515525,0.012939333412579909,0.28079614907328293,0.20729355980655859,0.3641904952416785
T180__cat_trait_0,-0.0034446212254495064,-0.0354482558593045,0.021477105981066877,NA,NA,NA
T180__pvr_0,0.028793040119887692,-0.02126880436079736,0.10770180460046826,NA,NA,NA
T180__pvr_1,-0.004658470431056318,-0.02698305857688707,0.011298131001305514,NA,NA,NA
T180__time,-0.0033391146734958834,-0.02837475714163648,0.014996915038159558,NA,NA,NA
T183__cont_trait_0,-0.0002388947883975466,-0.032162335623252325,0.03332630291068907,0.2937057400948263,0.22492671688018037,0.4175184701062161
T183__cat_trait_0,0.0031235884279093903,-0.013061654842476123,0.02829089200221019,NA,NA,NA
T183__pvr_0,0.030554870392562928,-0.01923782216143169,0.11594346175366224,NA,NA,NA
T183__pvr_1,-0.0038578771842942387,-0.023959600473326736,0.0126527179144727,NA,NA,NA
T183__time,-0.002097230206996183,-0.02789437572222775,0.013352854206249876,NA,NA,NA
T185__cont_trait_0,-0.0025125987817595837,-0.04930651166423887,0.03518480858507906,0.24203931905181972,0.14159999514604465,0.32176824460341236
T185__cat_trait_0,0.0007025766104635709,-0.021011726917031348,0.014216864483329025,NA,NA,NA
T185__pvr_0,-0.017039117932918797,-0.06681005736123317,0.008818955904592224,NA,NA,NA
T185__pvr_1,-0.0025801581102097644,-0.06435108160611264,0.049282795860233604,NA,NA,NA
T185__time,-0.0027526661877976507,-0.02363131075161024,0.011892233032117942,NA,NA,NA
T186__cont_trait_0,-0.0014653291625578554,-0.02254275501234724,0.014007560849569913,0.2961911998953963,0.21996261539106796,0.39202272762311907
T186__cat_trait_0,0.0035921587184469324,-0.016028640247017417,0.030336273222474203,NA,NA,NA
T186__pvr_0,0.033273725360727216,-0.01746785751828627,0.12355756500842673,NA,NA,NA
T186__pvr_1,-0.0029237336800129582,-0.024305270188322695,0.010688925605635322,NA,NA,NA
T186__time,-0.0025069047952489885,-0.028487877317561902,0.01634998138727816,NA,NA,NA
T187__cont_trait_0,-0.0018627434458125466,-0.020815792211102045,0.011894197788951129,0.28297806117044216,0.20946182988254342,0.3690587227908008
T187__cat_trait_0,-0.0032264306166690684,-0.03676511134017772,0.023582950482326358,NA,NA,NA
T187__pvr_0,0.02924502067548817,-0.016642981393999334,0.11390866755780818,NA,NA,NA
T187__pvr_1,-0.004281528058972577,-0.027677319081245988,0.010232557272280618,NA,NA,NA
T187__time,-0.0031175408376337946,-0.025535423508775745,0.014595671689677361,NA,NA,NA
T188__cont_trait_0,-0.0013177862069394901,-0.024815917060498054,0.0137883853150939,0.2607145019067717,0.17975245194989017,0.3349966455266902
T188__cat_trait_0,-3.5239896708538666e-05,-0.031792889260034776,0.03631281915012272,NA,NA,NA
T188__pvr_0,-0.013531384884884536,-0.05657541977846333,0.007283143675922511,NA,NA,NA
T188__pvr_1,0.013013064524631019,-0.03367672341407234,0.0623908603683493,NA,NA,NA
T188__time,-0.00363543508336871,-0.03037227169808708,0.01484549092160238,NA,NA,NA
T189__cont_trait_0,0.0008014508746196712,-0.013613811848157683,0.019385672598610362,0.2559180764300785,0.17171823436946587,0.3382714368333026
T189__cat_trait_0,0.0007923643106203149,-0.01733849548960331,0.02174410942388899,NA,NA,NA
T189__pvr_0,-0.01543917460112924,-0.06462421729180712,0.010142991127819995,NA,NA,NA
T189__pvr_1,0.006822960612078296,-0.053457862208907705,0.08895738208589814,NA,NA,NA
T189__time,-0.003280808220152427,-0.02668809093858508,0.010552021304752232,NA,NA,NA
T192__cont_trait_0,-0.0016064950857178492,-0.020901340064556687,0.011213146242584585,0.2608330618424503,0.1783717052095323,0.33531660373141436
T192__cat_trait_0,-0.00021952029546227263,-0.02948820982566481,0.03892198415665896,NA,NA,NA
T192__pvr_0,-0.01396962268004242,-0.05825255537556244,0.010722884785919484,NA,NA,NA
T192__pvr_1,0.013989657964355388,-0.028479587934007074,0.07543284670958349,NA,NA,NA
T192__time,-0.003582241514724443,-0.027534870172320147,0.015829725466852247,NA,NA,NA
T193__cont_trait_0,0.005395934982166012,-0.02447927037456023,0.04443060701458248,0.25966158294430763,0.17987178921011304,0.3551294285092563
T193__cat_trait_0,0.0011219669319519367,-0.01796158955190276,0.019693400110733963,NA,NA,NA
T193__pvr_0,-0.014463517721124955,-0.0599861906723414,0.011025935215507633,NA,NA,NA
T193__pvr_1,0.0051385985804346295,-0.05522857843797751,0.0716213983226158,NA,NA,NA
T193__time,-0.0037526832831618903,-0.026997315704434297,0.012207766124992928,NA,NA,NA
T194__cont_trait_0,-0.002588982489939876,-0.01905926117541268,0.01447419897816868,0.2811295641886679,0.2107444346369752,0.36766607879186186
T194__cat_trait_0,-0.0034639109081476185,-0.0352446953128908,0.02213086433622402,NA,NA,NA
T194__pvr_0,0.028893319923590247,-0.017277727624610287,0.11418734416414442,NA,NA,NA
T194__pvr_1,-0.004637891586309815,-0.027086357053568433,0.011829792690353572,NA,NA,NA
T194__time,-0.003294254204566978,-0.02914355949335827,0.015894520218632524,NA,NA,NA
T197__cont_trait_0,0.003458528319355991,-0.015169670958605396,0.0323525741903282,0.2636704530893846,0.1537464192888363,0.346293901087703
T197__cat_trait_0,0.0008395899663141903,-0.029028340214349115,0.034019268466567845,NA,NA,NA
T197__pvr_0,-0.013752921282189716,-0.06306060141124904,0.01330755411923766,NA,NA,NA
T197__pvr_1,0.010276091416106603,-0.053300959715825415,0.08858304647044002,NA,NA,NA
T197__time,-0.0033721187842444132,-0.032641351019627826,0.013700505630259437,NA,NA,NA
T198__cont_trait_0,-0.003233867866933185,-0.022471503256568336,0.01427959440902346,0.27983791514126605,0.20695486253512307,0.3643414683512015
T198__cat_trait_0,-0.003613876537491055,-0.03563177706041323,0.021804880116549075,NA,NA,NA
T198__pvr_0,0.02822313685698385,-0.013469363695383207,0.1146068425751649,NA,NA,NA
T198__pvr_1,-0.004483855616023794,-0.02546170474599249,0.010578200965040613,NA,NA,NA
T198__time,-0.0032749051493117594,-0.03533118103840978,0.01276706804658638,NA,NA,NA
T199__cont_trait_0,0.004834730618541834,-0.02234474584004819,0.04090124601877758,0.29564119314117904,0.2059431285262559,0.4079511308542708
T199__cat_trait_0,-0.0021267120830987213,-0.038210178999040605,0.025941518458266727,NA,NA,NA
T199__pvr_0,0.03306478771607405,-0.013091118552278833,0.13367673874473474,NA,NA,NA
T199__pvr_1,-0.0033826173204738095,-0.026372268995556336,0.0128015682858304,NA,NA,NA
T199__time,-0.002970279243906233,-0.034036025404412196,0.014127666825529045,NA,NA,NA
T201__cont_trait_0,0.008336975478586106,-0.026231783097820288,0.06033073997664806,0.30467613473007676,0.19376413600991024,0.4569994824142205
T201__cat_trait_0,-0.0008925402592589,-0.039418277903086926,0.02571567819762513,NA,NA,NA
T201__pvr_0,0.03431657252438326,-0.029235848509353533,0.13865850852250938,NA,NA,NA
T201__pvr_1,-0.0007249654349725351,-0.015354831038865847,0.019660059432699814,NA,NA,NA
T201__time,-0.0025811910327030764,-0.03265717172060893,0.02141570188516935,NA,NA,NA
T202__cont_trait_0,-0.002800390960577338,-0.028502847821993308,0.015092248615895875,0.2468369120015211,0.147395727950684,0.3291263833931049
T202__cat_trait_0,0.0007396941403524003,-0.02610820242061679,0.020379283502953233,NA,NA,NA
T202__pvr_0,-0.01209809506447948,-0.04596270695415318,0.005799723376969941,NA,NA,NA
T202__pvr_1,0.00040597687055839366,-0.024173916834477744,0.03033342740372956,NA,NA,NA
T202__time,-0.005631556438374771,-0.049621390956572725,0.019253641177113548,NA,NA,NA
T204__cont_trait_0,0.0037246585027164497,-0.03706433157478648,0.05085548118030395,0.2888112395928989,0.21072815714967774,0.3917455875653729
T204__cat_trait_0,-0.0008226617255216552,-0.03857809525295709,0.02237581827661165,NA,NA,NA
T204__pvr_0,0.025296932019699857,-0.013125719322054419,0.10407169456752499,NA,NA,NA
T204__pvr_1,-0.0030095897114507633,-0.023918278460050138,0.011076836771753598,NA,NA,NA
T204__time,-0.002599382946586942,-0.03172667142337035,0.015557210010334346,NA,NA,NA
T206__cont_trait_0,-4.575875255850624e-05,-0.02711598704933548,0.028543139340632902,0.2685592230333549,0.16783814350026866,0.35421212773958133
T206__cat_trait_0,-0.002194061170047286,-0.03757915756560651,0.04334406767747695,NA,NA,NA
T206__pvr_0,0.007465475315207789,-0.021097011335787133,0.05884405866042917,NA,NA,NA
T206__pvr_1,0.0028328156364664826,-0.02035406515310058,0.031936844432684026,NA,NA,NA
T206__time,-0.0057205314497555,-0.048801581794161414,0.021249449836694176,NA,NA,NA
T207__cont_trait_0,-0.0014915026047205128,-0.01744720587394336,0.013970270667811532,0.26026680078826475,0.18155705052574134,0.33986924069927243
T207__cat_trait_0,-0.00043617628444785804,-0.03222018373606728,0.03607749656032088,NA,NA,NA
T207__pvr_0,-0.014014625337442384,-0.060613529639431576,0.007724375200378747,NA,NA,NA
T207__pvr_1,0.013975751395309722,-0.03213049325611572,0.07634975484685101,NA,NA,NA
T207__time,-0.0039879298344761395,-0.03271312625624399,0.01813207399883164,NA,NA,NA
T210__cont_trait_0,-0.0025426396248417658,-0.038780675366780745,0.0227373542072824,0.2791224451701759,0.20803657096327713,0.36916923545080627
T210__cat_trait_0,-0.0035098610096467356,-0.036201838115120344,0.02026701446876386,NA,NA,NA
T210__pvr_0,0.026576077358227694,-0.017098817288857246,0.10349602178527507,NA,NA,NA
T210__pvr_1,-0.004390599728782351,-0.026308338136996207,0.008758648902923535,NA,NA,NA
T210__time,-0.0032318152788228696,-0.03841218776682505,0.019649871516273593,NA,NA,NA
T211__cont_trait_0,0.013403572251309614,-0.030266011713547633,0.08944074915460798,0.27895657791760897,0.17731653034243028,0.3950861085158148
T211__cat_trait_0,0.00388125701712504,-0.03867680773815772,0.05210427321229136,NA,NA,NA
T211__pvr_0,-0.005329534928963555,-0.0355209048633399,0.008888733086236278,NA,NA,NA
T211__pvr_1,0.0053578486325044005,-0.013439129228026127,0.04118602777605712,NA,NA,NA
T211__time,-0.004577848508408449,-0.056288502583191666,0.020080662568104216,NA,NA,NA
T213__cont_trait_0,-0.0006328944127410996,-0.016681824530586697,0.013401724021059162,0.29741096894518804,0.2204220893158326,0.39457362978643806
T213__cat_trait_0,0.003589916072877783,-0.013472384241644465,0.02978083910812508,NA,NA,NA
T213__pvr_0,0.03417455329839978,-0.019307542641769537,0.12341965701675434,NA,NA,NA
T213__pvr_1,-0.003779788324283698,-0.027760437281168462,0.011593593059881807,NA,NA,NA
T213__time,-0.0021621011431066824,-0.037055093815164405,0.01864327971525752,NA,NA,NA
T215__cont_trait_0,0.006407864853687443,-0.03384891070008608,0.06511755236419453,0.3039870964440406,0.22213193234756173,0.44143622229541746
T215__cat_trait_0,0.001679374578620668,-0.020193623959796056,0.02324254886853508,NA,NA,NA
T215__pvr_0,0.03532788124640717,-0.012923683211297832,0.14261737400358782,NA,NA,NA
T215__pvr_1,-0.002787561713862968,-0.024941314279774335,0.014913055477340648,NA,NA,NA
T215__time,-0.002861745974853703,-0.04174583276611738,0.02020675987952522,NA,NA,NA
T219__cont_trait_0,-0.0012747360299369013,-0.03614765711361219,0.02111193497917381,0.29510579635735157,0.21284101839752015,0.3977527515323745
T219__cat_trait_0,0.003695352331944412,-0.01379414841632294,0.02684450147320179,NA,NA,NA
T219__pvr_0,0.03248854283003847,-0.019356787640642373,0.1204368822725051,NA,NA,NA
T219__pvr_1,-0.0039008470603029244,-0.025880837919390685,0.009658206468519046,NA,NA,NA
T219__time,-0.0021237991684334157,-0.03660622304082406,0.020550841627027652,NA,NA,NA
T220__cont_trait_0,0.00514440118505441,-0.037613337771837826,0.055453737263631286,0.28237786953587185,0.19309027192036998,0.3987691884679138
T220__cat_trait_0,0.001891587106232008,-0.028554330442153025,0.0272114516883879,NA,NA,NA
T220__pvr_0,0.009445383699776395,-0.011820178985426283,0.057024382020361836,NA,NA,NA
T220__pvr_1,0.006024620523352871,-0.01648789957850092,0.03992279679653772,NA,NA,NA
T220__time,-0.006349406432585782,-0.06454001874672731,0.03181452424073947,NA,NA,NA
T221__cont_trait_0,-0.0014982153617949083,-0.02758758864647533,0.018967642461884864,0.2955965715578047,0.2159051677292352,0.3987416886784168
T221__cat_trait_0,0.0037492190009545444,-0.012205566553635,0.028580162373001622,NA,NA,NA
T221__pvr_0,0.03325026138846021,-0.01695477065120038,0.12653655041360784,NA,NA,NA
T221__pvr_1,-0.003945199219978429,-0.028321374112461703,0.011415746507371177,NA,NA,NA
T221__time,-0.002180777703878657,-0.03452544529058581,0.022953207900851896,NA,NA,NA
T222__cont_trait_0,-0.0013741163829336367,-0.021271312902016046,0.012081905266619737,0.2598126123847218,0.17577720579847217,0.34324070407055574
T222__cat_trait_0,-0.0004308571235688358,-0.02875253692416134,0.03846502262428668,NA,NA,NA
T222__pvr_0,-0.014049323499653951,-0.06202851532748982,0.007217231217237725,NA,NA,NA
T222__pvr_1,0.01361195584280582,-0.03202628170801211,0.07094862358345017,NA,NA,NA
T222__time,-0.004166329905969474,-0.036832474580323085,0.022288964638757666,NA,NA,NA
T223__cont_trait_0,0.00044286265315504164,-0.03281908857583158,0.04095211390223407,0.2947002027051941,0.20514723315981542,0.3992058022936368
T223__cat_trait_0,0.0029426549018625727,-0.01320308584720336,0.02727765397695083,NA,NA,NA
T223__pvr_0,0.03065905871223777,-0.018362857483102263,0.11907946016355334,NA,NA,NA
T223__pvr_1,-0.0034072083239822205,-0.02420702402991498,0.012118294667028115,NA,NA,NA
T223__time,-0.0021584486921209637,-0.03743186588856312,0.02227815839673955,NA,NA,NA
T224__cont_trait_0,0.007667743960654972,-0.028742370920565134,0.06725258036283528,0.2837204107776538,0.17973909256388182,0.4079196442289985
T224__cat_trait_0,0.00031971963494952275,-0.04226369977390252,0.041732417803243466,NA,NA,NA
T224__pvr_0,0.009732352650418878,-0.018042728468804295,0.06523390701903865,NA,NA,NA
T224__pvr_1,0.00501375976947756,-0.017169199211393503,0.03450863565894881,NA,NA,NA
T224__time,-0.005234448691889054,-0.058015025100523115,0.026491848073156146,NA,NA,NA
T225__cont_trait_0,0.006511571464651323,-0.046013467777427694,0.0684960803064431,0.2941598077821895,0.1768331774288057,0.4095220343583706
T225__cat_trait_0,0.00045650247259485736,-0.03830848749653942,0.024766991030191088,NA,NA,NA
T225__pvr_0,0.025715742012043904,-0.014872933996352755,0.10614315322875834,NA,NA,NA
T225__pvr_1,-0.0018438339209968402,-0.020009754226683697,0.016926281483636937,NA,NA,NA
T225__time,-0.0029014577001456724,-0.04115720162591105,0.018495108708072472,NA,NA,NA
T226__cont_trait_0,-0.0009955606536214369,-0.02938204916696308,0.021133007347798834,0.2692328257058922,0.18631975136973317,0.36255922510978417
T226__cat_trait_0,0.0026600558870422046,-0.020631408597483678,0.02754348845318512,NA,NA,NA
T226__pvr_0,0.005735898866544972,-0.01356113333464852,0.03642754525755168,NA,NA,NA
T226__pvr_1,0.003795228062527803,-0.020888809015712953,0.03238124861489623,NA,NA,NA
T226__time,-0.00818407991064328,-0.07791936543718254,0.028550303338941076,NA,NA,NA
T228__cont_trait_0,0.004496863941849642,-0.023842420722752063,0.05189607790485641,0.268088097999173,0.17451239064410512,0.3500013076022458
T228__cat_trait_0,0.00011123289338887081,-0.028028810708549533,0.03721834277062616,NA,NA,NA
T228__pvr_0,-0.013295252672744555,-0.05575452255588583,0.012278194978081178,NA,NA,NA
T228__pvr_1,0.014548340563227354,-0.029326281428017506,0.07536299987313916,NA,NA,NA
T228__time,-0.003994370180590284,-0.03555321865555029,0.01996610772696534,NA,NA,NA
T229__cont_trait_0,0.0015505673815488603,-0.023690457645792033,0.03774521149011443,0.2613920377550298,0.17407357988254013,0.33987509249950487
T229__cat_trait_0,-0.0007009527870004983,-0.033194888063370176,0.030058758093434917,NA,NA,NA
T229__pvr_0,-0.0145565790007167,-0.0612895567837716,0.006560982298192589,NA,NA,NA
T229__pvr_1,0.0131580926964542,-0.03189912439638389,0.07273081626959485,NA,NA,NA
T229__time,-0.004280373989297968,-0.04432158848776477,0.018114425164049305,NA,NA,NA
T230__cont_trait_0,0.004212149984429189,-0.01664732269180932,0.03890115900200449,0.2641250739880178,0.16080096815227032,0.3613508386180307
T230__cat_trait_0,0.0008776672450313918,-0.030165999819927226,0.030536662493088465,NA,NA,NA
T230__pvr_0,-0.013659060569974069,-0.06362151746112148,0.011981126388618701,NA,NA,NA
T230__pvr_1,0.010098810517178937,-0.054143101494107435,0.09147772319146413,NA,NA,NA
T230__time,-0.0036257766426895243,-0.03269042648941806,0.018268088272094613,NA,NA,NA
T231__cont_trait_0,0.007027081657136349,-0.025006307660016238,0.05393409031916503,0.30031269564518764,0.20232793578165514,0.42821083775962904
T231__cat_trait_0,-0.0017303097116415297,-0.03760394480326911,0.025677146587470487,NA,NA,NA
T231__pvr_0,0.03443618049918974,-0.015833597007815524,0.13789145923709056,NA,NA,NA
T231__pvr_1,-0.002740468220264512,-0.025990083188839233,0.012230207009038124,NA,NA,NA
T231__time,-0.002901072033274332,-0.04078288541420538,0.023665071290722123,NA,NA,NA
T232__cont_trait_0,0.005176381484987262,-0.023034519158195904,0.04980213891972916,0.2637926262553176,0.157298349857402,0.3658563554260143
T232__cat_trait_0,0.0008411596965040497,-0.027096929654061463,0.03158508957693798,NA,NA,NA
T232__pvr_0,-0.013714369133065556,-0.061660436128520416,0.012679393359140173,NA,NA,NA
T232__pvr_1,0.009019958971004795,-0.05419631141935265,0.08554984905460641,NA,NA,NA
T232__time,-0.0037517882181548772,-0.034519793075206265,0.016226001062453033,NA,NA,NA
