feature,shap,lwr_shap,upr_shap,rate,rate_lwr,rate_upr
baseline,0.08809977499081317,0.05153448360953143,0.12232129572412008,NA,NA,NA
T0__cont_trait_0,0.021979631326878628,-0.0903438711625805,0.1991343956136788,0.47371288183585814,0.03668338441340897,1.15152143999305
T0__cat_trait_0,0.03281899720451601,-0.04280597076577608,0.2004534544198766,NA,NA,NA
T0__pvr_0,0.09788778484069698,-0.05301052557481015,0.2977496933330141,NA,NA,NA
T0__pvr_1,0.088072125976419,-0.05635277008903265,0.29966140170598715,NA,NA,NA
T0__time,0.14485456749653441,-0.03050709728330494,0.35301702451238653,NA,NA,NA
T2__cont_trait_0,0.05404923222415425,-0.06059566621813116,0.20493975315221216,0.5282758363848764,0.1964112068310131,0.9669900029823761
T2__cat_trait_0,0.04083965429036335,-0.04621312005312972,0.14809705658618938,NA,NA,NA
T2__pvr_0,0.08779398089980424,-0.03322501780706345,0.23518876296596222,NA,NA,NA
T2__pvr_1,0.10174284605172922,-0.09772921394270562,0.3075722808451976,NA,NA,NA
T2__time,0.1557503479280121,-0.012276814250084422,0.36372824519933655,NA,NA,NA
T3__cont_trait_0,0.0495149870938042,-0.06802928346316134,0.18502172056598762,0.5184195345741538,0.19105645049469688,0.905653137133223
T3__cat_trait_0,0.047210167496301685,-0.03872383536593241,0.15258646970360948,NA,NA,NA
T3__pvr_0,0.09362595361856783,-0.046641132597464004,0.22345643241480373,NA,NA,NA
T3__pvr_1,0.11138013336185637,-0.07436947865048718,0.29868291184560375,NA,NA,NA
T3__time,0.12858851801281065,-0.030071053061506037,0.306758048710641,NA,NA,NA
T4__cont_trait_0,0.0515212573814347,-0.06431244108661711,0.1944509819980242,0.5264405600451911,0.14930020392480564,0.9778590514689272
T4__cat_trait_0,0.04057724983782248,-0.05356290763482949,0.16637607643021965,NA,NA,NA
T4__pvr_0,0.0918624503856263,-0.03593791781648008,0.2356468468647252,NA,NA,NA
T4__pvr_1,0.0988997709405584,-0.0697419972292787,0.282182210432334,NA,NA,NA
T4__time,0.15548005650893604,-0.004153482816763081,0.3446427200139588,NA,NA,NA
T5__cont_trait_0,0.028055965412059198,-0.10008505320781486,0.1717435430757365,0.46622969973987854,0.09756682985337621,1.0054842567709112
T5__cat_trait_0,0.0859166266850822,-0.013599794864491546,0.21688825758730024,NA,NA,NA
T5__pvr_0,0.06231638184237947,-0.06667301633422028,0.24049039705562586,NA,NA,NA
T5__pvr_1,0.07958543539746192,-0.09294998408160234,0.25051532132865595,NA,NA,NA
T5__time,0.12225551541208267,-0.026074413443753275,0.3097455522018164,NA,NA,NA
T7__cont_trait_0,0.04441785796485127,-0.07461118346970441,0.21003019687977814,0.5469006792493395,0.12922966788157267,1.064882303774571
T7__cat_trait_0,0.039696077271065715,-0.054975485685117245,0.15139077251670363,NA,NA,NA
T7__pvr_0,0.09827705782009495,-0.03582144485790052,0.25727157678101326,NA,NA,NA
T7__pvr_1,0.11377292612652969,-0.06133939181620823,0.3457009090599674,NA,NA,NA
T7__time,0.16263698507598498,-0.0047948291920105746,0.3732906757190542,NA,NA,NA
T9__cont_trait_0,0.05295352388352914,-0.060489154757474406,0.17966261687884916,0.4727103661548055,0.12249846443199944,0.8889569425628123
T9__cat_trait_0,0.03303270324130555,-0.038697325208322225,0.1370856032852858,NA,NA,NA
T9__pvr_0,0.08811495766299553,-0.03201780409259053,0.2242334619442461,NA,NA,NA
T9__pvr_1,0.09188139251334639,-0.03451504954089646,0.24805801481533396,NA,NA,NA
T9__time,0.11862801386281588,-0.038132650504198076,0.29181985604764443,NA,NA,NA
T12__cont_trait_0,0.021133029984609815,-0.09596959051966102,0.1750481404289554,0.4618685967452291,0.04799445933996002,0.988499376800545
T12__cat_trait_0,0.03695103315342446,-0.03915786614545366,0.162107908751035,NA,NA,NA
T12__pvr_0,0.08226698132719909,-0.049800562274158425,0.24161446727255637,NA,NA,NA
T12__pvr_1,0.09358343119448068,-0.04960782543976146,0.28992048633753886,NA,NA,NA
T12__time,0.13983434609470213,-0.013278142175448676,0.3553743553170179,NA,NA,NA
T14__cont_trait_0,0.0429488700733832,-0.04673038477074432,0.1563462340056794,0.4050569146489497,0.14495889747302185,0.664793030266728
T14__cat_trait_0,0.0479837140080566,-0.03178733337357734,0.13453970858827097,NA,NA,NA
T14__pvr_0,0.06307759060621482,-0.06501063856634803,0.19339649715989343,NA,NA,NA
T14__pvr_1,0.09877842047545086,-0.06025891860565995,0.2646426257383317,NA,NA,NA
T14__time,0.06416854449503127,-0.06255441575063467,0.19969385066346618,NA,NA,NA
T15__cont_trait_0,0.04523887877749606,-0.05862887065737995,0.15480744767369936,0.41833779371045254,0.13691658945434618,0.7841917784428752
T15__cat_trait_0,0.02968625556992604,-0.03689134681606214,0.1186819033379419,NA,NA,NA
T15__pvr_0,0.08200293175434785,-0.02305494891025478,0.2112239479608221,NA,NA,NA
T15__pvr_1,0.09275116611791295,-0.03734782147149407,0.24321563401858814,NA,NA,NA
T15__time,0.08055878649995618,-0.05158021775325776,0.22706634801248468,NA,NA,NA
T16__cont_trait_0,0.007876940536430732,-0.049019002756153084,0.06607857082697403,0.1201498070579006,0.04400553057788245,0.20892454284284176
T16__cat_trait_0,0.00433454403033998,-0.023838060980547443,0.03375785469165703,NA,NA,NA
T16__pvr_0,0.0016164696523805165,-0.04866627968581606,0.05054572804747357,NA,NA,NA
T16__pvr_1,0.01591666352175027,-0.014933805027988536,0.054986919482376044,NA,NA,NA
T16__time,0.002305414326185943,-0.04492184375320073,0.047306653912918446,NA,NA,NA
T17__cont_trait_0,0.036895562028887774,-0.055407677249804624,0.1399564055583041,0.3725424622777757,0.08653436209016754,0.6920450707232841
T17__cat_trait_0,0.02143939048584217,-0.041846755590533455,0.09496881987648197,NA,NA,NA
T17__pvr_0,0.06903793502670982,-0.02563161888718673,0.20300643504105548,NA,NA,NA
T17__pvr_1,0.07656674748873647,-0.03790416950116646,0.21339068985028442,NA,NA,NA
T17__time,0.08050305225678632,-0.03661089914263036,0.2522203954893062,NA,NA,NA
T18__cont_trait_0,0.056016687371935756,-0.05477722884296836,0.19167385024233868,0.42225655389985955,0.05111882734591159,0.8863027841477945
T18__cat_trait_0,0.027636981302842093,-0.07228292204000927,0.18000948569645042,NA,NA,NA
T18__pvr_0,0.07301075366734334,-0.04927824262559473,0.20719184496251392,NA,NA,NA
T18__pvr_1,0.08536084060139713,-0.03469779754463557,0.23967103621718272,NA,NA,NA
T18__time,0.09213151596552827,-0.06437134670864228,0.3075435817058666,NA,NA,NA
T19__cont_trait_0,0.05687022718553774,-0.0837513601460754,0.23814870849433595,0.5824110706485467,0.18042614141670854,1.1780833494635972
T19__cat_trait_0,0.07781373035419957,-0.03942966961092025,0.2133960358754009,NA,NA,NA
T19__pvr_0,0.08705784718313134,-0.08036723269631649,0.24240074076913334,NA,NA,NA
T19__pvr_1,0.1318820948512281,-0.05807471178093247,0.3724443588450616,NA,NA,NA
T19__time,0.1406873960836367,-0.027567133065279484,0.3222429107064086,NA,NA,NA
T20__cont_trait_0,0.04456288012464867,-0.05025107357146448,0.16970327745515948,0.2854280736103312,0.03537927452682435,0.6107337573167999
T20__cat_trait_0,-0.01002092746130111,-0.09964163833514272,0.11305696553215891,NA,NA,NA
T20__pvr_0,0.03244641664850835,-0.09544312702367544,0.15579081705764913,NA,NA,NA
T20__pvr_1,0.07776306332822337,-0.05294047430701884,0.2625644001694803,NA,NA,NA
T20__time,0.05257686597943875,-0.05987266450763734,0.19483827623463576,NA,NA,NA
T21__cont_trait_0,0.048398919815774086,-0.04170870063379296,0.16917974636217226,0.3964204710449729,0.1313796572731863,0.773194047759374
T21__cat_trait_0,0.05137834689128656,-0.02050068523419317,0.15516556889570532,NA,NA,NA
T21__pvr_0,0.05564709320188283,-0.08591550409375613,0.1853495037088546,NA,NA,NA
T21__pvr_1,0.10002296313976662,-0.05225580268393969,0.29518780090915775,NA,NA,NA
T21__time,0.052873373005449746,-0.07549323436451061,0.1947622704051829,NA,NA,NA
T22__cont_trait_0,0.00690087251786298,-0.07509536111037031,0.11025771714122834,0.3357659722922037,0.09810796917833098,0.7318275976719735
T22__cat_trait_0,0.013300167565796302,-0.06728043798485547,0.12176135339386049,NA,NA,NA
T22__pvr_0,0.07086985479361521,-0.031809188475092454,0.20058655009785054,NA,NA,NA
T22__pvr_1,0.0625163474038702,-0.03251170719555646,0.17118200106559495,NA,NA,NA
T22__time,0.09407895502024581,-0.009680938988814648,0.23865674101366574,NA,NA,NA
T23__cont_trait_0,0.036564464365643874,-0.053474598613150806,0.14258003376659673,0.3900345280912748,0.08473689239545837,0.7472664130677883
T23__cat_trait_0,0.01920886661960087,-0.04130322761910893,0.09770186998068861,NA,NA,NA
T23__pvr_0,0.07103852440697507,-0.03493410616672604,0.19206711822063838,NA,NA,NA
T23__pvr_1,0.06887400599970453,-0.025422090679317014,0.18766368114025792,NA,NA,NA
T23__time,0.10624889170853731,-0.01589736206362751,0.26594130524189147,NA,NA,NA
T24__cont_trait_0,0.030216693035117263,-0.026199860878459325,0.09671563051079643,0.12920911670288782,0.05058398147013324,0.2331975232399323
T24__cat_trait_0,0.005428203887013169,-0.02585013985046737,0.035510796599846475,NA,NA,NA
T24__pvr_0,0.01070530270805824,-0.03951730784982021,0.060903654760101976,NA,NA,NA
T24__pvr_1,-0.003293611131653256,-0.03681933728731128,0.030406582287215763,NA,NA,NA
T24__time,-0.001947246786460823,-0.04392795174857982,0.03959054291224909,NA,NA,NA
T26__cont_trait_0,0.06184722215849621,-0.07371803700876281,0.2703731211391462,0.5158443842242544,0.03988253428749339,1.301730339429891
T26__cat_trait_0,0.05266089748773013,-0.040483620342259136,0.205016186687082,NA,NA,NA
T26__pvr_0,0.12538061224208774,-0.06003275741980638,0.3712237509422297,NA,NA,NA
T26__pvr_1,0.09974704334691001,-0.04683626213867248,0.30115604873999147,NA,NA,NA
T26__time,0.0881088339982171,-0.06568994430552527,0.3116512525645581,NA,NA,NA
T29__cont_trait_0,0.04524900001954288,-0.058882559459455266,0.16820792834565587,0.4433145861918386,0.14856709072835375,0.7598275599361255
T29__cat_trait_0,0.048165339248084166,-0.028366703347091238,0.14188961694289134,NA,NA,NA
T29__pvr_0,0.07409191651853879,-0.045232427973136265,0.22230003596259598,NA,NA,NA
T29__pvr_1,0.10197420587646204,-0.07219778279740684,0.25724276987760936,NA,NA,NA
T29__time,0.08573434953839745,-0.052607790187602366,0.2323901737106354,NA,NA,NA
T30__cont_trait_0,0.0053874050015003914,-0.07707282847365438,0.10728630611412854,0.3206846514257981,0.09932909871152087,0.7209318524230071
T30__cat_trait_0,0.015902271231799995,-0.06425756212593416,0.12202796428008317,NA,NA,NA
T30__pvr_0,0.06340463198928147,-0.03208229647716258,0.1825390514786271,NA,NA,NA
T30__pvr_1,0.058059690790430364,-0.018290710411121278,0.17851891587600116,NA,NA,NA
T30__time,0.0898308774219729,-0.010904634143013972,0.2299808670029756,NA,NA,NA
T31__cont_trait_0,-0.0030786351095429877,-0.0545192125703256,0.059477945668853546,0.20125857570705621,0.07623889392548258,0.361913814299721
T31__cat_trait_0,0.0133549609728258,-0.04349841647375493,0.06791081481366643,NA,NA,NA
T31__pvr_0,0.039832594498899865,-0.03316258247394262,0.11367792810397892,NA,NA,NA
T31__pvr_1,0.03152620979407658,-0.018370366099419527,0.09769561940453751,NA,NA,NA
T31__time,0.031523670559983834,-0.02060350753637817,0.10020342827924486,NA,NA,NA
T33__cont_trait_0,0.04405098329068709,-0.04689345319722114,0.15546723449287178,0.38627171547702877,0.1337221674944632,0.7179867188928296
T33__cat_trait_0,0.0479532698961767,-0.023987143298079883,0.14096713175765296,NA,NA,NA
T33__pvr_0,0.05643775376941337,-0.07946283735060344,0.1835929528638762,NA,NA,NA
T33__pvr_1,0.09460788386306712,-0.06149706046004186,0.26402048150624313,NA,NA,NA
T33__time,0.05512204966687152,-0.08871240587266946,0.19043198536901096,NA,NA,NA
T34__cont_trait_0,-0.0015222822288617718,-0.0460975051580782,0.04194680909050787,0.11332581139185739,0.02152969148614274,0.20939327653536738
T34__cat_trait_0,0.01731799931464345,-0.018131493491829253,0.06567309377268682,NA,NA,NA
T34__pvr_0,0.014962128327736034,-0.037133890863571994,0.06597994741504978,NA,NA,NA
T34__pvr_1,-0.0015912798079136682,-0.03416092091912914,0.03661093607153332,NA,NA,NA
T34__time,-0.003940529204559786,-0.018082212149855538,0.010958926854015068,NA,NA,NA
T35__cont_trait_0,0.003928473724611035,-0.07454582266667167,0.09541733861150849,0.3139970206136458,0.0978228159202747,0.6657262908743562
T35__cat_trait_0,0.013468715941936892,-0.06703161344289689,0.11622020090888271,NA,NA,NA
T35__pvr_0,0.06794182408023795,-0.03215480881065238,0.17800671383124597,NA,NA,NA
T35__pvr_1,0.05932996913324719,-0.01878887998890548,0.16872388481417655,NA,NA,NA
T35__time,0.08122826274279943,-0.009748366756983054,0.20814838389176227,NA,NA,NA
T37__cont_trait_0,0.050243357812861766,-0.09682781310196835,0.23269891725781863,0.5953923785360707,0.16354128136715684,1.2522999488820896
T37__cat_trait_0,0.0972600426529386,-0.017826446091420464,0.2517402155474444,NA,NA,NA
T37__pvr_0,0.08742852948751423,-0.04832783766562752,0.27404894716581507,NA,NA,NA
T37__pvr_1,0.12838189385944068,-0.07686878357680557,0.32207671654748843,NA,NA,NA
T37__time,0.14397877973250206,-0.02229347810420665,0.3485330769439935,NA,NA,NA
T38__cont_trait_0,0.059284931595185775,-0.09761835461048035,0.25860868883506044,0.6414679001424602,0.16709993450250135,1.3853643808104377
T38__cat_trait_0,0.0955087933425246,-0.0232941847566542,0.2693702134646331,NA,NA,NA
T38__pvr_0,0.09672755085894966,-0.054449204280845556,0.27506289912837195,NA,NA,NA
T38__pvr_1,0.1488962012450993,-0.07272266859009013,0.38854973389320635,NA,NA,NA
T38__time,0.1529506481098875,-0.021049343259019845,0.3621414871721691,NA,NA,NA
T39__cont_trait_0,-0.002248643265445679,-0.0678779619203772,0.07667413520823464,0.16949096453409956,0.032092700447495855,0.34043793814714945
T39__cat_trait_0,-0.03716880251943224,-0.08543271361914469,0.0201129224113678,NA,NA,NA
T39__pvr_0,0.021285958064166027,-0.04696069039433502,0.104629286106424,NA,NA,NA
T39__pvr_1,0.04117398978916234,-0.06549207047640869,0.1489943331870263,NA,NA,NA
T39__time,0.058348687474836,-0.0051541113445492046,0.13503518657508345,NA,NA,NA
T40__cont_trait_0,0.003954475323011264,-0.06062727326618001,0.06020158382174271,0.18953501508486578,0.08185742174216576,0.3252990997382966
T40__cat_trait_0,0.007481126431619038,-0.041291797079759905,0.06229791282390785,NA,NA,NA
T40__pvr_0,0.044422464533960274,-0.02497160067864556,0.1192427687456234,NA,NA,NA
T40__pvr_1,0.028003543751459033,-0.020185801420388526,0.08983570293206639,NA,NA,NA
T40__time,0.017573630054002958,-0.01846124779534333,0.0691907438725963,NA,NA,NA
T41__cont_trait_0,0.06913941138948115,-0.0491615176060047,0.25561148419750873,0.43533898057944226,0.04193551259433048,1.0362885247183065
T41__cat_trait_0,0.07259514826366874,-0.04645055506386567,0.2538407176145635,NA,NA,NA
T41__pvr_0,0.07489882187367548,-0.03057234186948197,0.24227712572793392,NA,NA,NA
T41__pvr_1,0.055771675237347815,-0.023286276676041905,0.20125558077575834,NA,NA,NA
T41__time,0.07483414882445581,-0.04628157198046306,0.26864236962372706,NA,NA,NA
T42__cont_trait_0,0.057421578135555734,-0.11417210476760803,0.24655608510694807,0.6336330134141495,0.17432620132211146,1.3686722570414407
T42__cat_trait_0,0.09724453590885725,-0.021968266255274177,0.2783089866389146,NA,NA,NA
T42__pvr_0,0.09490711799418873,-0.04983229355473395,0.2647128277181997,NA,NA,NA
T42__pvr_1,0.14462228197525023,-0.0563420264832403,0.38254933838533867,NA,NA,NA
T42__time,0.15133772440948456,-0.02626645946843397,0.35103027143235377,NA,NA,NA
T44__cont_trait_0,-0.018424523959190094,-0.05084063535878251,0.018013186739576185,0.05880186479433701,0.007645877440878544,0.13684906804438923
T44__cat_trait_0,0.00910283878891301,-0.011704972845483497,0.04013970079609129,NA,NA,NA
T44__pvr_0,0.0004552637392927826,-0.03475629025581101,0.04164471728917057,NA,NA,NA
T44__pvr_1,-0.018302596082497954,-0.04670307696877585,0.016030799207655072,NA,NA,NA
T44__time,-0.0021288926829938627,-0.01663710918416103,0.010911501147264815,NA,NA,NA
T45__cont_trait_0,0.026710196201593296,-0.043976632383206274,0.09424111281715335,0.13450198114102524,0.03520441960024477,0.2639756990271619
T45__cat_trait_0,0.004609405022481108,-0.024740447315699868,0.04193863721857967,NA,NA,NA
T45__pvr_0,0.01111720264729924,-0.04035244284057832,0.07614123159602303,NA,NA,NA
T45__pvr_1,0.0003785610441743383,-0.03487418613538719,0.03855964773452409,NA,NA,NA
T45__time,0.0035868412346640845,-0.05264799492746349,0.06723643036092218,NA,NA,NA
T46__cont_trait_0,-0.004041579025856596,-0.06604628917879148,0.07093823747462866,0.2393531484883907,0.0738557260567482,0.47369135356128
T46__cat_trait_0,0.016633528343919787,-0.0547085779403766,0.08751132764194317,NA,NA,NA
T46__pvr_0,0.04371391450306198,-0.036767038321702666,0.1328740581770177,NA,NA,NA
T46__pvr_1,0.03642641012509916,-0.02036702124046596,0.10679282824837556,NA,NA,NA
T46__time,0.058521099551353276,-0.03238068028219532,0.13887917063604693,NA,NA,NA
T48__cont_trait_0,0.08312260950752852,0.009248450354398845,0.16108173307169152,0.21567583443897925,0.09116220219789051,0.35273368189645593
T48__cat_trait_0,0.011661697144786232,-0.03498658017889204,0.06286935392581802,NA,NA,NA
T48__pvr_0,0.021313964278397705,-0.04211729061515465,0.09333592533545462,NA,NA,NA
T48__pvr_1,0.0033687568838796735,-0.03760808201284962,0.06018105240324681,NA,NA,NA
T48__time,0.008109031633573963,-0.029029469614675403,0.04510009553667451,NA,NA,NA
T49__cont_trait_0,-0.003545404767502398,-0.0671243376698611,0.0683617495198444,0.195588347191058,0.03379668447139053,0.45489869087994295
T49__cat_trait_0,-0.039959762737730324,-0.09046517678948535,0.01849138670125816,NA,NA,NA
T49__pvr_0,0.024528256378095064,-0.04855284690320547,0.11627775144452562,NA,NA,NA
T49__pvr_1,0.03849072962583188,-0.07334226148897138,0.16105530883414315,NA,NA,NA
T49__time,0.0879747537015506,-0.0007892955881460412,0.20306939255046502,NA,NA,NA
T51__cont_trait_0,0.004920587055650114,-0.06572463859508813,0.09225891455730512,0.16700091277511683,0.02565962525322621,0.3344748491739294
T51__cat_trait_0,-0.03312605892681583,-0.09109618033358188,0.023161016971769977,NA,NA,NA
T51__pvr_0,0.022092757100199697,-0.048683510792773804,0.10537688627398684,NA,NA,NA
T51__pvr_1,0.043989980776878525,-0.051789128649488536,0.17235951911558,NA,NA,NA
T51__time,0.041023871778391195,-0.008613044476042886,0.09915828774484985,NA,NA,NA
T52__cont_trait_0,-0.005284583420132684,-0.053194264133735264,0.06677701877792949,0.1659687739614522,0.042909095907219516,0.3753000572991867
T52__cat_trait_0,0.005269754300358503,-0.030323959563262247,0.041348777904015796,NA,NA,NA
T52__pvr_0,0.023913749415566222,-0.032140882051914406,0.08370227928995211,NA,NA,NA
T52__pvr_1,0.0028630639519424297,-0.030307170483056534,0.050539655641202406,NA,NA,NA
T52__time,0.05110701472290458,-0.012521693471474124,0.13181843949366023,NA,NA,NA
T54__cont_trait_0,-0.011284682831036856,-0.060577810210528146,0.046808617397236504,0.1618833565224196,0.02552753661239969,0.3639362994706814
T54__cat_trait_0,0.009253082461650304,-0.022529429958432927,0.06204841293450268,NA,NA,NA
T54__pvr_0,0.02323297310707581,-0.032435926007937925,0.0887169375513765,NA,NA,NA
T54__pvr_1,0.0019514456438127301,-0.03309725502524992,0.04565075289203331,NA,NA,NA
T54__time,0.05063076315010449,-0.010772787694032223,0.12325136486221525,NA,NA,NA
T56__cont_trait_0,-0.025473748512327574,-0.07033858544293031,0.026199389888748058,0.15886376431483268,0.01567728688322033,0.35865514512126234
T56__cat_trait_0,0.01733706439464748,-0.03798948579286225,0.07373133976206318,NA,NA,NA
T56__pvr_0,0.0113300045603222,-0.04693404289046864,0.08228962530643878,NA,NA,NA
T56__pvr_1,0.026996583572026493,-0.015692155328215697,0.08809046360381645,NA,NA,NA
T56__time,0.04057408530935092,-0.01718404153797253,0.11518655834179639,NA,NA,NA
T57__cont_trait_0,0.01517644029571029,-0.03972935927171928,0.06965641848305368,0.11595432701520059,0.0456445597062826,0.1781536191374734
T57__cat_trait_0,0.005185079562686908,-0.023457974349037736,0.0329277486915662,NA,NA,NA
T57__pvr_0,0.00015579801657227737,-0.043195696143861775,0.0523771797842506,NA,NA,NA
T57__pvr_1,0.012495850734323554,-0.01525219475409411,0.04291984008301088,NA,NA,NA
T57__time,-0.005158616584905577,-0.0392954806288885,0.028454222111434724,NA,NA,NA
T58__cont_trait_0,-0.014308533879203757,-0.060861804469289,0.04902983805780069,0.16411500050344033,0.026296204832186157,0.38586518275304
T58__cat_trait_0,0.011851214058946267,-0.021811308062027926,0.062136240080985505,NA,NA,NA
T58__pvr_0,0.022473807494311934,-0.0364285002108819,0.09497715503743455,NA,NA,NA
T58__pvr_1,0.001232008428120724,-0.03448022951029311,0.04077954576232267,NA,NA,NA
T58__time,0.054766729410451985,-0.007871507150043667,0.1453300207393725,NA,NA,NA
T59__cont_trait_0,0.05516455665436079,-0.04113685431722974,0.21051094699990905,0.33267336843014406,0.037594179101452525,0.7688826818124057
T59__cat_trait_0,0.0677111749844033,-0.015706467246634853,0.195023262187126,NA,NA,NA
T59__pvr_0,0.024506247332124004,-0.08628197970630634,0.15814517875876094,NA,NA,NA
T59__pvr_1,0.05156857323000588,-0.11965383904124968,0.2467136177827998,NA,NA,NA
T59__time,0.04562304123843692,-0.049016068135673,0.17257316296754865,NA,NA,NA
T60__cont_trait_0,-0.0017067662586364972,-0.05436103612535201,0.05504065373971786,0.16394623615310905,0.0545755084901523,0.32123217157901446
T60__cat_trait_0,0.005053134024515474,-0.02579522632196441,0.04211452917246139,NA,NA,NA
T60__pvr_0,0.015610889824014639,-0.04007844482293821,0.07295481344985102,NA,NA,NA
T60__pvr_1,0.026049198805016563,-0.015136883703449053,0.0842035818083604,NA,NA,NA
T60__time,0.03084000476738568,-0.025335901186528065,0.08831360261810599,NA,NA,NA
T61__cont_trait_0,0.0188479048747452,-0.06869777758053325,0.1383625154482092,0.20717652085930216,0.03134623139851983,0.4199199755648772
T61__cat_trait_0,-0.031958016782492625,-0.10108662965950072,0.04203530534012781,NA,NA,NA
T61__pvr_0,0.03027414740440548,-0.04665884023715752,0.12582673559486146,NA,NA,NA
T61__pvr_1,0.05269435511399503,-0.06199121194806157,0.19923594626555574,NA,NA,NA
T61__time,0.049218355257835814,-0.004740105745885188,0.12159224798362558,NA,NA,NA
T63__cont_trait_0,0.03723043474213,-0.020693422764557337,0.0974647308353036,0.18329964186137254,0.07760646542531732,0.3277668985831518
T63__cat_trait_0,0.015872638104613042,-0.022935382815415413,0.06338375436899285,NA,NA,NA
T63__pvr_0,0.014734370446050716,-0.038256906791308984,0.07353645797278652,NA,NA,NA
T63__pvr_1,0.019595961946830977,-0.02215275332489807,0.06252290674984719,NA,NA,NA
T63__time,0.007766461630934639,-0.021557352767400003,0.042297202813637934,NA,NA,NA
T64__cont_trait_0,0.060146118741224816,-0.052943131451567406,0.23469389708751115,0.3780964753414975,0.020563516280461755,0.9662558345070523
T64__cat_trait_0,0.06462304074141771,-0.04207292968727814,0.245225344934768,NA,NA,NA
T64__pvr_0,0.06669448599018081,-0.028788548704415787,0.22901868199047662,NA,NA,NA
T64__pvr_1,0.04374721833935498,-0.03007527901991435,0.19072945029170119,NA,NA,NA
T64__time,0.05478583653850594,-0.058039440047172375,0.1891627927333248,NA,NA,NA
T66__cont_trait_0,0.010013088107883615,-0.04637560107002929,0.0915589494306458,0.19733903059791266,0.028114158010740423,0.4126308392616903
T66__cat_trait_0,0.05748635457033754,-0.0073966106079432145,0.1365634181198534,NA,NA,NA
T66__pvr_0,0.0012057684130905683,-0.08510326465476864,0.06906425384036785,NA,NA,NA
T66__pvr_1,0.04855652108835047,-0.046513353451531694,0.18030953435222546,NA,NA,NA
T66__time,-0.008022476572562753,-0.03706070311533962,0.017165486298776997,NA,NA,NA
T68__cont_trait_0,-0.041732227190844864,-0.07632239924603643,-0.0023153690672277818,0.09099064891055336,0.00928956701247221,0.21353309601791792
T68__cat_trait_0,0.003629323742555387,-0.016973288293339443,0.03146758528139451,NA,NA,NA
T68__pvr_0,-0.0023126958938357593,-0.045825192561613014,0.040613374064399486,NA,NA,NA
T68__pvr_1,0.013445635914770918,-0.022290230423408303,0.05656290852406197,NA,NA,NA
T68__time,0.02986083734709451,-0.019098038735443062,0.08964895192510833,NA,NA,NA
T70__cont_trait_0,-0.019712984110180333,-0.0476652099744916,0.003205540156149233,0.039493242927004804,0.005448952171069749,0.08304640302745889
T70__cat_trait_0,-0.017996596490541854,-0.047692986581721136,0.009299496548611594,NA,NA,NA
T70__pvr_0,-0.0061048432598912565,-0.04279499023984487,0.03490249445947789,NA,NA,NA
T70__pvr_1,0.005085398206561954,-0.048200071869580495,0.06678466773396889,NA,NA,NA
T70__time,-0.009877506409756884,-0.025477204228514835,0.006163565012078646,NA,NA,NA
T72__cont_trait_0,-0.006664661836358303,-0.04988996794039545,0.04137295331059447,0.0794916970514411,0.010952894756848547,0.18469406445698344
T72__cat_trait_0,-0.0037550674082768094,-0.04210593686206278,0.04386464540697707,NA,NA,NA
T72__pvr_0,-0.008792632311163192,-0.058301197730176266,0.0444854339378805,NA,NA,NA
T72__pvr_1,0.01507220074263372,-0.013076426128759389,0.054263932609730184,NA,NA,NA
T72__time,-0.004467917126207464,-0.025880642448592117,0.025508484030120106,NA,NA,NA
T73__cont_trait_0,-0.02661841687800645,-0.04936545835831348,-0.005304906104868374,0.032877144977115656,0.005823373758455916,0.07103305814691116
T73__cat_trait_0,-0.016822443877715473,-0.046187811505507326,0.007611558522847037,NA,NA,NA
T73__pvr_0,-0.00567042655121457,-0.040051032895415624,0.03216815280508298,NA,NA,NA
T73__pvr_1,0.0049677160166057025,-0.048865846921442135,0.06182393434128866,NA,NA,NA
T73__time,-0.011079058723366703,-0.022668266830378064,0.004120396520258564,NA,NA,NA
T76__cont_trait_0,0.011448558431888831,-0.07819550688689242,0.15922159506849837,0.34360284869478863,0.038958072415586874,0.8147870504909571
T76__cat_trait_0,0.08102271275722875,-0.004436351934918502,0.22426186775487758,NA,NA,NA
T76__pvr_0,0.04055229399417353,-0.07054745481265454,0.16853674549309577,NA,NA,NA
T76__pvr_1,0.08107208948468995,-0.07263717433746879,0.27027099988283454,NA,NA,NA
T76__time,0.041407419035994396,-0.0298288656935444,0.13920281300752685,NA,NA,NA
T77__cont_trait_0,0.11567489019562449,0.020869525314632875,0.20672369722508124,0.2515735029567131,0.1010245189885649,0.40255771170756144
T77__cat_trait_0,0.01469581945938083,-0.03435199696430112,0.07273153570609761,NA,NA,NA
T77__pvr_0,0.0021450017175664777,-0.0635506732118743,0.07240064678506439,NA,NA,NA
T77__pvr_1,0.019812784725901072,-0.025433452108978932,0.07473470816652711,NA,NA,NA
T77__time,0.011145231867427077,-0.03380169507896204,0.06511208980092249,NA,NA,NA
T78__cont_trait_0,0.09292710422365343,0.013499858957951971,0.1771550540123334,0.2010752130056778,0.09570178250287628,0.31216339202058124
T78__cat_trait_0,0.010836706160460835,-0.02854674897158662,0.059513535793233166,NA,NA,NA
T78__pvr_0,-0.005621472370560955,-0.06485321041712211,0.057698921093012834,NA,NA,NA
T78__pvr_1,0.011783915425996449,-0.025298475742324966,0.05552767920740377,NA,NA,NA
T78__time,0.0030491845753149215,-0.04212392915496691,0.040648353405211196,NA,NA,NA
T79__cont_trait_0,-0.03623493392892101,-0.0576851692285289,-0.014948273265169943,0.03572975524375298,0.005212416009465287,0.08428114630071774
T79__cat_trait_0,0.00700350604331574,-0.011259172888501347,0.029894158584534626,NA,NA,NA
T79__pvr_0,-0.005401588893386551,-0.03642827030922055,0.03185086337813447,NA,NA,NA
T79__pvr_1,-0.008341654894334567,-0.027141385964853278,0.010384576866832066,NA,NA,NA
T79__time,-0.009395348073733763,-0.021220447255002727,0.0022591834476866773,NA,NA,NA
T81__cont_trait_0,-0.023617439323854284,-0.057515712669338026,0.007594144204535393,0.06933495356684469,0.012672500414258894,0.14168957778229804
T81__cat_trait_0,-0.02569756595582608,-0.05486410514091915,0.008897360847311938,NA,NA,NA
T81__pvr_0,0.0013581083126854177,-0.050545282421107285,0.05082015435378122,NA,NA,NA
T81__pvr_1,7.52528600274721e-05,-0.06556575688121777,0.07397780461022697,NA,NA,NA
T81__time,0.029116822682999043,-0.012083099966176906,0.08232003054580206,NA,NA,NA
T84__cont_trait_0,0.05387505636172443,-0.011555207199352205,0.11697283963819172,0.1774375645801936,0.08326858233354309,0.2699232909947807
T84__cat_trait_0,0.011268351372743124,-0.025234808827337377,0.05655969689452743,NA,NA,NA
T84__pvr_0,0.0055224186528282666,-0.04186780923635482,0.06738411280848061,NA,NA,NA
T84__pvr_1,0.012640308645998076,-0.0205576948229044,0.050989902742130805,NA,NA,NA
T84__time,0.006031654556086441,-0.01978705865194516,0.034012302499722605,NA,NA,NA
T86__cont_trait_0,-0.04042956673050214,-0.06629144219073951,-0.01574003503338152,0.05310486905647067,0.009602722917496032,0.10691665080404811
T86__cat_trait_0,0.004612337761825123,-0.013075967741905,0.028077935304363314,NA,NA,NA
T86__pvr_0,-0.0008883923756106113,-0.03197531053846649,0.03777443828223648,NA,NA,NA
T86__pvr_1,0.008645880830993588,-0.015371450920339414,0.03793283963571951,NA,NA,NA
T86__time,-0.006935165421048455,-0.02050625079683492,0.010491192891362348,NA,NA,NA
T87__cont_trait_0,0.012730115714847287,-0.04436659348991208,0.06729170535517057,0.16436125440845692,0.06343322079629686,0.27577358655698825
T87__cat_trait_0,0.008257251756333468,-0.029987579019235953,0.05482062963161088,NA,NA,NA
T87__pvr_0,0.033181772766059874,-0.030611208142160975,0.09676253152607373,NA,NA,NA
T87__pvr_1,0.012573372959638673,-0.022275779092484002,0.058592277853910066,NA,NA,NA
T87__time,0.00951896622076441,-0.020780123078532664,0.04306801798882816,NA,NA,NA
T89__cont_trait_0,-0.004324905009365032,-0.050810836113281965,0.043067885490584525,0.11734058161030766,0.04548918007915105,0.2247632719175304
T89__cat_trait_0,0.006720059253377489,-0.019408019620051353,0.04467820766983191,NA,NA,NA
T89__pvr_0,0.00897404805221063,-0.035784979208201805,0.05902593092979547,NA,NA,NA
T89__pvr_1,0.017957594763258367,-0.014744012804133799,0.057727968334976065,NA,NA,NA
T89__time,-8.599043998694756e-05,-0.029922427677847523,0.027327472958670725,NA,NA,NA
T91__cont_trait_0,-0.0428186871242229,-0.06315664463766585,-0.018348128206227318,0.04529534212126284,0.008651688885453472,0.08640935943188142
T91__cat_trait_0,0.0030467604824527773,-0.012459552553942422,0.023690853724273,NA,NA,NA
T91__pvr_0,-0.005379499043287334,-0.0368980362318968,0.027146025852976166,NA,NA,NA
T91__pvr_1,0.008131991771779716,-0.016271433474882788,0.036789185951910705,NA,NA,NA
T91__time,-0.0057849989562726465,-0.017955505653279576,0.005106816609618696,NA,NA,NA
T92__cont_trait_0,-0.015598671290112876,-0.053087655866725925,0.035425139636949654,0.07651796192507505,0.017108239844145133,0.16653727116709421
T92__cat_trait_0,-0.025112323161774582,-0.0635077623578804,0.009915685451209771,NA,NA,NA
T92__pvr_0,0.004008345732055611,-0.0431150208466762,0.05249185548377772,NA,NA,NA
T92__pvr_1,0.008935144625370168,-0.06259644651475335,0.08532534956763692,NA,NA,NA
T92__time,0.016185691028723533,-0.014692651728064837,0.05007525443739397,NA,NA,NA
T93__cont_trait_0,-0.027192153311483447,-0.04913733916651045,-0.004913381684491794,0.032500651687946205,0.006491601208114456,0.0704501352538897
T93__cat_trait_0,-0.016638412579379598,-0.04308036736141248,0.010888618677151714,NA,NA,NA
T93__pvr_0,-0.0053256074501227026,-0.04084169454340923,0.029962305936681845,NA,NA,NA
T93__pvr_1,0.004672186043863966,-0.04911489659108494,0.06088675275470246,NA,NA,NA
T93__time,-0.011115136005745178,-0.02246005994931643,0.0031327863710301496,NA,NA,NA
T94__cont_trait_0,-0.0326730732482285,-0.059901614181365914,-0.007688254524756553,0.06517104312814613,0.005372846952108094,0.1449002647120139
T94__cat_trait_0,0.0035940605566871973,-0.035104769633629754,0.044380907967435136,NA,NA,NA
T94__pvr_0,0.0012018183871112021,-0.04439650790495045,0.045447866833115684,NA,NA,NA
T94__pvr_1,0.013709009510137017,-0.014409795727862669,0.04936346545322945,NA,NA,NA
T94__time,-0.008760547068373887,-0.023030635249174536,0.00858841164853127,NA,NA,NA
T97__cont_trait_0,-0.03083653222211658,-0.056883026761303024,-0.006059620024298613,0.048780652633018014,0.0016682775432860786,0.12269276343958244
T97__cat_trait_0,0.005515520750847683,-0.028794364504358922,0.04485318258178303,NA,NA,NA
T97__pvr_0,-0.0048262031750567185,-0.03466688777976443,0.0334520247085673,NA,NA,NA
T97__pvr_1,0.00018973039059121545,-0.025264114879438238,0.026893905426802176,NA,NA,NA
T97__time,-0.009361638102060752,-0.023478503573146868,0.0046935527831531015,NA,NA,NA
T99__cont_trait_0,-0.02424276877966382,-0.056810509862788364,0.005115566732798695,0.06667582824621783,0.013425599723353193,0.13631223699592362
T99__cat_trait_0,-0.025350116744873592,-0.056184783246430635,0.00680619878321893,NA,NA,NA
T99__pvr_0,0.001838829318746266,-0.04809352202473634,0.048597241116806425,NA,NA,NA
T99__pvr_1,-0.0022427074859194145,-0.06633493364547499,0.06841566070142407,NA,NA,NA
T99__time,0.028572816947115214,-0.011033349586989592,0.07510805644872014,NA,NA,NA
T100__cont_trait_0,-0.03998083590434485,-0.06494502038227494,-0.014584683392333944,0.052201243503490494,0.009264655203159243,0.10728582137130693
T100__cat_trait_0,0.004604722166785149,-0.01241021311471439,0.02765473958395768,NA,NA,NA
T100__pvr_0,-0.0016892686896107796,-0.033016235494989506,0.035506795066186175,NA,NA,NA
T100__pvr_1,0.007805999885628299,-0.014985001221912111,0.036326835201703295,NA,NA,NA
T100__time,-0.006639148945780463,-0.01987137474311801,0.010660375826809499,NA,NA,NA
T101__cont_trait_0,-0.03519393429842183,-0.05775824920260589,-0.004930765917711577,0.08420231949509006,0.019511036948659924,0.17667094935686328
T101__cat_trait_0,0.010479487683103198,-0.027358125945030367,0.05680103651061836,NA,NA,NA
T101__pvr_0,-0.0003079593407076456,-0.04209295576998422,0.05048541527688405,NA,NA,NA
T101__pvr_1,0.01609080015998407,-0.011224081403320199,0.05609608731676974,NA,NA,NA
T101__time,0.005034150300319091,-0.016342600513930383,0.03385348663686043,NA,NA,NA
T102__cont_trait_0,-0.040006441290291274,-0.06941162711755015,-0.010028662294202309,0.057777616190326314,0.007053042319479952,0.12813451804679718
T102__cat_trait_0,0.002442547400572875,-0.013242380146863676,0.024621020241130224,NA,NA,NA
T102__pvr_0,0.006046862115784769,-0.029173050118396226,0.0492145339800469,NA,NA,NA
T102__pvr_1,0.009621104212526264,-0.01754538678409754,0.04851245661795696,NA,NA,NA
T102__time,-0.008426231239079493,-0.022466341805664473,0.008427222480815524,NA,NA,NA
T103__cont_trait_0,0.043078612017421365,-0.037674684429915124,0.1728555607896753,0.281556127577111,0.038218308024160846,0.5867440277630143
T103__cat_trait_0,0.0629674945726387,-0.011340839681717431,0.16483375759278363,NA,NA,NA
T103__pvr_0,0.018212559032045068,-0.09382410013224095,0.12114252063088984,NA,NA,NA
T103__pvr_1,0.03503121295724854,-0.10574057805668229,0.20991767740022066,NA,NA,NA
T103__time,0.03416647400694427,-0.03733032119672865,0.12559706841058654,NA,NA,NA
T104__cont_trait_0,-0.025075762999541343,-0.04740881122839394,-0.0021165275692905765,0.034104723433193256,0.005778145325886705,0.07193195900514279
T104__cat_trait_0,-0.01706854718786655,-0.04605954969824822,0.008032026721495517,NA,NA,NA
T104__pvr_0,-0.005740153611425513,-0.04278415315492492,0.030513067142438864,NA,NA,NA
T104__pvr_1,0.004484653336005217,-0.045035859234109285,0.06566115608938791,NA,NA,NA
T104__time,-0.010595241094791666,-0.02294167764863171,0.005160638245220627,NA,NA,NA
T105__cont_trait_0,-0.02729429608316146,-0.04932764685526064,-0.00477453886659924,0.032512829150923975,0.003761317492953657,0.06613374792773294
T105__cat_trait_0,-0.016670802333338283,-0.044041825427526174,0.009586725321483322,NA,NA,NA
T105__pvr_0,-0.005434834374448108,-0.04241336794142207,0.030183622263321334,NA,NA,NA
T105__pvr_1,0.0051077694989632395,-0.03911609149853936,0.07139129798805954,NA,NA,NA
T105__time,-0.011294782547904553,-0.022859808164438562,0.0031073608215431738,NA,NA,NA
T106__cont_trait_0,0.054739613265683974,-0.014689321085818394,0.15648961720332943,0.17648151392828232,0.024282547440932424,0.38588074521002225
T106__cat_trait_0,0.019478025235868942,-0.022820210477886276,0.07677071520922935,NA,NA,NA
T106__pvr_0,0.02256891208506971,-0.04104338806778539,0.10455021472520881,NA,NA,NA
T106__pvr_1,-0.02050502675723651,-0.07012314005648329,0.04192553443900965,NA,NA,NA
T106__time,0.012100215108083024,-0.019323032458956765,0.07140573117201927,NA,NA,NA
T107__cont_trait_0,-0.0005345069322771605,-0.08077052767474174,0.10383886409004084,0.2752726043065063,0.0376252855349561,0.5815593390934564
T107__cat_trait_0,0.07835810409479636,-0.0037121778661331345,0.18482379767051932,NA,NA,NA
T107__pvr_0,0.023918658402586782,-0.07448343044743462,0.13991635450148587,NA,NA,NA
T107__pvr_1,0.05941915466407467,-0.06466862487710495,0.20484453889811371,NA,NA,NA
T107__time,0.02601141908651245,-0.031106925183934223,0.09672561653446539,NA,NA,NA
T108__cont_trait_0,-0.025573650183541744,-0.05520326980129106,0.0016128585125958909,0.03614208634527708,0.004875165859896662,0.07846182614790673
T108__cat_trait_0,-0.016729625679159987,-0.044899989778279394,0.011004547615277457,NA,NA,NA
T108__pvr_0,-0.0037632362135684087,-0.03910125462190145,0.033968608525699925,NA,NA,NA
T108__pvr_1,0.006106469362511798,-0.0451748573973052,0.07301234374935157,NA,NA,NA
T108__time,-0.011997645931777724,-0.022991096465847894,0.001963564563007692,NA,NA,NA
T110__cont_trait_0,-0.015707535556680304,-0.04879096666573422,0.027772221139054178,0.08554696494961261,0.011074613950936327,0.18551768606930158
T110__cat_trait_0,0.011981727301798566,-0.014090877482474841,0.045918608687536555,NA,NA,NA
T110__pvr_0,-0.007807998197894548,-0.044268319892800105,0.030723233042382926,NA,NA,NA
T110__pvr_1,0.0128027286566556,-0.016236199835176608,0.042914992586449874,NA,NA,NA
T110__time,-0.0038217322450798613,-0.024657439540158747,0.024079979054852034,NA,NA,NA
T111__cont_trait_0,0.02415316089965593,-0.03473145478445301,0.08919475480938616,0.09524170164805316,0.012022897079371028,0.2139422338735023
T111__cat_trait_0,-0.020160746337141145,-0.05847836435897487,0.022634772105541802,NA,NA,NA
T111__pvr_0,-0.0034161797121519386,-0.05241464444648765,0.058032108536733656,NA,NA,NA
T111__pvr_1,0.008766142438957769,-0.07390065261707383,0.10699828440271034,NA,NA,NA
T111__time,-0.002200450632080616,-0.023092788562668574,0.027367790967931786,NA,NA,NA
T112__cont_trait_0,-0.027549840840088484,-0.051247135109990946,-0.00498517977964591,0.03269358997896194,0.004419853305672086,0.06795280886435451
T112__cat_trait_0,-0.016561974083416975,-0.04471752129543658,0.008818720877669847,NA,NA,NA
T112__pvr_0,-0.005033765520807156,-0.03934272239367318,0.0326217933456255,NA,NA,NA
T112__pvr_1,0.005246317772172448,-0.04337288813153381,0.066527677521921,NA,NA,NA
T112__time,-0.011506922339711066,-0.022315785103476846,0.00289303046367018,NA,NA,NA
T113__cont_trait_0,0.009030583576146075,-0.04979857888633582,0.06509083103414544,0.17001375995075682,0.0621177035982684,0.28937569955578246
T113__cat_trait_0,0.009694156273453687,-0.032576224877341214,0.05826178160155478,NA,NA,NA
T113__pvr_0,0.039647045507851746,-0.03243044758915907,0.10524431240371251,NA,NA,NA
T113__pvr_1,0.02413413643215423,-0.019841949470600223,0.0808504746500332,NA,NA,NA
T113__time,-0.000591936829662073,-0.019976210339296377,0.017944556774020348,NA,NA,NA
T114__cont_trait_0,0.20638927633075077,0.036108171219164625,0.3950454187001592,0.43644314230885206,0.13407264604493715,0.8724352640838092
T114__cat_trait_0,0.02855379459654804,-0.04380826468557725,0.1268981768730179,NA,NA,NA
T114__pvr_0,0.02849298432174778,-0.08924959329519244,0.16162702172420862,NA,NA,NA
T114__pvr_1,0.03894556050429523,-0.050226199322090534,0.16282523232377064,NA,NA,NA
T114__time,0.04596175156469731,-0.03152565531866623,0.16182767645636445,NA,NA,NA
T115__cont_trait_0,-0.041047370965082784,-0.06506917439928883,-0.015454550390128354,0.05238325932755559,0.008726528620355473,0.10485076013916922
T115__cat_trait_0,0.0042495480100619275,-0.013952771027523861,0.02644417925395594,NA,NA,NA
T115__pvr_0,-0.00032563268593957626,-0.03309088501089623,0.03673985224853397,NA,NA,NA
T115__pvr_1,0.00850234060673297,-0.01600053910301444,0.037082938685990816,NA,NA,NA
T115__time,-0.007095400629030099,-0.019642646600915255,0.011145960122655563,NA,NA,NA
T116__cont_trait_0,-0.013175872846750243,-0.05663610911964692,0.03947638330486344,0.10852926485303571,0.027040618969934198,0.21931229632024013
T116__cat_trait_0,0.003811256248049914,-0.01635910204886347,0.03181147073265259,NA,NA,NA
T116__pvr_0,0.027919928456293968,-0.02944713191981481,0.08482406427602009,NA,NA,NA
T116__pvr_1,0.01515955324228808,-0.019991836659692005,0.07214547530227562,NA,NA,NA
T116__time,-0.013285375237659132,-0.034408609689399045,0.008498227434700308,NA,NA,NA
T117__cont_trait_0,0.07325676967618339,-0.0038641990294694725,0.14473476997122076,0.17437964414384033,0.07990583494949234,0.2705278123264358
T117__cat_trait_0,0.008736426279580418,-0.027262423363422952,0.05076958029882247,NA,NA,NA
T117__pvr_0,-0.004881667236973128,-0.05963246412797984,0.05043925163137941,NA,NA,NA
T117__pvr_1,0.011869764599693052,-0.02154928761433879,0.05154335607286347,NA,NA,NA
T117__time,-0.002701424165456547,-0.03873213983717291,0.039855449708241224,NA,NA,NA
T119__cont_trait_0,0.06735788586865256,-0.002807209557734229,0.13453583284839285,0.18074648434837695,0.09906609791703058,0.27154999990981454
T119__cat_trait_0,0.010236058553375239,-0.02506958199228673,0.05695422105203793,NA,NA,NA
T119__pvr_0,-0.00013859309719203164,-0.05048090445793965,0.06278224396041447,NA,NA,NA
T119__pvr_1,0.011783714119340798,-0.021154704498464717,0.05001465446914183,NA,NA,NA
T119__time,0.0034076439133872163,-0.027857715752710822,0.03845772747442049,NA,NA,NA
T120__cont_trait_0,-7.705050660465616e-05,-0.061035246169628306,0.07299174684105497,0.16864293678847528,0.028905685928918998,0.3260828275359826
T120__cat_trait_0,0.006498270629355831,-0.016885148466730872,0.04235480816096439,NA,NA,NA
T120__pvr_0,0.03485506049007753,-0.036659885006508346,0.11968445858235627,NA,NA,NA
T120__pvr_1,0.01936659340857131,-0.025889986208155046,0.08587392986789776,NA,NA,NA
T120__time,0.019900287776262116,-0.025496486942769556,0.06406619832687643,NA,NA,NA
T123__cont_trait_0,-0.02777556081819237,-0.05473907224026213,-0.0013588749977785572,0.05811617611602997,0.010284498344476367,0.12536729287423495
T123__cat_trait_0,0.008410778702117504,-0.023571890579746686,0.04402888452981307,NA,NA,NA
T123__pvr_0,0.002594854210549201,-0.033593722290658906,0.04613558905941913,NA,NA,NA
T123__pvr_1,-0.0062582390564341105,-0.030275031742082504,0.019174351355395365,NA,NA,NA
T123__time,-0.0069554319128234,-0.021104084790002958,0.00836190294311126,NA,NA,NA
T124__cont_trait_0,0.10910003727267663,0.026687747622156435,0.1972321601952855,0.25663550257245993,0.1328627733272952,0.39360951781778614
T124__cat_trait_0,0.016291359463671357,-0.028659631644359973,0.0795292708705656,NA,NA,NA
T124__pvr_0,0.006384028725245254,-0.06420663391601968,0.06920671529730392,NA,NA,NA
T124__pvr_1,0.020805477699856096,-0.025643206068756065,0.07157667338316247,NA,NA,NA
T124__time,0.015954824420197362,-0.02398160518406993,0.06012055396662723,NA,NA,NA
T125__cont_trait_0,0.04624364204973177,-0.01896356210252445,0.10548689472508016,0.19324819764814485,0.08545841471006528,0.34743363868176114
T125__cat_trait_0,0.016058037607944053,-0.021360511263919826,0.06774823185519192,NA,NA,NA
T125__pvr_0,0.014642029429969379,-0.033663997294662705,0.08126918122361237,NA,NA,NA
T125__pvr_1,0.016242455972912996,-0.023616450130432176,0.06250208791290383,NA,NA,NA
T125__time,0.011962257596773577,-0.020716676755852776,0.04674372829139998,NA,NA,NA
T126__cont_trait_0,0.147213209118191,0.03744240958626348,0.25079058541333854,0.3415107478642298,0.12144671965122424,0.5834831467478686
T126__cat_trait_0,0.025102286643368502,-0.04158599764761481,0.10439753977021583,NA,NA,NA
T126__pvr_0,0.020637592004544188,-0.05491280653883541,0.1260269718199202,NA,NA,NA
T126__pvr_1,0.028138087243048122,-0.029807740480451463,0.10685357521811091,NA,NA,NA
T126__time,0.03231979786426479,-0.018729985198674304,0.1070495235366409,NA,NA,NA
T127__cont_trait_0,-0.012330757745128167,-0.058200536046192165,0.033826084546703564,0.10349523068388332,0.02631573256451105,0.2033860031655556
T127__cat_trait_0,0.011748367284910846,-0.016886446016129108,0.05253301542848343,NA,NA,NA
T127__pvr_0,0.006911126748435052,-0.03337483710221695,0.05714937936626636,NA,NA,NA
T127__pvr_1,0.016727726947637037,-0.012964215059935159,0.059463502568697146,NA,NA,NA
T127__time,-0.007661007542784617,-0.02206790670473121,0.007780214748235197,NA,NA,NA
T129__cont_trait_0,0.07749144915512401,-0.004792116640448672,0.1487404541052632,0.23174308719957862,0.0979569850234702,0.38257614255801975
T129__cat_trait_0,0.01762385092573425,-0.02955250788162772,0.07715238120724252,NA,NA,NA
T129__pvr_0,0.01358092082169164,-0.04453235313672915,0.08047889311444661,NA,NA,NA
T129__pvr_1,0.014870215938303177,-0.026158072509878175,0.06593105702246221,NA,NA,NA
T129__time,0.02007687536791236,-0.013411310718733555,0.06583547647034144,NA,NA,NA
T130__cont_trait_0,0.046079912922296754,-0.017328173536742788,0.10817626922681835,0.19143945529787162,0.06568476783413252,0.32462663227447547
T130__cat_trait_0,0.01582546792312641,-0.02153006518150106,0.06716464574976624,NA,NA,NA
T130__pvr_0,0.014362441952997419,-0.03671963473710228,0.07831616829941969,NA,NA,NA
T130__pvr_1,0.014973342337593287,-0.02427189583419303,0.06122032724015365,NA,NA,NA
T130__time,0.012098515171044622,-0.02049074870399816,0.046806028622518314,NA,NA,NA
T131__cont_trait_0,0.22036087535230786,0.08234194369755772,0.4086240185293649,0.43320768276356286,0.18025434435528676,0.815595951544945
T131__cat_trait_0,0.022627539661030927,-0.03488682721598185,0.1122393403346478,NA,NA,NA
T131__pvr_0,0.03241445566091674,-0.09862668455250875,0.20031580156299128,NA,NA,NA
T131__pvr_1,0.019273229444848633,-0.10565741423055688,0.16004121668888166,NA,NA,NA
T131__time,0.05043180765364536,-0.012118952576953376,0.16923006794542494,NA,NA,NA
T132__cont_trait_0,-0.0028199091404404997,-0.042756765158378715,0.04201771006501851,0.11741561388978702,0.0364179187430739,0.21343219705484032
T132__cat_trait_0,0.016972587623793195,-0.021516598835082272,0.06143242968145691,NA,NA,NA
T132__pvr_0,0.014675397555681596,-0.032570166117090106,0.06977089088502504,NA,NA,NA
T132__pvr_1,-0.0007701921633534075,-0.03329846226867027,0.033211250834543654,NA,NA,NA
T132__time,0.0012579550232930177,-0.016910447569640684,0.01882055901291056,NA,NA,NA
T133__cont_trait_0,0.20647777170593315,0.0732399283420095,0.36214370960862285,0.3913173318654736,0.1631776846953697,0.6668000589598895
T133__cat_trait_0,0.021287054830155784,-0.03269676274816315,0.10414752343112033,NA,NA,NA
T133__pvr_0,0.0302700227171138,-0.10460044658800388,0.1660769473229211,NA,NA,NA
T133__pvr_1,0.008896987308759997,-0.10701050641266047,0.13202611223597716,NA,NA,NA
T133__time,0.036285720312697944,-0.011501848267279423,0.12972275535153271,NA,NA,NA
T134__cont_trait_0,0.02974312141764967,-0.031427327936889064,0.10761084992154515,0.13328697070005388,0.018304629990203554,0.28726319322487276
T134__cat_trait_0,0.0149675088001376,-0.023288802523768005,0.057135358907867015,NA,NA,NA
T134__pvr_0,0.013776138453563746,-0.04089965198146031,0.07781023704056964,NA,NA,NA
T134__pvr_1,-0.01899194272260476,-0.05904301220236605,0.03137664519502757,NA,NA,NA
T134__time,0.0056923697604944435,-0.01669592887574127,0.041172387245332814,NA,NA,NA
T135__cont_trait_0,-0.023070590068333435,-0.053410787538505866,0.012739894046699247,0.05398994695868136,0.00796592754890871,0.11668408746624058
T135__cat_trait_0,0.008715799660073274,-0.012480676728248909,0.038005355169052915,NA,NA,NA
T135__pvr_0,-0.001234884832059031,-0.03319144018843968,0.0417730932181315,NA,NA,NA
T135__pvr_1,-0.009312011347939044,-0.03432607914509407,0.014681968672584277,NA,NA,NA
T135__time,-0.009208141443873533,-0.02172976362691946,0.006318813382856326,NA,NA,NA
T136__cont_trait_0,0.08998769773605454,0.017321337461145954,0.1710137256627302,0.20233353551269548,0.11132242381565477,0.31369710998871814
T136__cat_trait_0,0.011398052333838813,-0.02878577697017412,0.062488312816709524,NA,NA,NA
T136__pvr_0,-0.003980315157260334,-0.06565774886037096,0.058577562634544826,NA,NA,NA
T136__pvr_1,0.011147212626913896,-0.023033749238144927,0.054384532751675395,NA,NA,NA
T136__time,0.005681112982335475,-0.032390874626235924,0.04455177389677893,NA,NA,NA
T137__cont_trait_0,0.01645655889956905,-0.030120292201860657,0.08382310188534163,0.0872251486904172,0.008074156681630279,0.20796068500022452
T137__cat_trait_0,-0.019645636191686747,-0.05422047819927723,0.022876135927409294,NA,NA,NA
T137__pvr_0,-0.003861376354689809,-0.05149250243066045,0.05313744436383309,NA,NA,NA
T137__pvr_1,0.00996326989622148,-0.07522845645803215,0.09715856291867031,NA,NA,NA
T137__time,-0.003787442549809968,-0.03020979892820944,0.031144537948336534,NA,NA,NA
T138__cont_trait_0,-0.00827660506226759,-0.04727020724307001,0.032455438667065115,0.10415330797679172,0.02622914197694,0.19463300553013663
T138__cat_trait_0,0.01687044460177046,-0.020015792576737215,0.06133751663736943,NA,NA,NA
T138__pvr_0,0.011401986303430036,-0.03320534192557113,0.0627332080762326,NA,NA,NA
T138__pvr_1,-0.002688919195619347,-0.030967106482533313,0.0337581927532758,NA,NA,NA
T138__time,-0.0012533736613349986,-0.01585010228205567,0.012931754876597923,NA,NA,NA
T139__cont_trait_0,0.19419030614802485,0.054048815968061284,0.3577901313365932,0.38522544722184415,0.13586438443935067,0.7459714954667479
T139__cat_trait_0,0.024265521909041483,-0.04423758317457459,0.10316532970717664,NA,NA,NA
T139__pvr_0,0.037795495018416385,-0.08534519845454387,0.18543047505092636,NA,NA,NA
T139__pvr_1,0.004189266112085144,-0.0999449826699303,0.1292529277762301,NA,NA,NA
T139__time,0.03668508304346318,-0.02272919022920386,0.11783588979642118,NA,NA,NA
T140__cont_trait_0,0.007273578663261517,-0.037316964010482435,0.06016038141170685,0.11355546993897982,0.04986183794595957,0.17969847742840922
T140__cat_trait_0,0.006207599829830976,-0.022993904023920184,0.035537303421625845,NA,NA,NA
T140__pvr_0,0.004622717094125333,-0.03679784774816649,0.05459419989013707,NA,NA,NA
T140__pvr_1,0.01183879621231661,-0.017344221238259634,0.04117468962337592,NA,NA,NA
T140__time,-0.004486996851367754,-0.028748827078510657,0.01756486714953963,NA,NA,NA
T141__cont_trait_0,0.050109213721787435,-0.009462189540343337,0.11192620438131992,0.1546065789692414,0.08751259303871955,0.23690533888084028
T141__cat_trait_0,0.00826365602347199,-0.022769095192545462,0.050803329473601756,NA,NA,NA
T141__pvr_0,-0.0009839320398020665,-0.05134550602046347,0.055215301188089407,NA,NA,NA
T141__pvr_1,0.010129468873024692,-0.018831564569105924,0.04339199857701198,NA,NA,NA
T141__time,-0.001011602600053801,-0.029232919074849276,0.028118590557198713,NA,NA,NA
T142__cont_trait_0,-3.66173548628367e-05,-0.04657623655460573,0.04620470299601923,0.11185463349540847,0.04375500945481191,0.1905258717929917
T142__cat_trait_0,0.0073197172960585075,-0.021849711825859125,0.04041240184818537,NA,NA,NA
T142__pvr_0,0.00733067035917747,-0.03943101055410475,0.05290307723940589,NA,NA,NA
T142__pvr_1,0.01342298128553823,-0.016084815504934343,0.04583383258471941,NA,NA,NA
T142__time,-0.004281893081316058,-0.027387481502801778,0.015214251222258765,NA,NA,NA
T143__cont_trait_0,0.12094257031851684,0.02796081136930343,0.21877173857442328,0.2918595336676839,0.11297579432266779,0.45737621922076854
T143__cat_trait_0,0.02104395146020993,-0.03560491577019091,0.09427030233882253,NA,NA,NA
T143__pvr_0,0.01371439576857784,-0.06063654938903278,0.09003322401828488,NA,NA,NA
T143__pvr_1,0.01924407563874318,-0.02994144056449706,0.08180117890186794,NA,NA,NA
T143__time,0.028814765490822916,-0.012359488460280163,0.0837721684850618,NA,NA,NA
T144__cont_trait_0,0.003679919460184949,-0.0452837752585217,0.0492817838780605,0.11591549596535795,0.04725288830906558,0.19328509417994116
T144__cat_trait_0,0.008038042109331822,-0.023528866790431285,0.04049321910963419,NA,NA,NA
T144__pvr_0,0.007742560965272398,-0.038267255314676604,0.05779245006384217,NA,NA,NA
T144__pvr_1,0.013063367372927763,-0.014497946705078937,0.04855086378359223,NA,NA,NA
T144__time,-0.004708168933172116,-0.022733554292453734,0.013941061691151453,NA,NA,NA
T145__cont_trait_0,0.19126384973369098,0.06196960809189671,0.33285930217940507,0.3440234139365907,0.1518776922847692,0.5417579661893182
T145__cat_trait_0,0.01761595238501327,-0.029488030624502365,0.08725181078929586,NA,NA,NA
T145__pvr_0,0.02277133770327888,-0.09506508011987562,0.1477943128695785,NA,NA,NA
T145__pvr_1,0.0017019037627300096,-0.11020570164659202,0.13157837740004405,NA,NA,NA
T145__time,0.022570595361064438,-0.013354289077294218,0.08859350863783144,NA,NA,NA
T146__cont_trait_0,0.12114450416005428,0.02931395796940981,0.2253034934576364,0.2815386169694794,0.13066502365658547,0.48504615663150613
T146__cat_trait_0,0.015894947881570153,-0.035310347061198066,0.08174600302751614,NA,NA,NA
T146__pvr_0,0.0271281278272195,-0.05936240164164701,0.1160941087755148,NA,NA,NA
T146__pvr_1,0.012832462948237991,-0.04118219731546207,0.08327332789119929,NA,NA,NA
T146__time,0.016438799161584097,-0.031836566083713116,0.06598135982963829,NA,NA,NA
T148__cont_trait_0,0.016109619068975695,-0.030869238552290887,0.07295790272209741,0.12045624282716394,0.05486744043906287,0.18581611288356142
T148__cat_trait_0,0.006494287634481868,-0.02153464995475473,0.04001707486359889,NA,NA,NA
T148__pvr_0,0.0031839669835158385,-0.044889240617573954,0.049261534374597536,NA,NA,NA
T148__pvr_1,0.010946660171264999,-0.015961853931088107,0.04135195637350693,NA,NA,NA
T148__time,-0.004378066021887618,-0.028685935618947375,0.017793386680417772,NA,NA,NA
T149__cont_trait_0,0.19979475146743705,0.056156783723787795,0.36547700828082175,0.36593537289676276,0.15021419017094084,0.6342381598196394
T149__cat_trait_0,0.01671236025161838,-0.0450027238354975,0.0781996067073437,NA,NA,NA
T149__pvr_0,0.018856820929017866,-0.10024343616728423,0.14660620295044907,NA,NA,NA
T149__pvr_1,0.014521500738489514,-0.09851576718085575,0.1507981547570863,NA,NA,NA
T149__time,0.027950164519386967,-0.015528226050493657,0.10026708456921583,NA,NA,NA
T150__cont_trait_0,-0.011594806590783097,-0.054275436363637936,0.03150665762924203,0.05860928229170319,0.009169652029617184,0.1255703586627727
T150__cat_trait_0,0.0024725511278364093,-0.011250100768997134,0.02079713715438275,NA,NA,NA
T150__pvr_0,-0.00393639559330939,-0.047675640676617,0.050169225726612796,NA,NA,NA
T150__pvr_1,-0.00983207289668798,-0.03742346975696831,0.024732876911673987,NA,NA,NA
T150__time,-0.006599768746165899,-0.022538559338415684,0.00948455399015984,NA,NA,NA
T151__cont_trait_0,0.2024336351472208,0.04387176108278704,0.39596718898214334,0.37449028754289265,0.12024921189087238,0.6667256072225989
T151__cat_trait_0,0.01578413394546493,-0.031159029322961607,0.08967606749989071,NA,NA,NA
T151__pvr_0,0.01571340528998851,-0.1111818181192639,0.14637622577584614,NA,NA,NA
T151__pvr_1,0.01958023933363108,-0.10751767168574539,0.1523960226516687,NA,NA,NA
T151__time,0.03287909883577395,-0.01841030063244238,0.1185848086177608,NA,NA,NA
T152__cont_trait_0,0.21067733476003744,0.0794103180354222,0.38725745994993666,0.40148813921847537,0.14890528287039778,0.691224577672796
T152__cat_trait_0,0.019915494830319843,-0.0381642128570132,0.09290476926901947,NA,NA,NA
T152__pvr_0,0.02721423576420327,-0.11055660010342147,0.15798293863571367,NA,NA,NA
T152__pvr_1,0.014111446354513807,-0.10287291498370188,0.1545372120069872,NA,NA,NA
T152__time,0.04146985251858771,-0.013491184714845256,0.14557461136275573,NA,NA,NA
T153__cont_trait_0,-0.02888906447033243,-0.06000371203749161,0.016554580112805084,0.0864561161074483,0.016389097827803657,0.1674540256429582
T153__cat_trait_0,0.002062535108909257,-0.017006056107875346,0.02477152307219588,NA,NA,NA
T153__pvr_0,0.01728923005871659,-0.023470486518903235,0.06944677310458303,NA,NA,NA
T153__pvr_1,0.014064114163537146,-0.01854198234639189,0.0699828114463483,NA,NA,NA
T153__time,-0.006170473744195404,-0.01868766423840259,0.005406809828478061,NA,NA,NA
T154__cont_trait_0,0.038537838257072146,-0.020134460925846746,0.10049744678250305,0.17736595524690218,0.07322532071163684,0.32174609829686573
T154__cat_trait_0,0.01484137571329787,-0.024934508370796298,0.058391991365941504,NA,NA,NA
T154__pvr_0,0.01354586813271922,-0.03319555866657655,0.07980479325982373,NA,NA,NA
T154__pvr_1,0.012891600914057475,-0.027597669772284703,0.05397461839450314,NA,NA,NA
T154__time,0.00944949723894225,-0.021023081123567183,0.04339184584769321,NA,NA,NA
T155__cont_trait_0,0.18127440071234105,0.04480717212598958,0.30952542365295116,0.3722021296201586,0.1670044078000038,0.6299218155160897
T155__cat_trait_0,0.025707751882253965,-0.042713244282527624,0.10764270971698575,NA,NA,NA
T155__pvr_0,0.012115458130894236,-0.07923386196568621,0.1202457863175748,NA,NA,NA
T155__pvr_1,0.033329097824973786,-0.023140752259671618,0.12446504219016916,NA,NA,NA
T155__time,0.03167564607888243,-0.017952863919288464,0.09150656629537046,NA,NA,NA
T156__cont_trait_0,0.08683398180352435,-0.006473064761576949,0.19422326083603159,0.21351221535684076,0.0404909083834176,0.4475860443510342
T156__cat_trait_0,0.016514835117372166,-0.029606751166427785,0.073973030339985,NA,NA,NA
T156__pvr_0,0.021449990230535492,-0.05978382840097138,0.11262548231471815,NA,NA,NA
T156__pvr_1,-0.011919854604205249,-0.0750406686956387,0.06123571102835418,NA,NA,NA
T156__time,0.01253348781880082,-0.02198568915867958,0.051114282702715924,NA,NA,NA
T157__cont_trait_0,-0.02308936981764565,-0.046726142920352064,-3.243227585427583e-05,0.03597472377018514,0.005474270470060265,0.07514643746133497
T157__cat_trait_0,-0.017454374108774155,-0.04440692063474502,0.011368102033391583,NA,NA,NA
T157__pvr_0,-0.005995584138635982,-0.04454882850049642,0.030899371929879026,NA,NA,NA
T157__pvr_1,0.004773801134954559,-0.04637910085331935,0.06380780794691815,NA,NA,NA
T157__time,-0.01035952429052678,-0.024395038503516726,0.005796975454659247,NA,NA,NA
T158__cont_trait_0,-0.026425935612025026,-0.04936815632581329,-0.005689240082964689,0.03297939908850112,0.00520672906903237,0.07058909820320927
T158__cat_trait_0,-0.01679629920225119,-0.046061131040217654,0.007618038129665303,NA,NA,NA
T158__pvr_0,-0.005519666750028855,-0.04092084951504729,0.030912960991538275,NA,NA,NA
T158__pvr_1,0.004475799175172721,-0.039839256778296285,0.07009767997760011,NA,NA,NA
T158__time,-0.010854273513179713,-0.02304431673764412,0.003775772212898324,NA,NA,NA
T159__cont_trait_0,0.11015673187412597,-0.01082256948884085,0.2382928909640052,0.22151166823889515,0.04929321408789024,0.5002257502503031
T159__cat_trait_0,-0.025407019877028366,-0.10663934777412094,0.07027690565665179,NA,NA,NA
T159__pvr_0,-0.0020028529396648414,-0.08837479271746683,0.0844146435438533,NA,NA,NA
T159__pvr_1,0.04299996360513723,-0.014789027970991048,0.1393083741540616,NA,NA,NA
T159__time,0.007665070585511926,-0.02453296090463776,0.05072141659187373,NA,NA,NA
T160__cont_trait_0,-0.03191314126389569,-0.05781858918198138,-0.0053390948302101775,0.04150459647267597,0.006695316559539186,0.09374010396290731
T160__cat_trait_0,0.007510552759327255,-0.013373182616848445,0.030959946507772812,NA,NA,NA
T160__pvr_0,-0.004082594274558461,-0.03674090301697453,0.033529165061392766,NA,NA,NA
T160__pvr_1,-0.00845488310705899,-0.0312817552926418,0.010625810905083348,NA,NA,NA
T160__time,-0.009655112631951311,-0.020872835090089505,0.0038693861058134056,NA,NA,NA
T161__cont_trait_0,0.18745553840924647,0.04843974892785612,0.3541062234085858,0.3313578883127743,0.1304792720752941,0.5470554004836056
T161__cat_trait_0,0.014712006851207588,-0.039582320976835436,0.07575380332979044,NA,NA,NA
T161__pvr_0,0.014396867166502063,-0.10088380334561362,0.13106735962528576,NA,NA,NA
T161__pvr_1,0.008916796459053222,-0.11579613426709344,0.13248942755184454,NA,NA,NA
T161__time,0.017776904435951858,-0.01890378363387174,0.0727944440645712,NA,NA,NA
T162__cont_trait_0,-0.017679628843957258,-0.05997158863826413,0.029526384103734395,0.11228898183805501,0.030506243116860378,0.21268798764783556
T162__cat_trait_0,0.002695896757836728,-0.018153191933038104,0.026980874583516525,NA,NA,NA
T162__pvr_0,0.02420548472187168,-0.024075713805745136,0.08279525503280932,NA,NA,NA
T162__pvr_1,0.015925537778386335,-0.01873009238256381,0.07757854079292378,NA,NA,NA
T162__time,-0.0009580835668956719,-0.01824804861417851,0.020005157083371347,NA,NA,NA
T163__cont_trait_0,-0.0022546288894341356,-0.05838889936810167,0.07154422175511382,0.19167460398998268,0.035678590590651066,0.40926714497649225
T163__cat_trait_0,0.06005068559246801,-0.00103097115000211,0.14722240193523212,NA,NA,NA
T163__pvr_0,0.004960557844070847,-0.06771722944321915,0.08456367117056762,NA,NA,NA
T163__pvr_1,0.04955613230883292,-0.053131597703105084,0.1695517507522762,NA,NA,NA
T163__time,-0.008737917856768161,-0.030054896576303704,0.012872419041455866,NA,NA,NA
T164__cont_trait_0,0.1258479955805264,-0.004444698159750144,0.27211571363090775,0.2380101207026315,0.05168097148563527,0.5174707316024658
T164__cat_trait_0,-0.028238627691569814,-0.10508758373924881,0.07904525154586302,NA,NA,NA
T164__pvr_0,0.0004916586901508503,-0.08139843371682377,0.09442469010590859,NA,NA,NA
T164__pvr_1,0.04464470849066074,-0.021198672491424937,0.13229351976497955,NA,NA,NA
T164__time,0.007164610642050157,-0.028179304106821568,0.04534158393219084,NA,NA,NA
T165__cont_trait_0,-0.006247827668975218,-0.057332710075636395,0.05302294837749907,0.1381877295555522,0.035085205150491044,0.2556626131872996
T165__cat_trait_0,0.004108855493943143,-0.016312013368939112,0.031885215023377836,NA,NA,NA
T165__pvr_0,0.030143805706646844,-0.03402963645255831,0.0977709425563284,NA,NA,NA
T165__pvr_1,0.017231500006896466,-0.021994770517367007,0.08130298869529409,NA,NA,NA
T165__time,0.004851621026227811,-0.01871299978604674,0.033444752585989286,NA,NA,NA
T166__cont_trait_0,0.19582536429808178,0.021594081603659804,0.43655829220270315,0.4638246212166514,0.07175830333442135,1.0542182847080943
T166__cat_trait_0,0.05968778057613762,-0.03558149190013607,0.21199560819135133,NA,NA,NA
T166__pvr_0,0.03677282033908793,-0.08561336438484869,0.21775380173390885,NA,NA,NA
T166__pvr_1,0.0646950965739712,-0.03831078164563967,0.20866047408686134,NA,NA,NA
T166__time,0.018743784438559657,-0.038256967097821254,0.09587157403414204,NA,NA,NA
T167__cont_trait_0,0.14913141673807745,0.02804034911601768,0.2958528559234449,0.2318426761838197,0.06474394700204295,0.4068349138045409
T167__cat_trait_0,0.013969392552357523,-0.02261537865644222,0.06736430758725087,NA,NA,NA
T167__pvr_0,0.013756225752026497,-0.08600914091208575,0.10572789165341866,NA,NA,NA
T167__pvr_1,-0.0131228958216286,-0.12975011006681017,0.09231449166740663,NA,NA,NA
T167__time,-0.01999123802782625,-0.05140588353468095,0.022772807057977573,NA,NA,NA
T169__cont_trait_0,-0.015712498185863184,-0.04814207862791069,0.02429430856635815,0.082859853307016,0.017148067187477946,0.16522068620209743
T169__cat_trait_0,0.014061318663019523,-0.019130790092127148,0.05816799458336263,NA,NA,NA
T169__pvr_0,0.007550895952258976,-0.03401321393411667,0.05745307270977703,NA,NA,NA
T169__pvr_1,-0.005337759922819561,-0.036470761358659703,0.023788012708951495,NA,NA,NA
T169__time,-0.005801878190392902,-0.019364421695242023,0.009780422825547553,NA,NA,NA
T171__cont_trait_0,0.1725874346876788,0.030552800614527812,0.33738830389191854,0.3191471495390593,0.02837556647793931,0.6812812313390438
T171__cat_trait_0,-0.0007993879876111552,-0.07416463093414095,0.0898464688343759,NA,NA,NA
T171__pvr_0,0.04854060252212995,-0.06005764711344261,0.17899889611275685,NA,NA,NA
T171__pvr_1,-0.005011898437780869,-0.10374696808004283,0.1335386882648896,NA,NA,NA
T171__time,0.015730623763829398,-0.02107438728688269,0.07269638880919267,NA,NA,NA
T172__cont_trait_0,0.01782029399635393,-0.04535979971879493,0.08981062924750394,0.16712896320622592,0.044278533114262435,0.31210658597346363
T172__cat_trait_0,0.007958652463757617,-0.03436278508019898,0.058678399339113896,NA,NA,NA
T172__pvr_0,0.04131852188800523,-0.03339177938812653,0.11023445316894673,NA,NA,NA
T172__pvr_1,0.022395414342652676,-0.01276010285987126,0.07985425150953607,NA,NA,NA
T172__time,-0.010463694475356703,-0.033019319420578716,0.017210438592682162,NA,NA,NA
T173__cont_trait_0,0.0066061516164419,-0.05119482679442867,0.0626064817354815,0.164872140642517,0.04504213339283768,0.2928255851551883
T173__cat_trait_0,0.01250642156993904,-0.02990212653730566,0.06346777088598735,NA,NA,NA
T173__pvr_0,0.03944089390710972,-0.03075119358154183,0.10162197530934132,NA,NA,NA
T173__pvr_1,0.024487054397869707,-0.02028097724089803,0.08451777497729226,NA,NA,NA
T173__time,-0.006268155839656515,-0.023543311987435724,0.012310009107578929,NA,NA,NA
T174__cont_trait_0,0.10645244788867503,0.023301256677700048,0.19112177085538334,0.25499172626504835,0.12642304387745432,0.3860041521538044
T174__cat_trait_0,0.01678360745208675,-0.031199326185664837,0.08005651620244347,NA,NA,NA
T174__pvr_0,0.00656067132245237,-0.0520572110833214,0.08085425170985544,NA,NA,NA
T174__pvr_1,0.01821323753752688,-0.023205301579186426,0.07045652495504143,NA,NA,NA
T174__time,0.018881987073494186,-0.015523689827727186,0.06437117969029037,NA,NA,NA
T175__cont_trait_0,-0.030057558720682134,-0.05099662563294639,-0.006623176709004585,0.04360745185616147,0.0040144547968953975,0.10867414132673926
T175__cat_trait_0,0.004308498043795604,-0.027326349523236565,0.03776469672834991,NA,NA,NA
T175__pvr_0,-0.003960863381212522,-0.036617879111302466,0.041502023430331075,NA,NA,NA
T175__pvr_1,-0.00889738388501479,-0.03076866658945958,0.020023640413346463,NA,NA,NA
T175__time,-0.00588501519153784,-0.017494585689722418,0.005818278868757267,NA,NA,NA
T176__cont_trait_0,0.013652605304170902,-0.04571061057958416,0.07942915233557354,0.167761783667029,0.06151035303221077,0.30607712012023974
T176__cat_trait_0,0.008534124647877846,-0.033155572771277744,0.057131971813747504,NA,NA,NA
T176__pvr_0,0.040996406061386007,-0.029935531724364427,0.1130856116118198,NA,NA,NA
T176__pvr_1,0.023250740432655462,-0.016803699228891796,0.07839676873460186,NA,NA,NA
T176__time,-0.006771867769874376,-0.02698089774776529,0.008657961045004048,NA,NA,NA
T177__cont_trait_0,0.012223849389260077,-0.03758981591354399,0.06410521610231135,0.13974895185212655,0.04701403429116119,0.26395131187781035
T177__cat_trait_0,0.01349336125583781,-0.02106699785442805,0.06030979880696727,NA,NA,NA
T177__pvr_0,0.012837297962456133,-0.03705536274860144,0.07168208612894068,NA,NA,NA
T177__pvr_1,0.013914353807705894,-0.020817259462192216,0.056638221330616766,NA,NA,NA
T177__time,-0.0008196855539465328,-0.025037047605816966,0.029244956208200786,NA,NA,NA
T178__cont_trait_0,0.14285159740002865,0.03416577209377927,0.23817038118179967,0.3221965640157373,0.1359549560949628,0.515855175600842
T178__cat_trait_0,0.022488428660418128,-0.037583807801376476,0.09769878940899443,NA,NA,NA
T178__pvr_0,0.013984880365022429,-0.06368101307709331,0.10652361740373167,NA,NA,NA
T178__pvr_1,0.024118715808224635,-0.02915821682157286,0.094906927320463,NA,NA,NA
T178__time,0.030653166791230358,-0.017454438490426834,0.0855530957290944,NA,NA,NA
T179__cont_trait_0,0.19595704393701055,0.01677120932882639,0.4292877922574669,0.4530731363568495,0.04209047446506028,0.9984807390460385
T179__cat_trait_0,0.05886136598514163,-0.035933328234699684,0.20417291791273434,NA,NA,NA
T179__pvr_0,0.036453838217838895,-0.09314773239695047,0.20999132332954235,NA,NA,NA
T179__pvr_1,0.06363218907311279,-0.044018480528997254,0.2015101267478234,NA,NA,NA
T179__time,0.010068924152932108,-0.04379260228346524,0.07840044120680101,NA,NA,NA
T180__cont_trait_0,0.1521183808957242,0.022113629504046387,0.29483475529924347,0.23691816374436286,0.07206369467642873,0.40747008769146303
T180__cat_trait_0,0.013348289307652195,-0.024809277109321702,0.06290015277857275,NA,NA,NA
T180__pvr_0,0.011754533377757134,-0.08499136470123596,0.10333389911404912,NA,NA,NA
T180__pvr_1,-0.009458268025187214,-0.13003362213338351,0.08862415715879796,NA,NA,NA
T180__time,-0.01894454680239657,-0.05398932205389412,0.015373679822238029,NA,NA,NA
T182__cont_trait_0,0.14389302980739527,0.0010298818759581592,0.30992698737899926,0.2484563930797896,0.02581884836387105,0.5443500003737455
T182__cat_trait_0,-0.03079944651794132,-0.12859562683506529,0.0643382857954648,NA,NA,NA
T182__pvr_0,0.01238520327414566,-0.06731441399738278,0.12307580050804089,NA,NA,NA
T182__pvr_1,0.042147448646079444,-0.03118522022258305,0.13451780026269927,NA,NA,NA
T182__time,-0.00726961712070275,-0.06491185873309865,0.05344231101133426,NA,NA,NA
T184__cont_trait_0,0.1852908349713393,0.054109498294013396,0.32654103793977984,0.3773196821960439,0.15960865214731507,0.6472772329079144
T184__cat_trait_0,0.025989952614636675,-0.0414395438443968,0.10892256622020355,NA,NA,NA
T184__pvr_0,0.01221816786858666,-0.07979125015493022,0.12356522123238123,NA,NA,NA
T184__pvr_1,0.034222528388700796,-0.030954178889328166,0.12183625113360996,NA,NA,NA
T184__time,0.03149842336196734,-0.018755738735334676,0.08958576286029234,NA,NA,NA
T185__cont_trait_0,0.1601671504684895,0.0425419351483432,0.2710224837634719,0.3331747587318114,0.15175820042417038,0.5428371139686282
T185__cat_trait_0,0.0223261030474589,-0.03513634262522347,0.09880254847531056,NA,NA,NA
T185__pvr_0,0.008456210609430555,-0.080268933379125,0.10210676049360684,NA,NA,NA
T185__pvr_1,0.02506342840608079,-0.028166764270200484,0.09923784491510393,NA,NA,NA
T185__time,0.029062091209538544,-0.015747701659925534,0.08529391989912033,NA,NA,NA
T186__cont_trait_0,0.187698588614118,0.05553252706279752,0.32108453586962304,0.38046116315980516,0.15916702141411768,0.6626728695661284
T186__cat_trait_0,0.026188638537308552,-0.04554090956048204,0.10542101673466844,NA,NA,NA
T186__pvr_0,0.015559543601562751,-0.08267199951164042,0.12109619309559658,NA,NA,NA
T186__pvr_1,0.03362614859488754,-0.03476975411363051,0.1242376824113036,NA,NA,NA
T186__time,0.029288468821115146,-0.017811221033074802,0.10096751519547281,NA,NA,NA
T188__cont_trait_0,0.010234986098035886,-0.04883910957345407,0.06734853713641042,0.09466045559403581,0.02305282278680921,0.18119653055033869
T188__cat_trait_0,0.0037178649785365825,-0.015225457316453594,0.027121243084453663,NA,NA,NA
T188__pvr_0,0.004421535149930749,-0.054353585235308005,0.07341120550885732,NA,NA,NA
T188__pvr_1,-0.00436644067285428,-0.03765606699918496,0.03385018582151231,NA,NA,NA
T188__time,-0.007447264950426287,-0.027438618044977298,0.01631881696207985,NA,NA,NA
T189__cont_trait_0,-0.013188950438466764,-0.04006199247588544,0.01754946950854447,0.04538839030271589,0.00660609645526701,0.09437094161749865
T189__cat_trait_0,-0.019539123450333797,-0.04529901742578586,0.01221348385362146,NA,NA,NA
T189__pvr_0,-0.005409203616899088,-0.04892684377214146,0.03277723408397788,NA,NA,NA
T189__pvr_1,0.0029595908896178132,-0.05545719260649783,0.06992677583243262,NA,NA,NA
T189__time,-0.007533698072015425,-0.019981886423930947,0.005495289405349843,NA,NA,NA
T190__cont_trait_0,0.035517648832251995,-0.021961563578373137,0.09281292151197529,0.1523653063386332,0.06922531847735765,0.23344804419660775
T190__cat_trait_0,0.00972163125374307,-0.025784083367523872,0.050355503193231566,NA,NA,NA
T190__pvr_0,0.005888886387248644,-0.04158148535687306,0.0620772683038001,NA,NA,NA
T190__pvr_1,0.010881888013504596,-0.017525657668120087,0.0497711736561263,NA,NA,NA
T190__time,0.002255476861071694,-0.0175425216944446,0.02376188918490532,NA,NA,NA
T192__cont_trait_0,0.05846514243722119,-0.02630944364868276,0.15466866873662719,0.15499178019555176,0.012337101280056453,0.35296164104731803
T192__cat_trait_0,-0.016245036219077334,-0.07232916124414493,0.05898177015627337,NA,NA,NA
T192__pvr_0,-0.009450721981259968,-0.07542282613780232,0.06883738566853725,NA,NA,NA
T192__pvr_1,0.03132816860577077,-0.020453162493300477,0.09814097689929946,NA,NA,NA
T192__time,0.0027944523620839147,-0.023235360213138868,0.030417414945085597,NA,NA,NA
T193__cont_trait_0,0.18528636878616556,0.014962528783811234,0.3475387234434561,0.3412668264842046,0.0646316058349662,0.7222358265764175
T193__cat_trait_0,0.0032264394467136715,-0.08598270384959783,0.13335581849462566,NA,NA,NA
T193__pvr_0,0.02819268856428154,-0.06074001052680407,0.14002177831937776,NA,NA,NA
T193__pvr_1,0.03682009299558509,-0.03782449052260207,0.12751314856060125,NA,NA,NA
T193__time,-0.00035853829935460105,-0.04183143184168921,0.04372536337105026,NA,NA,NA
T194__cont_trait_0,0.01970095824788237,-0.045674575465425866,0.09248763341396023,0.17173382957984498,0.057002757763857895,0.3052126312906046
T194__cat_trait_0,0.00596277791628389,-0.042226885954532625,0.05256545339497101,NA,NA,NA
T194__pvr_0,0.04090785603197061,-0.037845409591623386,0.10492550902707576,NA,NA,NA
T194__pvr_1,0.021945908826725192,-0.01622157813025831,0.07475264998222396,NA,NA,NA
T194__time,-0.004883446433830243,-0.021616411936371094,0.012526045392174064,NA,NA,NA
T196__cont_trait_0,-0.03705704035038416,-0.05606149805223941,-0.01643364363538905,0.036058548082463567,0.0023574267999974807,0.08666906003984663
T196__cat_trait_0,0.007196587951912273,-0.011040052595504007,0.03160283036201125,NA,NA,NA
T196__pvr_0,-0.005483286052484014,-0.037558184075170455,0.03198208305862775,NA,NA,NA
T196__pvr_1,-0.007087564540910943,-0.02553935690046423,0.011519412229151111,NA,NA,NA
T196__time,-0.009609923916482731,-0.021972015339880843,0.0018628459370962497,NA,NA,NA
T199__cont_trait_0,0.14610726615499517,-0.006463385140652736,0.3092798506254921,0.2227287647466936,0.04294823294886449,0.43527586323509104
T199__cat_trait_0,0.01034208884014613,-0.026416114151889734,0.05782947783564449,NA,NA,NA
T199__pvr_0,0.0034954906251647364,-0.09525576570742175,0.09883802216297494,NA,NA,NA
T199__pvr_1,-0.004785539609136925,-0.11340694694735373,0.1172464590654059,NA,NA,NA
T199__time,-0.020530316255288724,-0.053397651537901054,0.015566686076536634,NA,NA,NA
T201__cont_trait_0,-0.037284253783182085,-0.06288705508694103,-0.013165232159325713,0.05008624187359794,0.004398745978459517,0.10997523825591445
T201__cat_trait_0,0.00885548527230061,-0.012315501630080172,0.03697741898705817,NA,NA,NA
T201__pvr_0,-0.005605745303018996,-0.038202128756500954,0.032262746356361574,NA,NA,NA
T201__pvr_1,0.0057891048540274085,-0.020179003771420186,0.03299518599598683,NA,NA,NA
T201__time,-0.009768124157342163,-0.02334431387277596,0.0057831004391032045,NA,NA,NA
T202__cont_trait_0,0.04002444316634832,-0.03140195145563627,0.1277264001901216,0.15847383524449757,0.042852061064286795,0.2885129880603426
T202__cat_trait_0,0.008065688334536728,-0.0201600382993851,0.041073713870595496,NA,NA,NA
T202__pvr_0,0.020427272443472946,-0.06329393072467837,0.10564454422174638,NA,NA,NA
T202__pvr_1,0.005914053386327576,-0.034179572284855464,0.05707812260862424,NA,NA,NA
T202__time,-0.004057397077001165,-0.023068090804119278,0.018017702652145605,NA,NA,NA
T203__cont_trait_0,0.1705628983387193,0.04579528754624814,0.31384578169836946,0.28951643584666414,0.11408805160400154,0.4931209945250493
T203__cat_trait_0,0.017807279556195942,-0.02376490086579376,0.08375968135670026,NA,NA,NA
T203__pvr_0,0.022908775609957546,-0.08961967743571538,0.1294091843570204,NA,NA,NA
T203__pvr_1,-0.012063999258978182,-0.1265375530519018,0.10567908658810729,NA,NA,NA
T203__time,0.0022017066099562083,-0.0272178449166156,0.036102301399911566,NA,NA,NA
T204__cont_trait_0,-0.013327542340201108,-0.05561905014810096,0.028458023391811485,0.05540114385490811,0.008275663302704801,0.11995616371145121
T204__cat_trait_0,0.0025087294103279417,-0.01083731859596162,0.020584456194166125,NA,NA,NA
T204__pvr_0,-0.0051300486191546745,-0.04781060015740679,0.049092127542876174,NA,NA,NA
T204__pvr_1,-0.010344341812701139,-0.03826697298424636,0.02456254802353297,NA,NA,NA
T204__time,-0.006405427774176084,-0.021998081968294374,0.008966598385886156,NA,NA,NA
T205__cont_trait_0,0.15885015804924985,0.03558177416487548,0.3047456409242517,0.2552462074734928,0.09581013440666379,0.43115668895044945
T205__cat_trait_0,0.014689895410087297,-0.025921425669880607,0.06958936668188506,NA,NA,NA
T205__pvr_0,0.015571861858367557,-0.08106520939216101,0.11397488207843512,NA,NA,NA
T205__pvr_1,-0.010286396383955577,-0.129137142460899,0.09690697165242323,NA,NA,NA
T205__time,-0.011679086451069345,-0.04213947999113578,0.019555441896214068,NA,NA,NA
T206__cont_trait_0,0.13792367547444903,0.03158131822748856,0.2350108800337468,0.31148657699958526,0.14391433347107613,0.49600720278015076
T206__cat_trait_0,0.021675618398845898,-0.036947419254980546,0.09788854956440778,NA,NA,NA
T206__pvr_0,0.012014925213393387,-0.06694562735277604,0.09522710986987262,NA,NA,NA
T206__pvr_1,0.02239359583758288,-0.028007612180407773,0.0903496399673614,NA,NA,NA
T206__time,0.029378987084500912,-0.013285335060553079,0.086223454802211,NA,NA,NA
T209__cont_trait_0,0.17742342563956084,0.02792332648407172,0.3510621924069034,0.31467513855454643,0.0702731811552883,0.607553091111717
T209__cat_trait_0,0.006429038386495762,-0.09008503191119695,0.12158732050795643,NA,NA,NA
T209__pvr_0,0.018733120105943937,-0.07120660366945733,0.1180704003850134,NA,NA,NA
T209__pvr_1,0.03151641811741883,-0.030552578537336634,0.1130099473861533,NA,NA,NA
T209__time,-0.007526638685685973,-0.04631019333156802,0.044404977759720035,NA,NA,NA
T210__cont_trait_0,0.057700093426359074,-0.026781378728785752,0.17260930921075684,0.1453647366268907,0.011009657358210974,0.3717266942652049
T210__cat_trait_0,-0.01776832239064861,-0.06531089904163351,0.043942264978881325,NA,NA,NA
T210__pvr_0,0.00027899261807314934,-0.05629052993456173,0.09160989055472271,NA,NA,NA
T210__pvr_1,0.014929611583903955,-0.09764029799296246,0.13711270156144967,NA,NA,NA
T210__time,0.002124586398390051,-0.025083569297257087,0.04518030166713461,NA,NA,NA
T211__cont_trait_0,0.13752967800225402,-0.004869015777484017,0.2859901326724444,0.24615371535690012,0.03963268044569127,0.5183119000429753
T211__cat_trait_0,-0.03042048536814827,-0.11470642421490579,0.07573564169059721,NA,NA,NA
T211__pvr_0,0.005639333423686119,-0.06899298701499362,0.10081727302306578,NA,NA,NA
T211__pvr_1,0.04418202375827712,-0.03910762069166461,0.12076017814224786,NA,NA,NA
T211__time,0.0011233905500179623,-0.033331866242385225,0.05559089837950217,NA,NA,NA
T213__cont_trait_0,0.16429622833530574,-0.0034975473800935505,0.3377422897679232,0.28092872607058944,0.06217473626574826,0.5664394990269064
T213__cat_trait_0,0.008146231691933742,-0.09678611500325106,0.10718402762589296,NA,NA,NA
T213__pvr_0,0.01007514106537212,-0.07912317484570244,0.10647699193362059,NA,NA,NA
T213__pvr_1,0.026606941520608884,-0.026312910312538976,0.10560023516247295,NA,NA,NA
T213__time,-0.01629559153344413,-0.0661173135950526,0.03434407292127255,NA,NA,NA
T214__cont_trait_0,-0.032570875864360097,-0.05452404605492734,-0.01432788075398319,0.03457976374613738,0.0010792845776972856,0.08926989202078826
T214__cat_trait_0,0.004462596880774426,-0.009058621601354632,0.022860391740438725,NA,NA,NA
T214__pvr_0,-0.008278807809074758,-0.04466732685306271,0.03021402203472761,NA,NA,NA
T214__pvr_1,-0.012925595876634145,-0.034280155164786025,0.01480491330243866,NA,NA,NA
T214__time,-0.0042073285753811505,-0.01688725869226066,0.007610099636385063,NA,NA,NA
T216__cont_trait_0,0.04359093072559168,-0.027345934687035528,0.16864079009505437,0.21655103914956256,0.02417992435976475,0.4693043382721319
T216__cat_trait_0,0.04883626754481158,-0.020623063470959227,0.1301543594699522,NA,NA,NA
T216__pvr_0,-0.0012930388296757969,-0.08514764542604669,0.08486555342347606,NA,NA,NA
T216__pvr_1,0.04424467658100884,-0.06065392067495501,0.17995742308742135,NA,NA,NA
T216__time,-0.0069275718629868465,-0.045939166036458645,0.04429483624083341,NA,NA,NA
T217__cont_trait_0,0.16906297955427357,-0.0035068697651328435,0.3338177307695323,0.29379776847721983,0.06765661473355947,0.5759813458538957
T217__cat_trait_0,0.00822134193908588,-0.0973574136358694,0.11144201506579957,NA,NA,NA
T217__pvr_0,0.010485479226756902,-0.08338138898482597,0.10742050784821251,NA,NA,NA
T217__pvr_1,0.0274422987447824,-0.031447120942729945,0.10239878671530746,NA,NA,NA
T217__time,-0.009514105978491961,-0.0533414524190077,0.027791851931552484,NA,NA,NA
T219__cont_trait_0,-0.02198903019717051,-0.05564760023332155,0.015434424114151978,0.04431719299403519,0.004895715824157043,0.10229390364062735
T219__cat_trait_0,0.002525175217291668,-0.00952211000324241,0.01829300607377905,NA,NA,NA
T219__pvr_0,-0.006953692152352472,-0.044999309871890394,0.041741950785265255,NA,NA,NA
T219__pvr_1,-0.011494543163528725,-0.03872987841488572,0.018490551311095303,NA,NA,NA
T219__time,-0.005870491701017895,-0.019311737859042763,0.008498311725447343,NA,NA,NA
T220__cont_trait_0,0.04246005228796045,-0.032805105809414856,0.12889036845561608,0.16114406635727088,0.041328722626712035,0.30014676651011607
T220__cat_trait_0,0.00846483307067613,-0.01717384617108603,0.04722028446735117,NA,NA,NA
T220__pvr_0,0.02169010553806827,-0.05877250201773063,0.11900973537787066,NA,NA,NA
T220__pvr_1,0.007026609027140714,-0.03570995872695737,0.06068568392017558,NA,NA,NA
T220__time,-0.006597308557387848,-0.030974596777276056,0.021916311017620607,NA,NA,NA
T221__cont_trait_0,0.16331711206682106,-0.030558561840199654,0.37318314675186476,0.28283937272943904,0.05702677994117335,0.6110213511090585
T221__cat_trait_0,0.008145401572071727,-0.0987818021602376,0.10750338416381414,NA,NA,NA
T221__pvr_0,0.004617906935993154,-0.09663802707641136,0.11857425427919008,NA,NA,NA
T221__pvr_1,0.026052933596414127,-0.02879617428403529,0.10840545068854998,NA,NA,NA
T221__time,-0.007393756432674308,-0.04740003339230116,0.02837048799504889,NA,NA,NA
T222__cont_trait_0,0.15338040125504912,0.03166101236694911,0.29539527198236637,0.251992977514299,0.03227051914879949,0.49974427704553914
T222__cat_trait_0,0.005781543978186956,-0.05829743773076905,0.07651643834390685,NA,NA,NA
T222__pvr_0,0.03423012990540176,-0.06341989375250189,0.1387985189556458,NA,NA,NA
T222__pvr_1,-0.011975923291055315,-0.11013916261847997,0.11326620593724422,NA,NA,NA
T222__time,-0.017522949324096607,-0.058139269454884845,0.026242958586478758,NA,NA,NA
T223__cont_trait_0,-0.036645209323236276,-0.05522554169156148,-0.013246240864380292,0.03634100469239189,0.002470596410700583,0.08880336751467054
T223__cat_trait_0,0.007253752310279586,-0.01095536799562584,0.031215938900996498,NA,NA,NA
T223__pvr_0,-0.005593057496609293,-0.03778136983498659,0.03160311100612195,NA,NA,NA
T223__pvr_1,-0.007275482733211903,-0.025828410216598895,0.01154270046207381,NA,NA,NA
T223__time,-0.009498773055643386,-0.022240808322576782,0.001928376561799748,NA,NA,NA
T224__cont_trait_0,-0.03214835343176628,-0.06170833687531195,-0.004366759995694788,0.05175079591355401,0.0017326108543331206,0.13824411167345926
T224__cat_trait_0,0.003387406782956344,-0.03263054504989319,0.0435932666879454,NA,NA,NA
T224__pvr_0,-0.007788560057306713,-0.038576453298349134,0.03001800059566065,NA,NA,NA
T224__pvr_1,0.010042019793485,-0.017947886559043485,0.04188140758939379,NA,NA,NA
T224__time,-0.009841492164627541,-0.0256320410221696,0.005417878360830616,NA,NA,NA
T225__cont_trait_0,-0.0015658785053802187,-0.050694504916220906,0.048991669745758484,0.07437502488144368,0.013716624219128587,0.14516069147770502
T225__cat_trait_0,0.0028248428015051146,-0.013570654452294122,0.023110397743582173,NA,NA,NA
T225__pvr_0,-0.0003215513297361801,-0.05405733246644419,0.058094284733898605,NA,NA,NA
T225__pvr_1,-0.0075635104398856425,-0.03789952772949014,0.028694771514843648,NA,NA,NA
T225__time,-0.007098652635872552,-0.02640574827275667,0.011433833175572134,NA,NA,NA
T226__cont_trait_0,0.04494841225340311,-0.031586586902479626,0.13398219215743443,0.16844724023309077,0.04431245308933757,0.3127281625280271
T226__cat_trait_0,0.008935875625351374,-0.019559428886020903,0.047409038731410544,NA,NA,NA
T226__pvr_0,0.023294125823462585,-0.06247233696353375,0.11622118500303923,NA,NA,NA
T226__pvr_1,0.007748671302801897,-0.03475200250407345,0.06114803200444199,NA,NA,NA
T226__time,-0.004579619762741393,-0.025842324477965875,0.020181386636998158,NA,NA,NA
T227__cont_trait_0,0.06838951790205905,-0.03136337218834023,0.190860368168896,0.2056637862528558,0.058420121621242466,0.4160985484922481
T227__cat_trait_0,0.011461662647119331,-0.019865055826647535,0.05940392708167139,NA,NA,NA
T227__pvr_0,0.031623221237933895,-0.07003443626839878,0.1423458512923017,NA,NA,NA
T227__pvr_1,0.013429350920303671,-0.03634800490000822,0.08721741462130836,NA,NA,NA
T227__time,-0.007339741445373316,-0.03664906026175585,0.03209867790345797,NA,NA,NA
T228__cont_trait_0,0.047743683359366275,-0.03321898195189108,0.13950571641551532,0.17272941844021636,0.048788581454668814,0.3247911658006658
T228__cat_trait_0,0.00942992313865005,-0.020183235818625394,0.04841952529109728,NA,NA,NA
T228__pvr_0,0.024339089578527123,-0.06569917034818201,0.11862471463707487,NA,NA,NA
T228__pvr_1,0.00861208481771095,-0.03534321068730596,0.06489680976840445,NA,NA,NA
T228__time,-0.005495137444851159,-0.026955439186550113,0.02395946293477977,NA,NA,NA
T231__cont_trait_0,0.07065338703139155,-0.03200906829703659,0.19552972482334507,0.20999120117819212,0.04825764436682996,0.41937667408828483
T231__cat_trait_0,0.011632648776374137,-0.026089539728318234,0.054982661259049215,NA,NA,NA
T231__pvr_0,0.031353527535201875,-0.06536153339693077,0.14978876291446658,NA,NA,NA
T231__pvr_1,0.013017473334880061,-0.04844690596346068,0.07660482371724633,NA,NA,NA
T231__time,-0.004765610490468646,-0.031093416236011584,0.02036315122726534,NA,NA,NA
T232__cont_trait_0,-0.033790896192156826,-0.059153330751501206,-0.00983365524708755,0.0385331827763966,0.00533126633887019,0.08681206679092676
T232__cat_trait_0,0.007237717038433393,-0.011746408239849605,0.03057297146182851,NA,NA,NA
T232__pvr_0,-0.004735214585783578,-0.03588114092315327,0.033250510770567315,NA,NA,NA
T232__pvr_1,-0.008870625851597019,-0.028086829743947498,0.011746237156745288,NA,NA,NA
T232__time,-0.009407572623312559,-0.0217134242747832,0.003052910233546549,NA,NA,NA
T233__cont_trait_0,0.1652690921200161,-0.0011697730828818202,0.3455808262907712,0.2839768879375888,0.023994481225460426,0.5556612389613154
T233__cat_trait_0,0.015590810979651325,-0.05933731374638694,0.11718267011420577,NA,NA,NA
T233__pvr_0,0.018880127864503788,-0.10770522421048484,0.1275515420407161,NA,NA,NA
T233__pvr_1,0.014036944722427405,-0.10637929616905006,0.1478359452090137,NA,NA,NA
T233__time,-0.01789986273982301,-0.06578895731743734,0.02216592002986094,NA,NA,NA
T234__cont_trait_0,-0.02554568555352575,-0.060192292042747786,0.004313672816113846,0.040353160854386366,0.0022126123278383217,0.09417715257076936
T234__cat_trait_0,0.0026398902415407585,-0.00892340305736591,0.017846248778437244,NA,NA,NA
T234__pvr_0,-0.007410875728857182,-0.04626101760004187,0.03667749377476276,NA,NA,NA
T234__pvr_1,-0.011830543817214424,-0.03904693888737754,0.016398912637532605,NA,NA,NA
T234__time,-0.005599399278370213,-0.01944624695533901,0.006280279217474389,NA,NA,NA
T235__cont_trait_0,0.0590808068046295,-0.009118434600781185,0.12897445382316536,0.20976557750532096,0.06665625867591148,0.34167243471608166
T235__cat_trait_0,0.016966862093054553,-0.0232994414443528,0.07298977153145894,NA,NA,NA
T235__pvr_0,0.015072903642017741,-0.03740552059502572,0.08143448457553798,NA,NA,NA
T235__pvr_1,0.013753532784454904,-0.029573683801028892,0.060286933890372305,NA,NA,NA
T235__time,0.016791697190351097,-0.01952702749036833,0.05803641628049666,NA,NA,NA
T236__cont_trait_0,-0.01685863007224556,-0.049497399812178565,0.024762485094594486,0.08223688379022247,0.01092943089452423,0.17947027216751965
T236__cat_trait_0,0.01146130399608517,-0.013076306619878172,0.04541974680092756,NA,NA,NA
T236__pvr_0,-0.00833014761827526,-0.042162997928288475,0.02992406812031416,NA,NA,NA
T236__pvr_1,0.011526637830538117,-0.016212825707603504,0.0404260608863922,NA,NA,NA
T236__time,-0.003662055336693172,-0.021423189461287694,0.025397871337906885,NA,NA,NA
T237__cont_trait_0,0.1673218870483755,0.0018704812359517532,0.32100079474424703,0.288098745257409,0.042918710010645816,0.5416869263502202
T237__cat_trait_0,0.007954372502711337,-0.08388715166298102,0.12122018230878284,NA,NA,NA
T237__pvr_0,0.012977123464241912,-0.0753452406358349,0.11007411420567557,NA,NA,NA
T237__pvr_1,0.027851777780738426,-0.029121949030839714,0.10228670911453616,NA,NA,NA
T237__time,-0.01610619052947142,-0.061984040948993305,0.040537633821515456,NA,NA,NA
T241__cont_trait_0,0.053823193786008125,-0.012173353147087264,0.12021277050948803,0.20106583098813446,0.07093401613578877,0.3367074957036859
T241__cat_trait_0,0.01634744537868799,-0.022904400225185362,0.0707975136354755,NA,NA,NA
T241__pvr_0,0.014585195633381247,-0.03620981557624994,0.08182834007706928,NA,NA,NA
T241__pvr_1,0.013201855509703582,-0.03128872899756501,0.057365641463216994,NA,NA,NA
T241__time,0.015008365689540492,-0.018837285195669864,0.05466911850912093,NA,NA,NA
T242__cont_trait_0,0.06841988133832032,-0.0275739893345558,0.19181171301701427,0.20656455871039,0.0457150133733549,0.40442143886973714
T242__cat_trait_0,0.011504044365651514,-0.023165790186465873,0.05733140554644081,NA,NA,NA
T242__pvr_0,0.03163391103652112,-0.06357309179201788,0.15039126593208507,NA,NA,NA
T242__pvr_1,0.013337854619067896,-0.03717459172081518,0.08590954517634367,NA,NA,NA
T242__time,-0.0064309076399840515,-0.03908024210125245,0.023907118929754126,NA,NA,NA
T244__cont_trait_0,0.0077523922274069425,-0.03900786644766952,0.07220146847666106,0.11553115319831761,0.009514707938284711,0.261420052357294
T244__cat_trait_0,0.0172999571420362,-0.01448339181840826,0.06213364243800916,NA,NA,NA
T244__pvr_0,-0.010970557605386368,-0.04677940223477145,0.03825626743764773,NA,NA,NA
T244__pvr_1,0.014809029760425892,-0.017423174868332978,0.05018550222815636,NA,NA,NA
T244__time,-0.001459443316978157,-0.02538324901260441,0.04268117628712215,NA,NA,NA
T245__cont_trait_0,0.01630270970570338,-0.04096583037031441,0.0767112842331566,0.13082277042682164,0.030370343009320788,0.26345455874637946
T245__cat_trait_0,0.014211612867682619,-0.023193814563456868,0.06529707601497309,NA,NA,NA
T245__pvr_0,0.018865129517279634,-0.04273891599418256,0.08458688453111673,NA,NA,NA
T245__pvr_1,-0.0007364671823468573,-0.03683208674671794,0.0491084874737677,NA,NA,NA
T245__time,-0.005919989472310294,-0.026328342619728076,0.01984808342651949,NA,NA,NA
T246__cont_trait_0,-0.02443087307252509,-0.059750735342287795,0.006171347225440771,0.04127205450815542,0.002124090185460094,0.09636753060001522
T246__cat_trait_0,0.0026368602703169355,-0.008991904417743802,0.017945713629650844,NA,NA,NA
T246__pvr_0,-0.007607455093839855,-0.047336344428118446,0.03735186011215082,NA,NA,NA
T246__pvr_1,-0.011795737357608504,-0.03793060213451536,0.018248972976009303,NA,NA,NA
T246__time,-0.005630515229001277,-0.019597663098482182,0.0066055821231790005,NA,NA,NA
T247__cont_trait_0,0.0361447153148216,-0.03462258695026125,0.11920311727452804,0.14730267648421813,0.035431761205595276,0.27538638860927034
T247__cat_trait_0,0.007405020130041984,-0.019007791838124427,0.039711456884400295,NA,NA,NA
T247__pvr_0,0.018318879727333433,-0.06141992641722387,0.10505790735640717,NA,NA,NA
T247__pvr_1,0.00486117288069318,-0.037705354560352025,0.055099993393344836,NA,NA,NA
T247__time,-0.007526886559485186,-0.03254505583216679,0.0242983925836594,NA,NA,NA
T248__cont_trait_0,0.07374197540534637,-0.042060143710150204,0.21123541829518933,0.20802633883046898,0.03684929326917612,0.426534858607021
T248__cat_trait_0,0.010980263829193771,-0.029646892830006915,0.052464812214625886,NA,NA,NA
T248__pvr_0,0.03009607003670698,-0.0843908272127481,0.1390234864700863,NA,NA,NA
T248__pvr_1,0.012508903161553954,-0.04827547534977962,0.08391163321002139,NA,NA,NA
T248__time,-0.007400648593145319,-0.040536616407970336,0.020252489723000783,NA,NA,NA
T249__cont_trait_0,0.013747343848818146,-0.0374298758249027,0.08274660771787193,0.13002035218612734,0.011417257423445668,0.29710487404106456
T249__cat_trait_0,0.019649297063585952,-0.016086097586673995,0.06810621598639299,NA,NA,NA
T249__pvr_0,-0.00852524076639703,-0.048633026785924904,0.043785783862336024,NA,NA,NA
T249__pvr_1,0.018907466836085216,-0.01741858991759057,0.06045216417898905,NA,NA,NA
T249__time,-0.0018582897867780788,-0.033776889728999414,0.04191402303024985,NA,NA,NA
T250__cont_trait_0,0.1654393878925774,-0.0008141108578629732,0.3255617540078212,0.2858276372397473,0.05555442683035282,0.5791575544920307
T250__cat_trait_0,0.015828714378691496,-0.06697738442741039,0.10545337692304058,NA,NA,NA
T250__pvr_0,0.020897508959658303,-0.09482332346500646,0.1427428522410098,NA,NA,NA
T250__pvr_1,0.011845816696821155,-0.10095268907697114,0.14250658202940397,NA,NA,NA
T250__time,-0.01628356567881424,-0.05625561736496199,0.025922471322149032,NA,NA,NA
T251__cont_trait_0,0.06244881872788712,-0.03699448088951445,0.1660986482313106,0.19868783841556134,0.04315369984988709,0.36932509531998015
T251__cat_trait_0,0.011343184194689312,-0.020128703387996764,0.06006092754503241,NA,NA,NA
T251__pvr_0,0.03107660947512654,-0.06190456741704568,0.13775589319361162,NA,NA,NA
T251__pvr_1,0.01306333575907007,-0.037091661158310626,0.07851109444139667,NA,NA,NA
T251__time,-0.007343884732024821,-0.03906092839446024,0.02919021144144277,NA,NA,NA
T252__cont_trait_0,0.165259686305898,-0.001157847068260471,0.34665860222835476,0.28395726870847726,0.03493537425839216,0.5680141087168021
T252__cat_trait_0,0.015592006179881096,-0.059219053712804406,0.11739543752813243,NA,NA,NA
T252__pvr_0,0.01881488625649177,-0.10800986958594519,0.12741397544123334,NA,NA,NA
T252__pvr_1,0.01406902380960582,-0.10648522244374203,0.148107078241909,NA,NA,NA
T252__time,-0.01787810883421245,-0.06580915811294136,0.021794335098857087,NA,NA,NA
T254__cont_trait_0,0.16515163264455351,-0.0002874282045211129,0.34487621272466545,0.28375384521030483,0.024007855065358866,0.551832101053231
T254__cat_trait_0,0.015604986854265545,-0.05941322244804163,0.11704918146615226,NA,NA,NA
T254__pvr_0,0.018938917724098107,-0.10765950806368146,0.1273671126402819,NA,NA,NA
T254__pvr_1,0.01387279525006749,-0.10631359089205766,0.1471320277979732,NA,NA,NA
T254__time,-0.017914262253492703,-0.06578038095807935,0.021661560772243446,NA,NA,NA
T255__cont_trait_0,0.1644638920659653,0.004450134475141844,0.3382362511645829,0.28240308208990705,0.03570703782410071,0.5481215613733355
T255__cat_trait_0,0.015652136826948472,-0.05728309289569243,0.11663429973488651,NA,NA,NA
T255__pvr_0,0.01978627856938733,-0.08495230236335302,0.15147902855105616,NA,NA,NA
T255__pvr_1,0.01254935693161254,-0.10367899298277136,0.14283106847085908,NA,NA,NA
T255__time,-0.018148357294819416,-0.06708468873569103,0.02079955249681717,NA,NA,NA
T256__cont_trait_0,0.1462355273697928,0.004803223840070505,0.3312929916794135,0.22306662766526567,0.03868046887745388,0.4344370607621061
T256__cat_trait_0,0.01015018567162519,-0.026443726151899792,0.05775392419130691,NA,NA,NA
T256__pvr_0,0.002767723311242067,-0.09542561113867033,0.1008295152911951,NA,NA,NA
T256__pvr_1,-0.0038224123307919965,-0.11177893100371179,0.12066619916148222,NA,NA,NA
T256__time,-0.020364171347415465,-0.05399556591893289,0.014806611297879982,NA,NA,NA
T258__cont_trait_0,0.010596360929829926,-0.04701799908031379,0.06138591822923326,0.12231074169633165,0.024019510765287216,0.24269113538977363
T258__cat_trait_0,0.015443625808753123,-0.021779617746081927,0.06526688696194911,NA,NA,NA
T258__pvr_0,0.016184390870881065,-0.04550459778843287,0.076100682688479,NA,NA,NA
T258__pvr_1,-0.002170618815382109,-0.03896181334425658,0.044560973132866374,NA,NA,NA
T258__time,-0.005842792088563531,-0.029662148953138477,0.014856204972906392,NA,NA,NA
T262__cont_trait_0,0.024598579924587256,-0.04935588771633614,0.11293142994633912,0.16970725214847077,0.023131342579764652,0.3157292669740265
T262__cat_trait_0,0.005793336807734091,-0.045675076001472685,0.05688317426787327,NA,NA,NA
T262__pvr_0,0.040699268599303354,-0.03800384959739695,0.11346799294846682,NA,NA,NA
T262__pvr_1,0.021311495406928314,-0.016612938864011367,0.07624868213748605,NA,NA,NA
T262__time,-0.010795203580895476,-0.036541720801104155,0.019127069600837467,NA,NA,NA
T264__cont_trait_0,0.019898873141193953,-0.044712313024924184,0.0881489932980454,0.11300677539941115,0.027821123415327935,0.2097861546469782
T264__cat_trait_0,0.004829000453941291,-0.016865593341454384,0.03030998980409879,NA,NA,NA
T264__pvr_0,0.009009965016604626,-0.058036547063299804,0.08673732355363778,NA,NA,NA
T264__pvr_1,-0.0012634509964933342,-0.03589639355032739,0.04300568213917037,NA,NA,NA
T264__time,-0.007567387206648558,-0.029040449770282563,0.018743908811031634,NA,NA,NA
T266__cont_trait_0,0.1518865962689252,0.01508566005209625,0.28053079058320474,0.24797241147208296,0.06464413049663255,0.4744843380013446
T266__cat_trait_0,0.018762633034612588,-0.028417478784788883,0.07604830127033832,NA,NA,NA
T266__pvr_0,0.02393468019451072,-0.06933359425773775,0.1281422737678171,NA,NA,NA
T266__pvr_1,-0.01968020454275354,-0.13171953063034736,0.09015158196470113,NA,NA,NA
T266__time,-0.015031068474025388,-0.054505056844037704,0.02694683599438729,NA,NA,NA
T267__cont_trait_0,0.1456012797876165,0.0038682490987514764,0.3317744499557373,0.22201415819676215,0.0360267570725671,0.4325640016705256
T267__cat_trait_0,0.0100709826951889,-0.026166799303220745,0.05763376072487515,NA,NA,NA
T267__pvr_0,0.002585828318680409,-0.09580322797600542,0.09952086997225938,NA,NA,NA
T267__pvr_1,-0.004156073684838972,-0.11295241572141226,0.12081025877975224,NA,NA,NA
T267__time,-0.020187633910697923,-0.054109232322364725,0.014041549801923441,NA,NA,NA
T271__cont_trait_0,0.1510744046408761,0.012818582030022601,0.28684942009791603,0.25334196426153605,0.031330358049094745,0.47087452594019136
T271__cat_trait_0,0.020709807261194594,-0.0366767039709974,0.07387211807447976,NA,NA,NA
T271__pvr_0,0.027496308746148175,-0.07259302473638357,0.12667375441010786,NA,NA,NA
T271__pvr_1,-0.022342717999755825,-0.12699733850178038,0.09238942909860368,NA,NA,NA
T271__time,-0.01169561337774006,-0.046124745211199025,0.03831915792306666,NA,NA,NA
