cont_trait_0,time,mean,lwr,upr
-2.9036806810978395,0.5,0.17072827018552691,0.0512289918668377,0.30221654988409413
-2.9036806810978395,0.8505990348108282,0.17085375081421428,0.05118244071522677,0.30222081392232114
-2.9036806810978395,1.2011980696216566,0.1709809298170293,0.048295490365990075,0.29860822791135166
-2.9036806810978395,1.5517971044324848,0.17110973013373587,0.04952971748284835,0.29961215543288366
-2.9036806810978395,1.9023961392433129,0.1712400861931712,0.04897856096833378,0.29861912297412846
-2.9036806810978395,2.2529951740541407,0.1713719437554227,0.04932831199927105,0.2989299068414629
-2.9036806810978395,2.6035942088649695,0.17150525875593584,0.04968355105080375,0.2996729202824617
-2.9036806810978395,2.954193243675798,0.1716399952452532,0.049548964589418446,0.3000346888971823
-2.9036806810978395,3.3047922784866257,0.17177612269017709,0.04477492058790185,0.2959339664322628
-2.9036806810978395,3.655391313297454,0.171913613084029,0.0450247529800968,0.29568894244513644
-2.9036806810978395,4.005990348108282,0.17205243842799792,0.045282551624834806,0.29639198499214975
-2.9036806810978395,4.35658938291911,0.17219256911966288,0.04149096338425485,0.2925432860651209
-2.9036806810978395,4.707188417729939,0.17233397359341276,0.04770455026551619,0.2982646969328213
-2.9036806810978395,5.057787452540768,0.1724766192453574,0.04801032577300077,0.2991852255785697
-2.9036806810978395,5.408386487351596,0.17262047434258515,0.048323233864797976,0.30009506627790905
-2.9036806810978395,5.758985522162424,0.172765510372864,0.04202243866009685,0.29372182070356384
-2.9036806810978395,6.109584556973252,0.17291170420718557,0.042022283621980946,0.29478761368089257
-2.9036806810978395,6.46018359178408,0.17305903953547802,0.04733825390037353,0.29913311344083215
-2.9036806810978395,6.810782626594908,0.17320750725531617,0.04767168989979631,0.2982701687648077
-2.9036806810978395,7.161381661405737,0.1733571047729175,0.04801592585870329,0.2989670557257069
-2.9036806810978395,7.511980696216565,0.17350783443258128,0.0483711782502905,0.30038145456874904
-2.9036806810978395,7.8625797310273935,0.17365970145424003,0.05075468959683029,0.3035358132230982
-2.9036806810978395,8.213178765838222,0.17381271179404742,0.050979657666329586,0.30364003463377764
-2.9036806810978395,8.56377780064905,0.17396687026455943,0.04222948199427339,0.2959044240100485
-2.9036806810978395,8.914376835459878,0.17412217911355993,0.039842076743200415,0.2936282548529964
-2.9036806810978395,9.264975870270705,0.17427863712774938,0.03980327544400027,0.2937269010066319
-2.9036806810978395,9.615574905081534,0.17443623923943608,0.03977015245946764,0.293828720890002
-2.9036806810978395,9.96617393989236,0.1745949765722473,0.03974269722429925,0.2939337071395401
-2.9036806810978395,10.316772974703191,0.17475483683906395,0.04933042354303605,0.3040115467457131
-2.9036806810978395,10.667372009514018,0.17491580497464893,0.04943025171200138,0.30402596028091045
-2.9036806810978395,11.017971044324847,0.17507786384076038,0.049539458605469294,0.3040253202567179
-2.9036806810978395,11.368570079135674,0.17524099479860478,0.0496575782251684,0.3040090912448652
-2.9036806810978395,11.719169113946503,0.17540517792525326,0.04978413258458439,0.30397675324619494
-2.9036806810978395,12.069768148757332,0.17557039167747554,0.049918634229531945,0.303927804352386
-2.9036806810978395,12.420367183568159,0.17573661189570786,0.05006058887224421,0.3038617630731031
-2.9036806810978395,12.77096621837899,0.17590381020030427,0.05020949810463031,0.30513602027433623
-2.9036806810978395,13.121565253189816,0.17607195203951384,0.05036486215199848,0.30655801956118284
-2.9036806810978395,13.472164288000645,0.17624099483806116,0.05052618262664085,0.3079764815304026
-2.9036806810978395,13.822763322811472,0.17641088677785927,0.04555416508251133,0.303929978858615
-2.9036806810978395,14.1733623576223,0.17658156665549277,0.0456934247275756,0.3043675988490622
-2.9036806810978395,14.523961392433128,0.17675296501095777,0.04521261238822305,0.30479190807008344
-2.9036806810978395,14.874560427243956,0.17692500638893402,0.04555679265556883,0.3055995232390998
-2.9036806810978395,15.225159462054787,0.17709761229722965,0.045925803934454175,0.3068562000385616
-2.9036806810978395,15.575758496865614,0.17727070427497507,0.04501564399125719,0.30598502476519795
-2.9036806810978395,15.926357531676443,0.17744420652985346,0.04558159570817003,0.30635633398883033
-2.9036806810978395,16.276956566487268,0.17761804783052113,0.04615907659902389,0.30671463647360364
-2.9036806810978395,16.6275556012981,0.17779216266142825,0.046748413486477916,0.30706009499273534
-2.9036806810978395,16.978154636108926,0.17796649193508368,0.04694139812483514,0.3073929007702755
-2.9036806810978395,17.328753670919756,0.17814098368643322,0.047121349112513845,0.30771327079622196
-2.9036806810978395,17.679352705730587,0.17831559407734887,0.04859133382968629,0.3085713216607845
-2.9036806810978395,18.029951740541414,0.17849028874658093,0.04897748406534941,0.30833165120270645
-2.9036806810978395,18.38055077535224,0.17866504417897167,0.04883878874401574,0.3099079736179011
-2.9036806810978395,18.73114981016307,0.1788398485080806,0.04870176563840059,0.30974688628043845
-2.9036806810978395,19.081748844973898,0.1790147011447776,0.051195664360780616,0.3113934820425333
-2.9036806810978395,19.432347879784725,0.1791896108775317,0.05087051823926884,0.3112759999373153
-2.9036806810978395,19.782946914595552,0.17936459253268802,0.05054586464797881,0.3120296257968195
-2.9036806810978395,20.133545949406383,0.17953966273987446,0.048170588394317565,0.30986080110206415
-2.9036806810978395,20.48414498421721,0.1797148356353614,0.04804208078106498,0.31008182789865524
-2.9036806810978395,20.834744019028037,0.17989011935671737,0.04791531341864616,0.3102933632116125
-2.9036806810978395,21.185343053838867,0.18006551397121348,0.04779029954300161,0.310495714516401
-2.9036806810978395,21.535942088649698,0.18024101117511615,0.04766705221629614,0.3106891809956992
-2.9036806810978395,21.886541123460525,0.18041659584953854,0.04754558406890295,0.3108740514203818
-2.9036806810978395,22.23714015827135,0.1805922494347604,0.04742590705560402,0.3118349367813625
-2.9036806810978395,22.587739193082182,0.18076795505550225,0.050796714702483654,0.31777189739516687
-2.9036806810978395,22.93833822789301,0.18094370428195275,0.05111577703400621,0.31845187391023067
-2.9036806810978395,23.288937262703836,0.18111950522232495,0.05144464672148164,0.3200022477020527
-2.9036806810978395,23.639536297514667,0.18129539125954974,0.04220709302581848,0.311678629928253
-2.9036806810978395,23.990135332325494,0.1814714292462199,0.04232969077790744,0.3118172067257652
-2.9036806810978395,24.34073436713632,0.18164772557399855,0.042453664168714815,0.31194879783573404
-2.9036806810978395,24.691333401947148,0.1818244285077232,0.042578911320957515,0.31207356682947907
-2.9036806810978395,25.04193243675798,0.18200172568703593,0.04610861475762435,0.31349298690325
-2.9036806810978395,25.392531471568805,0.18217983665973322,0.057009082021710566,0.3258881489302368
-2.9036806810978395,25.743130506379632,0.18235900136971925,0.05719440808339741,0.32520141663393004
-2.9036806810978395,26.093729541190463,0.18253946626865916,0.05737959498199201,0.32443822678827827
-2.9036806810978395,26.444328576001293,0.18272146995990873,0.05756479008043884,0.32476886959642415
-2.9036806810978395,26.79492761081212,0.1829052301263207,0.0577501492648061,0.3253521650548844
-2.9036806810978395,27.145526645622947,0.18309093316797997,0.04348322711370103,0.3102074227964629
-2.9036806810978395,27.496125680433778,0.18327872758073643,0.0436152717034237,0.30881305300842304
-2.9036806810978395,27.846724715244605,0.18346872158432523,0.04374777720210293,0.3089069513561287
-2.9036806810978395,28.197323750055432,0.18366098483379084,0.043880665188371075,0.31099425974426514
-2.9036806810978395,28.54792278486626,0.18385555336500686,0.04401385964827972,0.3111643244401697
-2.9036806810978395,28.89852181967709,0.18405243647338687,0.04360317694398332,0.309947575931985
-2.9036806810978395,29.249120854487916,0.1842516241488679,0.04317204005203982,0.3102491534631182
-2.9036806810978395,29.599719889298743,0.18445309394496223,0.043676166507824354,0.31316479807622716
-2.9036806810978395,29.950318924109574,0.1846568165740457,0.043555926015764766,0.3131989869823019
-2.9036806810978395,30.3009179589204,0.1848627599247143,0.04193608664436546,0.31164122689332896
-2.9036806810978395,30.651516993731228,0.1850708914990389,0.043342015247341416,0.31325105908654766
-2.9036806810978395,31.002116028542055,0.1852811794563342,0.05894131666057436,0.3302023502821864
-2.9036806810978395,31.352715063352885,0.1854935925518544,0.06176817655337738,0.33458239247482174
-2.9036806810978395,31.703314098163716,0.18570809930041438,0.060464471545741263,0.33383277337732953
-2.9036806810978395,32.05391313297454,0.18592466669022584,0.060674876640718516,0.3331113768446055
-2.9036806810978395,32.40451216778537,0.18614325872777052,0.060888609740025613,0.33356976687998807
-2.9036806810978395,32.7551112025962,0.18636383502025516,0.061105887112217344,0.3340221501119418
-2.9036806810978395,33.105710237407024,0.18658634951723957,0.061326925468938476,0.334468855863518
-2.9036806810978395,33.45630927221785,0.18681074946242984,0.061238857552144955,0.33491023393039226
-2.9036806810978395,33.806908307028685,0.18703697457108326,0.06178115363086954,0.3353466542180012
-2.9036806810978395,34.15750734183951,0.18726495645379446,0.06102531668741531,0.33408194577632383
-2.9036806810978395,34.50810637665034,0.1874946183406591,0.07208872144913171,0.34523339207574905
-2.9036806810978395,34.858705411461166,0.18772587519496306,0.0723933229119547,0.3454530223928426
-2.9036806810978395,35.20930444627199,0.18795863431595286,0.07053755244981488,0.34331687341077693
-2.8453443109983683,0.5,0.1700752769095672,0.043127887599468305,0.291443340198617
-2.8453443109983683,0.8505990348108282,0.17020130180574505,0.04208829526085173,0.29102089202720105
-2.8453443109983683,1.2011980696216566,0.1703292528570527,0.041947181489496846,0.2910780749349551
-2.8453443109983683,1.5517971044324848,0.17045905261139402,0.04811659533282319,0.2969129983080056
-2.8453443109983683,1.9023961392433129,0.17059063273781033,0.048172053376576505,0.2974068631736133
-2.8453443109983683,2.2529951740541407,0.17072393355683796,0.040104038541656166,0.2889067172842923
-2.8453443109983683,2.6035942088649695,0.17085890282874314,0.04902461598912807,0.2967607212193546
-2.8453443109983683,2.954193243675798,0.17099549393027874,0.04913122966164504,0.29768091788669065
-2.8453443109983683,3.3047922784866257,0.1711336636509179,0.04923631855749036,0.298647410874962
-2.8453443109983683,3.655391313297454,0.1712733699597493,0.0464620402381179,0.2957242897170002
-2.8453443109983683,4.005990348108282,0.17141457017640874,0.046732549032261955,0.29545174626256177
-2.8453443109983683,4.35658938291911,0.17155721995778808,0.047008583203877456,0.29506618681876967
-2.8453443109983683,4.707188417729939,0.17170127335671426,0.04648223452714006,0.29457236574145274
-2.8453443109983683,5.057787452540768,0.17184668395273975,0.046786770333588,0.2956421992015359
-2.8453443109983683,5.408386487351596,0.17199340678239083,0.04787406634090058,0.29812335234992854
-2.8453443109983683,5.758985522162424,0.1721414005968738,0.04235881009174201,0.29285271836084503
-2.8453443109983683,6.109584556973252,0.17229062990718907,0.04214699919564259,0.2923664712388586
-2.8453443109983683,6.46018359178408,0.17244106635237183,0.04810582232245633,0.29740546509433463
-2.8453443109983683,6.810782626594908,0.1725926891177379,0.04846191844166781,0.2965047192631584
-2.8453443109983683,7.161381661405737,0.17274548437590648,0.04882886471655895,0.2974902166476315
-2.8453443109983683,7.511980696216565,0.17289944394660856,0.049206739607592524,0.29890212159067864
-2.8453443109983683,7.8625797310273935,0.17305456350541606,0.049595566355179165,0.3003220233343954
-2.8453443109983683,8.213178765838222,0.1732108406902797,0.04994932420624239,0.30106973317998825
-2.8453443109983683,8.56377780064905,0.17336827338128,0.04252051899830151,0.29482252517209
-2.8453443109983683,8.914376835459878,0.17352685831645287,0.04257888205174769,0.2954104751664223
-2.8453443109983683,9.264975870270705,0.17368659010454723,0.039778652985482055,0.2928587217167802
-2.8453443109983683,9.615574905081534,0.17384746062654782,0.039745286216293974,0.2929600612404445
-2.8453443109983683,9.96617393989236,0.17400945877701443,0.03971753163439171,0.2930648124835869
-2.8453443109983683,10.316772974703191,0.17417257046932885,0.05055305194310523,0.3040082795913795
-2.8453443109983683,10.667372009514018,0.1743367788075436,0.050687462547341085,0.3040107753517663
-2.8453443109983683,11.017971044324847,0.17450206431070833,0.05083017110746091,0.3039975879010565
-2.8453443109983683,11.368570079135674,0.17466840506296483,0.05098064612407206,0.30396818699300054
-2.8453443109983683,11.719169113946503,0.17483577665748495,0.051138351524904584,0.30392206126117915
-2.8453443109983683,12.069768148757332,0.17500415182200565,0.051302749578787714,0.30385872090371546
-2.8453443109983683,12.420367183568159,0.17517349968634857,0.05147330381134393,0.30377770005915933
-2.8453443109983683,12.77096621837899,0.17534378478667295,0.051310616132103505,0.30463290954685984
-2.8453443109983683,13.121565253189816,0.17551496605752315,0.05114413577945778,0.3060732672661997
-2.8453443109983683,13.472164288000645,0.17568699616150435,0.05097948407604881,0.3075098921076467
-2.8453443109983683,13.822763322811472,0.1758598214776584,0.05081663929857709,0.30894234137374826
-2.8453443109983683,14.1733623576223,0.1760333829030526,0.04493940615260052,0.3029570383417259
-2.8453443109983683,14.523961392433128,0.17620761737846244,0.045949620618091214,0.30365246211318636
-2.8453443109983683,14.874560427243956,0.17638245982762085,0.045711138972755805,0.30375496141468916
-2.8453443109983683,15.225159462054787,0.17655784508867578,0.04441035482818444,0.3024465460331651
-2.8453443109983683,15.575758496865614,0.17673370945775543,0.04495031771004708,0.3027505480334156
-2.8453443109983683,15.926357531676443,0.1769099916431681,0.046627394066264025,0.304856041427763
-2.8453443109983683,16.276956566487268,0.177086633183343,0.046064022873792854,0.30519797970825513
-2.8453443109983683,16.6275556012981,0.1772635786197208,0.046638459796289465,0.3055276557406112
-2.8453443109983683,16.978154636108926,0.17744077583662382,0.04719100654083948,0.3058452801167919
-2.8453443109983683,17.328753670919756,0.1776181769128124,0.04739174582789251,0.306151087735133
-2.8453443109983683,17.679352705730587,0.17779573957686273,0.04843691672849684,0.3075974925656647
-2.8453443109983683,18.029951740541414,0.17797342901374097,0.04996507903032193,0.3086576328544824
-2.8453443109983683,18.38055077535224,0.17815121948261978,0.049703133044412415,0.3085016384011694
-2.8453443109983683,18.73114981016307,0.17832909511384093,0.050357962721897194,0.3093059189422494
-2.8453443109983683,19.081748844973898,0.17850704941623635,0.04850842083597502,0.3075124663968842
-2.8453443109983683,19.432347879784725,0.17868508339517167,0.04844680452893383,0.3077533322484012
-2.8453443109983683,19.782946914595552,0.17886320261318397,0.04831331717928351,0.30798447888580827
-2.8453443109983683,20.133545949406383,0.17904141384644057,0.048181593372129954,0.30820623601173225
-2.8453443109983683,20.48414498421721,0.17921972208775705,0.04805164612046179,0.30841893204452786
-2.8453443109983683,20.834744019028037,0.17939812852382542,0.04792348867723228,0.30862289132329374
-2.8453443109983683,21.185343053838867,0.17957662987690134,0.047797134252050864,0.30881843144926413
-2.8453443109983683,21.535942088649698,0.17975521928367463,0.04767259573533816,0.3090058608020403
-2.8453443109983683,21.886541123460525,0.17993388876620395,0.04754988543504953,0.3091854762679242
-2.8453443109983683,22.23714015827135,0.18011263331640154,0.04740162390012671,0.3093575612152545
-2.8453443109983683,22.587739193082182,0.18029145657007314,0.04711222600156778,0.31134530830673673
-2.8453443109983683,22.93833822789301,0.18047037786721543,0.05174615300780402,0.3182006081682186
-2.8453443109983683,23.288937262703836,0.1806494401139966,0.05173813502640796,0.3188732027512141
-2.8453443109983683,23.639536297514667,0.18082871733778128,0.04216186368321459,0.3099757009718028
-2.8453443109983683,23.990135332325494,0.18100832037089462,0.057994375830070624,0.32489712416175676
-2.8453443109983683,24.34073436713632,0.18118839900404327,0.058181290673819885,0.3252528026241515
-2.8453443109983683,24.691333401947148,0.1813691394210902,0.04550938022602696,0.31226701837674015
-2.8453443109983683,25.04193243675798,0.18155075670134355,0.04526862980082025,0.3108863086736986
-2.8453443109983683,25.392531471568805,0.18173348329435063,0.058739071509559294,0.3250060777468947
-2.8453443109983683,25.743130506379632,0.1819175551821196,0.05892454990011455,0.3243182278422882
-2.8453443109983683,26.093729541190463,0.18210319770393146,0.05125145288033324,0.31597549078032633
-2.8453443109983683,26.444328576001293,0.18229061282927533,0.05908697274610744,0.3244305862808481
-2.8453443109983683,26.79492761081212,0.18247996928609214,0.059100561651935765,0.32499349474275496
-2.8453443109983683,27.145526645622947,0.18267139652787576,0.043435054734917565,0.3085661318114717
-2.8453443109983683,27.496125680433778,0.18286498301337997,0.04356688108804279,0.30714056452136906
-2.8453443109983683,27.846724715244605,0.18306077863043238,0.04367174210582658,0.3077726966355563
-2.8453443109983683,28.197323750055432,0.18325880043280582,0.04351581342191752,0.30819862136253373
-2.8453443109983683,28.54792278486626,0.1834590403965055,0.043369776682587326,0.3078393640357415
-2.8453443109983683,28.89852181967709,0.18366147378755082,0.04323357217727752,0.3086971066839529
-2.8453443109983683,29.249120854487916,0.18386606694148136,0.043018679634842655,0.31150360001547056
-2.8453443109983683,29.599719889298743,0.18407278363683213,0.05058184547016071,0.3192120136326005
-2.8453443109983683,29.950318924109574,0.18428158964670288,0.06065199127460116,0.329596293574359
-2.8453443109983683,30.3009179589204,0.18449245538662903,0.06135223948438899,0.330059513074285
-2.8453443109983683,30.651516993731228,0.18470535681956518,0.06162237729374971,0.33080466932280284
-2.8453443109983683,31.002116028542055,0.1849202749340224,0.06372754288420923,0.3330537972752015
-2.8453443109983683,31.352715063352885,0.18513719418594932,0.06292809209403342,0.33306692088639606
-2.8453443109983683,31.703314098163716,0.18535610029660526,0.06352543606094772,0.33322968981054446
-2.8453443109983683,32.05391313297454,0.1855769777449419,0.06342286311336706,0.3339608180057419
-2.8453443109983683,32.40451216778537,0.18579980721340061,0.06270268838840264,0.33298196337834757
-2.8453443109983683,32.7551112025962,0.18602456317315214,0.06314664676698283,0.333092025605277
-2.8453443109983683,33.105710237407024,0.18625121175051632,0.06298710033668294,0.3328128402378575
-2.8453443109983683,33.45630927221785,0.18647970900284944,0.06281359752420071,0.33269164192907913
-2.8453443109983683,33.806908307028685,0.18670999973377217,0.06262647138154066,0.3326804438115878
-2.8453443109983683,34.15750734183951,0.18694201697100016,0.0624261341230787,0.3330463968950494
-2.8453443109983683,34.50810637665034,0.18717568219779526,0.06414512240770943,0.3350387705714886
-2.8453443109983683,34.858705411461166,0.1874109063683778,0.06440432443105552,0.3354184682120214
-2.8453443109983683,35.20930444627199,0.18764759166092165,0.07013725899734487,0.3400905537307786
-2.787007940898896,0.5,0.1694243556908941,0.043492823589134116,0.28976088485953344
-2.787007940898896,0.8505990348108282,0.16955070785412749,0.043510743942920246,0.29023163651332723
-2.787007940898896,1.2011980696216566,0.16967921474528783,0.043420025493755274,0.29066636058811757
-2.787007940898896,1.5517971044324848,0.1698097995512505,0.044667147723686317,0.2921418400746226
-2.787007940898896,1.9023961392433129,0.169942392076329,0.044900652008643016,0.2924529598468823
-2.787007940898896,2.2529951740541407,0.17007692821158668,0.04513479517676094,0.29262161484620686
-2.787007940898896,2.6035942088649695,0.17021334890872586,0.04537247707098439,0.2927210797250384
-2.787007940898896,2.954193243675798,0.17035159876608574,0.04561400615655732,0.29271722573931747
-2.787007940898896,3.3047922784866257,0.17049162437807275,0.04585971210013224,0.2926045184428407
-2.787007940898896,3.655391313297454,0.17063337268938772,0.047546142496396555,0.2943501039905327
-2.787007940898896,4.005990348108282,0.17077678968130006,0.04636507375369576,0.2928197150719317
-2.787007940898896,4.35658938291911,0.17092181972754028,0.046625486438508314,0.2923841460561315
-2.787007940898896,4.707188417729939,0.17106840585015773,0.047182424433592864,0.29339680131473955
-2.787007940898896,5.057787452540768,0.17121649089943614,0.04716379938973132,0.29379964435723627
-2.787007940898896,5.408386487351596,0.17136601944355873,0.04744255720292095,0.29538560749319087
-2.787007940898896,5.758985522162424,0.17151693996147022,0.04772831153988447,0.29636155847107587
-2.787007940898896,6.109584556973252,0.17166920684574025,0.04802152517001594,0.29661694440358294
-2.787007940898896,6.46018359178408,0.17182278176732968,0.04832267205414548,0.2956791862464044
-2.787007940898896,6.810782626594908,0.17197763411722644,0.048632235862318955,0.29474015156957306
-2.787007940898896,7.161381661405737,0.17213374046795976,0.048950708388055514,0.29591640310421197
-2.787007940898896,7.511980696216565,0.17229108321578776,0.049278587853543145,0.297323027782528
-2.787007940898896,7.8625797310273935,0.17244964870654925,0.04961637710136735,0.2990076220019324
-2.787007940898896,8.213178765838222,0.17260942518775785,0.04280904721590745,0.29307112301428134
-2.787007940898896,8.56377780064905,0.1727704008833163,0.04285198977590998,0.2936473726842226
-2.787007940898896,8.914376835459878,0.1729325623974845,0.04290437686393463,0.2942152160951075
-2.787007940898896,9.264975870270705,0.17309589356269103,0.04296673921323726,0.29477419926785814
-2.787007940898896,9.615574905081534,0.17326037477435785,0.04303964749773106,0.2953238815777276
-2.787007940898896,9.96617393989236,0.17342598280785856,0.05181370038398765,0.3038974541812343
-2.787007940898896,10.316772974703191,0.1735926910778087,0.05197204272149036,0.303978431282227
-2.787007940898896,10.667372009514018,0.17376047026224428,0.04332796901516466,0.2952276374095443
-2.787007940898896,11.017971044324847,0.17392928916002734,0.052237267237405356,0.30481431584021773
-2.787007940898896,11.368570079135674,0.17409911558094038,0.0506741337955157,0.3038270391975018
-2.787007940898896,11.719169113946503,0.17426991701557415,0.0507624436241465,0.3037675130921934
-2.787007940898896,12.069768148757332,0.17444166084781393,0.050850057739018975,0.30369024401542233
-2.787007940898896,12.420367183568159,0.1746143139894515,0.05093700472296814,0.30359479114555665
-2.787007940898896,12.77096621837899,0.17478784200910916,0.05102331262909945,0.3039876361507021
-2.787007940898896,13.121565253189816,0.17496220801521165,0.0511090089161312,0.3054422938130225
-2.787007940898896,13.472164288000645,0.17513737164681145,0.05104111481858869,0.30689349086565193
-2.787007940898896,13.822763322811472,0.17531328848539338,0.05087586968704842,0.30834072693759385
-2.787007940898896,14.1733623576223,0.1754899100491163,0.05249897546672253,0.30985586327712855
-2.787007940898896,14.523961392433128,0.17566718433481476,0.04558380505178786,0.30287887617951387
-2.787007940898896,14.874560427243956,0.17584505670660672,0.044766703162693385,0.302387282490566
-2.787007940898896,15.225159462054787,0.17602347085118247,0.0459354570952883,0.3025981918856128
-2.787007940898896,15.575758496865614,0.1762023695603705,0.04663784494671766,0.30294999684691293
-2.787007940898896,15.926357531676443,0.17638169525681413,0.04683458468571054,0.303289791709029
-2.787007940898896,16.276956566487268,0.1765613903946979,0.047037127688891706,0.30367733242295514
-2.787007940898896,16.6275556012981,0.17674139804329092,0.04724589938141924,0.3043701337426963
-2.787007940898896,16.978154636108926,0.17692166298809592,0.04842668731714019,0.3052760267175683
-2.787007940898896,17.328753670919756,0.17710213351338316,0.050954466303790455,0.30736919049384026
-2.787007940898896,17.679352705730587,0.17728276371504414,0.05064599706735748,0.30653027278130773
-2.787007940898896,18.029951740541414,0.1774635158737245,0.04815101031045825,0.3057191550782285
-2.787007940898896,18.38055077535224,0.17764436225047658,0.0483965154510544,0.30534959490463054
-2.787007940898896,18.73114981016307,0.17782528574436432,0.048650309430832865,0.3056014806879459
-2.787007940898896,19.081748844973898,0.17800627915868608,0.04861033613421485,0.30584368978764753
-2.787007940898896,19.432347879784725,0.17818734323909394,0.048473396568324646,0.3060765542673195
-2.787007940898896,19.782946914595552,0.1783684840020341,0.04833825650540422,0.3063004104430004
-2.787007940898896,20.133545949406383,0.1785497100326837,0.04820492879079261,0.30651559589687344
-2.787007940898896,20.48414498421721,0.1787310303721332,0.04807342668154223,0.3067224465212865
-2.787007940898896,20.834744019028037,0.17891245341721454,0.04789059084242634,0.3069212936352829
-2.787007940898896,21.185343053838867,0.1790939870504122,0.047594141026529764,0.30711246121732305
-2.787007940898896,21.535942088649698,0.1792756400919338,0.04730129687951256,0.30729626329816767
-2.787007940898896,21.886541123460525,0.17945742512737706,0.04701254157515503,0.3074730015568698
-2.787007940898896,22.23714015827135,0.1796393627371159,0.0467283597140598,0.30764296316046524
-2.787007940898896,22.587739193082182,0.1798214870231138,0.04644923378367623,0.30800726537545714
-2.787007940898896,22.93833822789301,0.18000385201136623,0.046175640541721345,0.3108271355239814
-2.787007940898896,23.288937262703836,0.1801865380270298,0.059294034078575544,0.3242572717086176
-2.787007940898896,23.639536297514667,0.18036965666876703,0.059309665856839604,0.32195225793220844
-2.787007940898896,23.990135332325494,0.18055335282886872,0.05932506549863786,0.32052779128554204
-2.787007940898896,24.34073436713632,0.18073780254773372,0.05934025171899433,0.32218021951665377
-2.787007940898896,24.691333401947148,0.1809232063482955,0.044906493201023454,0.3086633058718819
-2.787007940898896,25.04193243675798,0.18110977875739476,0.0513219373630576,0.31508744694406404
-2.787007940898896,25.392531471568805,0.18129773554474354,0.0512596883927273,0.3138595193075942
-2.787007940898896,25.743130506379632,0.18148728052834842,0.05119683800602152,0.31266623241215463
-2.787007940898896,26.093729541190463,0.18167859367216777,0.05113326488488752,0.3147406562335731
-2.787007940898896,26.444328576001293,0.1818718218804134,0.046126764234093794,0.3101407432671551
-2.787007940898896,26.79492761081212,0.18206707351464532,0.046029400862891985,0.30933259322071777
-2.787007940898896,27.145526645622947,0.18226441717968456,0.04338865276309603,0.30665989909429003
-2.787007940898896,27.496125680433778,0.18246388468384256,0.04330746746305712,0.30602744569506224
-2.787007940898896,27.846724715244605,0.18266547738249447,0.04365245514840415,0.306590669526601
-2.787007940898896,28.197323750055432,0.18286917459220797,0.04300276184093185,0.3065506899303514
-2.787007940898896,28.54792278486626,0.1830749425901818,0.04286517656505975,0.3077994228990785
-2.787007940898896,28.89852181967709,0.18328274289230026,0.05058750988540404,0.3170968563448192
-2.787007940898896,29.249120854487916,0.18349253889752792,0.050514403893452776,0.3169051906320847
-2.787007940898896,29.599719889298743,0.18370430043498148,0.06288849000638282,0.32919000267674664
-2.787007940898896,29.950318924109574,0.18391800614079978,0.06309601692891657,0.3286700845354108
-2.787007940898896,30.3009179589204,0.18413364387397912,0.06330694209891664,0.3290887357207229
-2.787007940898896,30.651516993731228,0.18435120954380052,0.06291959418403784,0.3294977991585995
-2.787007940898896,31.002116028542055,0.18457070478045254,0.06351544095759444,0.329358713336161
-2.787007940898896,31.352715063352885,0.1847921338652848,0.0639627133076045,0.33028885573670064
-2.787007940898896,31.703314098163716,0.18501550028629146,0.06474098893997211,0.3309626812337244
-2.787007940898896,32.05391313297454,0.18524080323154937,0.06524978833566199,0.33170664137350436
-2.787007940898896,32.40451216778537,0.18546803429526926,0.059681069320764564,0.3258051093882827
-2.787007940898896,32.7551112025962,0.18569717464477045,0.06490039072513255,0.3317759207066559
-2.787007940898896,33.105710237407024,0.18592819286646556,0.06514781833390443,0.33213090661607053
-2.787007940898896,33.45630927221785,0.18616104365939404,0.06540094986579813,0.3324802953369515
-2.787007940898896,33.806908307028685,0.18639566747134867,0.06566003049332034,0.33282467238786856
-2.787007940898896,34.15750734183951,0.18663199108488765,0.06939124960220903,0.3357796015441438
-2.787007940898896,34.50810637665034,0.18686992907767586,0.06937329543491381,0.3359514319931763
-2.787007940898896,34.858705411461166,0.1871093860219891,0.06675124038376631,0.3338337529729451
-2.787007940898896,35.20930444627199,0.1873502592595678,0.07094421300192508,0.33771390306600785
-2.7286715707994245,0.5,0.1687763001169519,0.04214656027534583,0.28735933527024216
-2.7286715707994245,0.8505990348108282,0.1689027139777077,0.04398138565826475,0.2893152682285459
-2.7286715707994245,1.2011980696216566,0.1690315149212616,0.043929712743517084,0.2890691269879462
-2.7286715707994245,1.5517971044324848,0.16916262805309884,0.044408845938435935,0.28955031112089263
-2.7286715707994245,1.9023961392433129,0.16929598237196702,0.04462667908573361,0.2899223206174345
-2.7286715707994245,2.2529951740541407,0.1694315104572057,0.045765913245818524,0.29081637473113386
-2.7286715707994245,2.6035942088649695,0.16956914787925054,0.0450718716036547,0.2897254689670881
-2.7286715707994245,2.954193243675798,0.16970883236754242,0.04529982207296776,0.2897631986107503
-2.7286715707994245,3.3047922784866257,0.1698505027816887,0.045531768937681454,0.28982335441701507
-2.7286715707994245,3.655391313297454,0.1699940980214712,0.0457680556092267,0.2898856238033365
-2.7286715707994245,4.005990348108282,0.17013955612452852,0.046009042932424804,0.2899497504970684
-2.7286715707994245,4.35658938291911,0.17028681385377106,0.047586118866858526,0.29175421910418914
-2.7286715707994245,4.707188417729939,0.1704358070131442,0.04650664438150064,0.2907496867124602
-2.7286715707994245,5.057787452540768,0.17058647155355175,0.048062248310318835,0.29221379775035805
-2.7286715707994245,5.408386487351596,0.17073874529808564,0.05134743440518705,0.29694289557211906
-2.7286715707994245,5.758985522162424,0.17089256990977036,0.051239762511578524,0.29723972314223296
-2.7286715707994245,6.109584556973252,0.17104789262089806,0.04840252240800967,0.2949197025837162
-2.7286715707994245,6.46018359178408,0.17120466728065661,0.04786110334174814,0.29394631053351306
-2.7286715707994245,6.810782626594908,0.17136285444524424,0.04815446132151529,0.2929707118142899
-2.7286715707994245,7.161381661405737,0.17152242047201094,0.048456391423639764,0.29474926223171144
-2.7286715707994245,7.511980696216565,0.1716833358060027,0.05229477039922106,0.29882000606988474
-2.7286715707994245,7.8625797310273935,0.17184557280035287,0.05242196111129565,0.29957479216959854
-2.7286715707994245,8.213178765838222,0.17200910346881937,0.052559569361820685,0.3011943784336133
-2.7286715707994245,8.56377780064905,0.172173897544084,0.05229649639469794,0.30141546045884116
-2.7286715707994245,8.914376835459878,0.17233992113870442,0.04327030018849028,0.29292798787621127
-2.7286715707994245,9.264975870270705,0.17250713620078129,0.043329016151791785,0.2934672607938986
-2.7286715707994245,9.615574905081534,0.17267550083682626,0.04339582897151113,0.2939972927167765
-2.7286715707994245,9.96617393989236,0.17284497044837963,0.04382079895970602,0.29451770655903947
-2.7286715707994245,10.316772974703191,0.17301549950341663,0.04356321847430267,0.2936599575048685
-2.7286715707994245,10.667372009514018,0.1731870436433119,0.043665114202253566,0.29440723855450734
-2.7286715707994245,11.017971044324847,0.17335956172110475,0.052346584259614616,0.3036473897661803
-2.7286715707994245,11.368570079135674,0.17353301730786078,0.05216509072885548,0.3035928086106865
-2.7286715707994245,11.719169113946503,0.17370737924358742,0.05198563633213133,0.30352049190611063
-2.7286715707994245,12.069768148757332,0.17388262098780694,0.0518081934873207,0.30366378903083907
-2.7286715707994245,12.420367183568159,0.17405871882206528,0.051632735282416624,0.30414921653426574
-2.7286715707994245,12.77096621837899,0.17423564927677276,0.05036885569901935,0.3032076417126298
-2.7286715707994245,13.121565253189816,0.17441338637108825,0.052903273340145655,0.30627331982686046
-2.7286715707994245,13.472164288000645,0.17459189928032318,0.05292755594088172,0.3061305914304521
-2.7286715707994245,13.822763322811472,0.17477115087806677,0.050656659085251424,0.3051553779650907
-2.7286715707994245,14.1733623576223,0.17495109731413572,0.052974679122508174,0.3090399942921529
-2.7286715707994245,14.523961392433128,0.17513168849388983,0.04583864226360714,0.30225844649943767
-2.7286715707994245,14.874560427243956,0.17531286912094,0.04642417064385533,0.30348947820866307
-2.7286715707994245,15.225159462054787,0.1754945799199288,0.04649977264005609,0.3029404708704071
-2.7286715707994245,15.575758496865614,0.1756767587819431,0.046843410176263936,0.30239596053789136
-2.7286715707994245,15.926357531676443,0.1758593418173673,0.04618022311445747,0.30185675700633585
-2.7286715707994245,16.276956566487268,0.17604226453993074,0.047285551377925464,0.30247205909266284
-2.7286715707994245,16.6275556012981,0.17622546350285032,0.04751625663638388,0.3033682887632859
-2.7286715707994245,16.978154636108926,0.1764088785854334,0.049522693234630204,0.30496869110529884
-2.7286715707994245,17.328753670919756,0.1765924558265057,0.04799884681374896,0.30338757780426456
-2.7286715707994245,17.679352705730587,0.1767761503638267,0.048105427127859014,0.30314193155891633
-2.7286715707994245,18.029951740541414,0.1769599288375312,0.048511945268529345,0.30340601652062144
-2.7286715707994245,18.38055077535224,0.1771437706607759,0.0489349459008659,0.3037008082376121
-2.7286715707994245,18.73114981016307,0.17732766784820372,0.04879252155854834,0.3039055733700544
-2.7286715707994245,19.081748844973898,0.1775116235054805,0.0486519207942554,0.30414169295892846
-2.7286715707994245,19.432347879784725,0.17769564944653932,0.04851315528879246,0.3043691521731766
-2.7286715707994245,19.782946914595552,0.17787976357740054,0.04836074401980258,0.30458829101765283
-2.7286715707994245,20.133545949406383,0.17806398763225187,0.04806306417509395,0.30479945059044705
-2.7286715707994245,20.48414498421721,0.17824834565031666,0.04776783296125253,0.3050029700826268
-2.7286715707994245,20.834744019028037,0.17843286337482334,0.047475448038876676,0.3051991838306533
-2.7286715707994245,21.185343053838867,0.17861756863990888,0.047186323103503305,0.3053884184692673
-2.7286715707994245,21.535942088649698,0.1788024928056807,0.04690088473768854,0.305570990233091
-2.7286715707994245,21.886541123460525,0.17898767333771703,0.04661956904887631,0.3057472024542116
-2.7286715707994245,22.23714015827135,0.17917315758477245,0.046342818134411094,0.30591734330055925
-2.7286715707994245,22.587739193082182,0.17935900757690243,0.04607107641575044,0.306081683795996
-2.7286715707994245,22.93833822789301,0.17954530522538778,0.045804786885543895,0.30739172474979226
-2.7286715707994245,23.288937262703836,0.17973215679047652,0.059634957452394464,0.319483962919817
-2.7286715707994245,23.639536297514667,0.17991969516779355,0.05965196938383329,0.3186241326318076
-2.7286715707994245,23.990135332325494,0.18010807870502565,0.061497808816352084,0.3210017915437556
-2.7286715707994245,24.34073436713632,0.18029748596571912,0.061439342239515596,0.32121618175429517
-2.7286715707994245,24.691333401947148,0.1804881068575894,0.06135286252934976,0.32185064450754275
-2.7286715707994245,25.04193243675798,0.18068013140581055,0.046552171914989005,0.30764571813583547
-2.7286715707994245,25.392531471568805,0.180873737868383,0.05113742213310563,0.31163371100589976
-2.7286715707994245,25.743130506379632,0.1810690818704482,0.05107271802179537,0.31181018078651734
-2.7286715707994245,26.093729541190463,0.18126628798748168,0.06099525603100253,0.32257208665877773
-2.7286715707994245,26.444328576001293,0.18146544486767993,0.04613985690386805,0.3075637829736733
-2.7286715707994245,26.79492761081212,0.18166660450837988,0.04321399367149569,0.304472988492485
-2.7286715707994245,27.145526645622947,0.18186978563463904,0.043344939783151855,0.30455334514203763
-2.7286715707994245,27.496125680433778,0.18207498038610803,0.04301575592720167,0.3039201582219609
-2.7286715707994245,27.846724715244605,0.18228216295514552,0.06373402933412192,0.3253986387406512
-2.7286715707994245,28.197323750055432,0.18249129863354221,0.06375142280259005,0.3265731698655563
-2.7286715707994245,28.54792278486626,0.18270235192657924,0.05987207080749796,0.3231642352898218
-2.7286715707994245,28.89852181967709,0.18291529283170924,0.05988732448528082,0.32325644123339903
-2.7286715707994245,29.249120854487916,0.18313010086659634,0.05990263966850857,0.3233337029589662
-2.7286715707994245,29.599719889298743,0.18334676683507029,0.05991804254793307,0.32339503659442703
-2.7286715707994245,29.950318924109574,0.18356529258761922,0.06362419862375801,0.32740552769301123
-2.7286715707994245,30.3009179589204,0.18378568917284405,0.06533280078460253,0.32909210435307895
-2.7286715707994245,30.651516993731228,0.18400797382404807,0.06555918791105776,0.3285422828585461
-2.7286715707994245,31.002116028542055,0.18423216622140415,0.0657903105128266,0.3284801071915787
-2.7286715707994245,31.352715063352885,0.18445828444449655,0.06602644161238315,0.32881972416133304
-2.7286715707994245,31.703314098163716,0.18468634099504755,0.06599194461885825,0.3287188930077923
-2.7286715707994245,32.05391313297454,0.18491633922402642,0.0665148054597766,0.32927710339225214
-2.7286715707994245,32.40451216778537,0.18514827043494786,0.06676756669486601,0.32979088791070266
-2.7286715707994245,32.7551112025962,0.18538211185417602,0.06697047841281265,0.3301007565113291
-2.7286715707994245,33.105710237407024,0.18561782556678305,0.06714891911476324,0.3304047572656832
-2.7286715707994245,33.45630927221785,0.18585535842795253,0.0673458657727102,0.3307035413515027
-2.7286715707994245,33.806908307028685,0.18609464289099806,0.07006648339500815,0.3325153384007895
-2.7286715707994245,34.15750734183951,0.18633559865232185,0.07078469116658262,0.3330644057897965
-2.7286715707994245,34.50810637665034,0.18657813499746734,0.07105209996212479,0.3335835171661367
-2.7286715707994245,34.858705411461166,0.1868221537275232,0.07113757320904311,0.33407388180775816
-2.7286715707994245,35.20930444627199,0.18706755253677346,0.07120205692367858,0.33453668442892487
-2.670335200699953,0.5,0.1681317186129128,0.04211435844067577,0.2857010176537058
-2.670335200699953,0.8505990348108282,0.16825791323916106,0.04197870943795775,0.2860921035914757
-2.670335200699953,1.2011980696216566,0.16838673292496747,0.0444859517849414,0.28886967606715025
-2.670335200699953,1.5517971044324848,0.16851810618333382,0.04583169158558158,0.29029227578062394
-2.670335200699953,1.9023961392433129,0.16865196250922704,0.04428927742924283,0.28836546153616505
-2.670335200699953,2.2529951740541407,0.16878823256765232,0.04526707665765722,0.28888014783509747
-2.670335200699953,2.6035942088649695,0.1689268482835469,0.04616993957741068,0.2890141678878469
-2.670335200699953,2.954193243675798,0.1690677427587629,0.04638504378020978,0.28990780972632085
-2.670335200699953,3.3047922784866257,0.16921084994160798,0.043964263757889345,0.28737055840315917
-2.670335200699953,3.655391313297454,0.16935610407879834,0.04389741698360907,0.28712507950705185
-2.670335200699953,4.005990348108282,0.16950343912632262,0.04383643785758681,0.2868809426903495
-2.670335200699953,4.35658938291911,0.16965278839094508,0.043781406900710154,0.2866381209757516
-2.670335200699953,4.707188417729939,0.1698040846494442,0.04613474866161223,0.2892690337084228
-2.670335200699953,5.057787452540768,0.16995726084251458,0.04907249630735159,0.29148925948184234
-2.670335200699953,5.408386487351596,0.1701122512221035,0.04945093661108337,0.2917724114661725
-2.670335200699953,5.758985522162424,0.1702689926345687,0.05139028555304062,0.2942048817311757
-2.670335200699953,6.109584556973252,0.1704274255268503,0.050237215151475084,0.2932071408516619
-2.670335200699953,6.46018359178408,0.17058749430577197,0.0521971346429085,0.29535812998988986
-2.670335200699953,6.810782626594908,0.1707491468467003,0.052604778321874476,0.2956916270157299
-2.670335200699953,7.161381661405737,0.1709123331824312,0.05301500537736983,0.29676314254090835
-2.670335200699953,7.511980696216565,0.17107700363527162,0.053180419967313076,0.29682934164189173
-2.670335200699953,7.8625797310273935,0.17124310682096763,0.052362257363175825,0.296948560649869
-2.670335200699953,8.213178765838222,0.1714105880123143,0.05281142172101599,0.2979210066347815
-2.670335200699953,8.56377780064905,0.17157938829349906,0.05319978564535836,0.29887897965240356
-2.670335200699953,8.914376835459878,0.17174944478247434,0.05320821940456761,0.2998224540670178
-2.670335200699953,9.264975870270705,0.17192069198704713,0.053218239364569,0.3007514191837034
-2.670335200699953,9.615574905081534,0.1720930641373557,0.053218586920727284,0.30201809526650764
-2.670335200699953,9.96617393989236,0.17226649814167622,0.043750462848975095,0.29219897916040805
-2.670335200699953,10.316772974703191,0.17244093666559074,0.043946645522919554,0.2920389566075855
-2.670335200699953,10.667372009514018,0.17261633074854418,0.044048405101269075,0.293502256468732
-2.670335200699953,11.017971044324847,0.17279264137009365,0.04415698503164937,0.29453440866832903
-2.670335200699953,11.368570079135674,0.17296983950174993,0.04427927772909788,0.2949962560054532
-2.670335200699953,11.719169113946503,0.17314790445602823,0.0526767206731375,0.3031914871675041
-2.670335200699953,12.069768148757332,0.17332682073391992,0.05312790067169185,0.3030888041977891
-2.670335200699953,12.420367183568159,0.17350657395687427,0.05322203268104463,0.3029672894158559
-2.670335200699953,12.77096621837899,0.17368714670153998,0.05316624888294754,0.3028266277053021
-2.670335200699953,13.121565253189816,0.17386851504214546,0.053110497070499044,0.3037736343386544
-2.670335200699953,13.472164288000645,0.17405064636059833,0.05121106653648029,0.3033001892314102
-2.670335200699953,13.822763322811472,0.17423349861328447,0.05104063579275091,0.3038455206951487
-2.670335200699953,14.1733623576223,0.17441702088159408,0.04585647941801834,0.2999520700225444
-2.670335200699953,14.523961392433128,0.17460115479001667,0.050169365869238744,0.3050072806125275
-2.670335200699953,14.874560427243956,0.1747858363107901,0.05633349759126347,0.3110515572850776
-2.670335200699953,15.225159462054787,0.17497099759294477,0.046788433383963546,0.3012889512668957
-2.670335200699953,15.575758496865614,0.17515656870100801,0.047069503078023836,0.3019036027743783
-2.670335200699953,15.926357531676443,0.17534247940832293,0.04730964034835584,0.3025837120195612
-2.670335200699953,16.276956566487268,0.1755286613216336,0.045436472073962786,0.30033122947603175
-2.670335200699953,16.6275556012981,0.17571505052991954,0.04626629697242694,0.30060235368112914
-2.670335200699953,16.978154636108926,0.17590159069963882,0.04807045422829281,0.3009936409499873
-2.670335200699953,17.328753670919756,0.1760882362166728,0.047359596720586816,0.3011672915484916
-2.670335200699953,17.679352705730587,0.17627495477154498,0.04792567492891834,0.3014352489665567
-2.670335200699953,18.029951740541414,0.17646172881228508,0.04850532525734279,0.3016939136183037
-2.670335200699953,18.38055077535224,0.17664855555177147,0.0489945271056717,0.3019435912211513
-2.670335200699953,18.73114981016307,0.1768354456049126,0.048850044795316884,0.30153360045503846
-2.670335200699953,19.081748844973898,0.17702242067645785,0.0487074337892444,0.3006903372143044
-2.670335200699953,19.432347879784725,0.177209510880542,0.048529928200008905,0.3014555675755115
-2.670335200699953,19.782946914595552,0.1773967522125588,0.04823291601069295,0.3028589288003722
-2.670335200699953,20.133545949406383,0.17758418449825933,0.04793834381554931,0.3030686006012683
-2.670335200699953,20.48414498421721,0.1777718499580894,0.047646515501798124,0.30327128552806454
-2.670335200699953,20.834744019028037,0.17795979245600776,0.04735775982170067,0.30346731724077003
-2.670335200699953,21.185343053838867,0.17814805756543112,0.047072427680333324,0.3036570216188408
-2.670335200699953,21.535942088649698,0.17833669369553729,0.04679088900363726,0.3038407140089831
-2.670335200699953,21.886541123460525,0.17852575453520256,0.046513529256768306,0.3040186966609924
-2.670335200699953,22.23714015827135,0.17871530285635837,0.046240745683455695,0.3041912563991085
-2.670335200699953,22.587739193082182,0.17890541523869535,0.04597294333649341,0.30435866257230504
-2.670335200699953,22.93833822789301,0.17909618666912502,0.059963038639319954,0.3168191425792841
-2.670335200699953,23.288937262703836,0.17928773353001015,0.061002084754094715,0.3180912679785025
-2.670335200699953,23.639536297514667,0.17948019353875228,0.06000084864651172,0.31699011639162894
-2.670335200699953,23.990135332325494,0.17967372185132194,0.060019352598364585,0.31757987002557353
-2.670335200699953,24.34073436713632,0.17986848356262825,0.06003760967979708,0.3181605542678708
-2.670335200699953,24.691333401947148,0.1800646437696053,0.04894550253043145,0.30666139270544307
-2.670335200699953,25.04193243675798,0.18026235684926764,0.04839966368781603,0.306727248032077
-2.670335200699953,25.392531471568805,0.1804617566169599,0.05100683753731719,0.3091677848770152
-2.670335200699953,25.743130506379632,0.18066294878113967,0.04636855876276642,0.3061069979978344
-2.670335200699953,26.093729541190463,0.18086600675945314,0.04626535573661329,0.3062539888539966
-2.670335200699953,26.444328576001293,0.1810709714421186,0.04616411280295755,0.3059161669272965
-2.670335200699953,26.79492761081212,0.1812778548281814,0.043288153234694475,0.3032443027007309
-2.670335200699953,27.145526645622947,0.18148664672883638,0.06356805285800861,0.32300108150952955
-2.670335200699953,27.496125680433778,0.18169732318401807,0.06360045491091662,0.32325628031949705
-2.670335200699953,27.846724715244605,0.1819098550742446,0.06361884383644589,0.32365504570997145
-2.670335200699953,28.197323750055432,0.18212421563313197,0.059729361642026406,0.31952898952548936
-2.670335200699953,28.54792278486626,0.18234038601649724,0.059631882258499705,0.31869297332687446
-2.670335200699953,28.89852181967709,0.18255835856792954,0.05953375350315759,0.3187669076340462
-2.670335200699953,29.249120854487916,0.18277813781273675,0.059435014051926846,0.3197113754895446
-2.670335200699953,29.599719889298743,0.1829997394741861,0.06703786241725443,0.3260251492490826
-2.670335200699953,29.950318924109574,0.18322318795347065,0.06726881217971982,0.3261377497873727
-2.670335200699953,30.3009179589204,0.18344851277775365,0.06750475481569847,0.32641260668525185
-2.670335200699953,30.651516993731228,0.18367574452252555,0.06774597472279935,0.3267969340157953
-2.670335200699953,31.002116028542055,0.1839049106697996,0.06794814399485523,0.3271702202498864
-2.670335200699953,31.352715063352885,0.1841360317833271,0.06806315020831434,0.3275326123240852
-2.670335200699953,31.703314098163716,0.1843691182791597,0.06819373049575059,0.32788427622866634
-2.670335200699953,32.05391313297454,0.18460416796174517,0.0679514761098288,0.327514764118628
-2.670335200699953,32.40451216778537,0.18484116440107726,0.06850520778797874,0.32777712798200626
-2.670335200699953,32.7551112025962,0.18508007615988883,0.06868789064593103,0.3280729370325242
-2.670335200699953,33.105710237407024,0.18532085684607427,0.07100574327152723,0.3298198025975475
-2.670335200699953,33.45630927221785,0.18556344595643698,0.07109785880270478,0.3294886748110555
-2.670335200699953,33.806908307028685,0.185807770476454,0.0711902390123275,0.32993270422638715
-2.670335200699953,34.15750734183951,0.1860537471893455,0.07128294721498421,0.33049175953632215
-2.670335200699953,34.50810637665034,0.18630128561641154,0.07137604859410211,0.3311410257229752
-2.670335200699953,34.858705411461166,0.18655029146101304,0.0714696099804979,0.33173660555284784
-2.670335200699953,35.20930444627199,0.18680067037217452,0.0705519083136256,0.33085879974666416
-2.611998830600481,0.5,0.16749122386998364,0.0433217068244324,0.2855923455862015
-2.611998830600481,0.8505990348108282,0.16761694070421773,0.041955467005093935,0.28404911302107655
-2.611998830600481,1.2011980696216566,0.16774552649259603,0.04130285021019499,0.2839467185888832
-2.611998830600481,1.5517971044324848,0.167876914957806,0.041694070044813576,0.2841409404096284
-2.611998830600481,1.9023961392433129,0.1680110379695872,0.04599761616644564,0.28870754080508326
-2.611998830600481,2.2529951740541407,0.16814782649678395,0.04376020582451972,0.2866090027923332
-2.611998830600481,2.6035942088649695,0.1682872115578315,0.044485933260464475,0.2861505288521092
-2.611998830600481,2.954193243675798,0.16842912494379436,0.04460180844923271,0.28702755799461194
-2.611998830600481,3.3047922784866257,0.16857349949478248,0.044522306437823206,0.2871102359561442
-2.611998830600481,3.655391313297454,0.1687202688484247,0.04756059776522955,0.28980145632256277
-2.611998830600481,4.005990348108282,0.16886936678200962,0.04861240580685617,0.290216161954179
-2.611998830600481,4.35658938291911,0.16902072643161803,0.04914278429601231,0.29062274257369064
-2.611998830600481,4.707188417729939,0.1691742797048308,0.050231744086168456,0.29146593397881176
-2.611998830600481,5.057787452540768,0.16932995708917545,0.04990933038977307,0.2907532331159827
-2.611998830600481,5.408386487351596,0.16948768785363327,0.05030676458653206,0.2901231310177512
-2.611998830600481,5.758985522162424,0.16964740044418158,0.05206583556604519,0.2924967403243733
-2.611998830600481,6.109584556973252,0.1698090227753779,0.05112861529450631,0.29147497163400404
-2.611998830600481,6.46018359178408,0.1699724821595247,0.05155232148767053,0.2904447270719108
-2.611998830600481,6.810782626594908,0.1701377047755379,0.05198398044883686,0.29238483848985597
-2.611998830600481,7.161381661405737,0.17030461479746647,0.05242310027226132,0.2936803553074882
-2.611998830600481,7.511980696216565,0.17047313349437326,0.05286914206053452,0.29405060983271375
-2.611998830600481,7.8625797310273935,0.17064317870833912,0.052962013182570655,0.29401665089171547
-2.611998830600481,8.213178765838222,0.17081466508277435,0.05377205304627082,0.2950404964232684
-2.611998830600481,8.56377780064905,0.17098750526136094,0.05377300263925733,0.2960491052659704
-2.611998830600481,8.914376835459878,0.17116161205590572,0.0537143060959835,0.29713588364280513
-2.611998830600481,9.264975870270705,0.17133690135037846,0.053561121452369284,0.2984712446747822
-2.611998830600481,9.615574905081534,0.17151329532177526,0.053362329584375104,0.29969865299129356
-2.611998830600481,9.96617393989236,0.17169072544667544,0.05316616417034296,0.2999306214493196
-2.611998830600481,10.316772974703191,0.17186913473418952,0.044391177682555336,0.29205599367434754
-2.611998830600481,10.667372009514018,0.1720484786857268,0.04448077579961003,0.29252286857987975
-2.611998830600481,11.017971044324847,0.17222872464312483,0.05119088504570627,0.2984320043157659
-2.611998830600481,11.368570079135674,0.17240984945759857,0.051594347009073914,0.2983194027165299
-2.611998830600481,11.719169113946503,0.17259183575984932,0.05201159493190815,0.29875010569488064
-2.611998830600481,12.069768148757332,0.17277466744448922,0.052034103525639856,0.2991926992687223
-2.611998830600481,12.420367183568159,0.17295832518041007,0.05185282782953311,0.2998505439063152
-2.611998830600481,12.77096621837899,0.17314278274130998,0.05307499116042759,0.30239685048810966
-2.611998830600481,13.121565253189816,0.17332800472087737,0.05301781464596165,0.3027723641465146
-2.611998830600481,13.472164288000645,0.17351394583955282,0.05132114906928273,0.30203549947413677
-2.611998830600481,13.822763322811472,0.17370055168397702,0.05114789330956741,0.3022211049368019
-2.611998830600481,14.1733623576223,0.17388776045225843,0.05284559215862761,0.30505983350813864
-2.611998830600481,14.523961392433128,0.174075505175849,0.04941960845868455,0.3027323397162205
-2.611998830600481,14.874560427243956,0.17426371597405318,0.05063975737084866,0.30382566166159747
-2.611998830600481,15.225159462054787,0.17445232213379552,0.04964748615947802,0.3030159743369838
-2.611998830600481,15.575758496865614,0.17464125409015585,0.04976105767558127,0.3036645159939653
-2.611998830600481,15.926357531676443,0.174830445566299,0.04758109463455712,0.3010054415025265
-2.611998830600481,16.276956566487268,0.17501983610538177,0.04785101704201301,0.3015521366641227
-2.611998830600481,16.6275556012981,0.1752093739941179,0.046125020945409864,0.29944814465216635
-2.611998830600481,16.978154636108926,0.17539901925891613,0.0463120474402955,0.29916843471465
-2.611998830600481,17.328753670919756,0.17558874618186765,0.04718524764349668,0.2994419661065737
-2.611998830600481,17.679352705730587,0.17577854476371604,0.04773454450223134,0.29970655762613485
-2.611998830600481,18.029951740541414,0.17596842077721217,0.048297221005336476,0.2999624952821163
-2.611998830600481,18.38055077535224,0.17615839441457876,0.048873742257841905,0.30021008005868294
-2.611998830600481,18.73114981016307,0.17634849787455414,0.0489222654629046,0.3000763368090728
-2.611998830600481,19.081748844973898,0.17653877241147242,0.04877749612334185,0.2992835799727093
-2.611998830600481,19.432347879784725,0.17672926533678068,0.048634659519776476,0.2996298467954354
-2.611998830600481,19.782946914595552,0.17692002730314005,0.04838990006599117,0.2999551408275809
-2.611998830600481,20.133545949406383,0.1771111100560759,0.0480946822585708,0.30025901314614445
-2.611998830600481,20.48414498421721,0.1773025648121944,0.04780262738379411,0.3005411446105647
-2.611998830600481,20.834744019028037,0.1774944415160465,0.048082914723521705,0.3017365187551752
-2.611998830600481,21.185343053838867,0.17768678933954227,0.04722903323553936,0.3019290387104869
-2.611998830600481,21.535942088649698,0.1778796587722682,0.03926810000125301,0.2936959665661734
-2.611998830600481,21.886541123460525,0.17807310538851898,0.039516019261455405,0.29439517458364856
-2.611998830600481,22.23714015827135,0.1782671948495073,0.039768879353626455,0.29506779411890005
-2.611998830600481,22.587739193082182,0.1784620080503311,0.06029260161188317,0.3151726858508068
-2.611998830600481,22.93833822789301,0.17865764484841354,0.060433388441987444,0.3157710948345783
-2.611998830600481,23.288937262703836,0.1788542248374276,0.06033512618401143,0.3159961696032448
-2.611998830600481,23.639536297514667,0.17905188428635332,0.059554315740119074,0.3132077892631756
-2.611998830600481,23.990135332325494,0.17925076942328697,0.06017837662492157,0.3141721870834875
-2.611998830600481,24.34073436713632,0.1794510272299981,0.049387349398987916,0.30345014595744535
-2.611998830600481,24.691333401947148,0.17965279542733395,0.048835818157346465,0.30361155833292097
-2.611998830600481,25.04193243675798,0.17985619332433567,0.06303464775904077,0.31882433339429045
-2.611998830600481,25.392531471568805,0.18006131490632077,0.06418947926035833,0.3210539621538334
-2.611998830600481,25.743130506379632,0.1802682251518102,0.06322438532614025,0.3203994249418587
-2.611998830600481,26.093729541190463,0.1804769600972511,0.06534367692960874,0.3213792898689725
-2.611998830600481,26.444328576001293,0.18068753054771614,0.06557094263770911,0.32089089962244394
-2.611998830600481,26.79492761081212,0.18089992864186888,0.0658206391771062,0.32155721902782414
-2.611998830600481,27.145526645622947,0.1811141359519407,0.06609424872626571,0.32221176882268904
-2.611998830600481,27.496125680433778,0.18133013163235204,0.06639325257250113,0.322806381077338
-2.611998830600481,27.846724715244605,0.18154789934142965,0.059165481809340455,0.3157676938751667
-2.611998830600481,28.197323750055432,0.18176743210696136,0.059068725278306325,0.31476708689582855
-2.611998830600481,28.54792278486626,0.18198873480604608,0.05897137334612422,0.31458608769036406
-2.611998830600481,28.89852181967709,0.18221182435524794,0.06885415413743382,0.3245887720447303
-2.611998830600481,29.249120854487916,0.18243672800407656,0.0690906608550576,0.3248860638043912
-2.611998830600481,29.599719889298743,0.18266348028663507,0.06933236801901602,0.32512413960714476
-2.611998830600481,29.950318924109574,0.1828921192275331,0.0695229050721766,0.32530291510049364
-2.611998830600481,30.3009179589204,0.18312268234338655,0.06983253820115522,0.3256367820150971
-2.611998830600481,30.651516993731228,0.18335520286244095,0.0697179010317613,0.32548174524224405
-2.611998830600481,31.002116028542055,0.18358970643919809,0.06983763263692509,0.3254811444924564
-2.611998830600481,31.352715063352885,0.1838262085050833,0.06997345177658013,0.32541994212831743
-2.611998830600481,31.703314098163716,0.1840647122985152,0.07012629975064993,0.3249421156748775
-2.611998830600481,32.05391313297454,0.18430520757075275,0.07029711151556738,0.32515484868503725
-2.611998830600481,32.40451216778537,0.18454766996086855,0.07000263569097308,0.32486701250440864
-2.611998830600481,32.7551112025962,0.18479206105218418,0.07068426114292196,0.32537947654400645
-2.611998830600481,33.105710237407024,0.18503832913692475,0.07078435858991965,0.32591779211157107
-2.611998830600481,33.45630927221785,0.18528641070628746,0.07088542543960863,0.32654164552126286
-2.611998830600481,33.806908307028685,0.18553623264389818,0.07098747711593628,0.32713190010941445
-2.611998830600481,34.15750734183951,0.18578771503908145,0.07109052979947796,0.32768976493685964
-2.611998830600481,34.50810637665034,0.18604077446749406,0.07119460052077274,0.32821643744305423
-2.611998830600481,34.858705411461166,0.18629532752716493,0.0708852673422861,0.3287130990579829
-2.611998830600481,35.20930444627199,0.18655129438203732,0.07197358758436397,0.3299424696258476
-2.5536624605010094,0.5,0.16685563518630533,0.042069917841270676,0.2821439783603141
-2.5536624605010094,0.8505990348108282,0.1669806744607053,0.041938728192502425,0.2827329282759241
-2.5536624605010094,1.2011980696216566,0.16710883255054054,0.04345146186240304,0.2833077633285384
-2.5536624605010094,1.5517971044324848,0.16724005083277696,0.04363430877786311,0.2845705107979602
-2.5536624605010094,1.9023961392433129,0.16737426641111194,0.04147929310914994,0.2818057840040557
-2.5536624605010094,2.2529951740541407,0.16751141392105073,0.041431802782629826,0.2822498220610258
-2.5536624605010094,2.6035942088649695,0.16765142724269042,0.04318816158694352,0.2840907119172409
-2.5536624605010094,2.954193243675798,0.1677942407165232,0.04410375407491033,0.28397101547641745
-2.5536624605010094,3.3047922784866257,0.16793978952656563,0.0444850114483266,0.28483610584962565
-2.5536624605010094,3.655391313297454,0.16808800914195823,0.04096356200635112,0.2816519715151936
-2.5536624605010094,4.005990348108282,0.16823883400199438,0.04085413681042185,0.2810479119311474
-2.5536624605010094,4.35658938291911,0.16839219585611906,0.048208700041432524,0.2879168251650019
-2.5536624605010094,4.707188417729939,0.16854802223051202,0.04935370671905704,0.2883754716467425
-2.5536624605010094,5.057787452540768,0.1687062353789469,0.05054966625587047,0.28917725825377305
-2.5536624605010094,5.408386487351596,0.16886675186451452,0.05119093429890953,0.2892888403443805
-2.5536624605010094,5.758985522162424,0.16902948271374507,0.05080849994708344,0.288555037588425
-2.5536624605010094,6.109584556973252,0.16919433395963543,0.052749862403986485,0.2907435867416127
-2.5536624605010094,6.46018359178408,0.1693612073701791,0.05247923877924584,0.2905568505024878
-2.5536624605010094,6.810782626594908,0.16953000122876236,0.052015613190935464,0.2909760470165439
-2.5536624605010094,7.161381661405737,0.169700611149948,0.05242120809074846,0.29139135493490614
-2.5536624605010094,7.511980696216565,0.1698729310226541,0.052713296161057244,0.29180354985997536
-2.5536624605010094,7.8625797310273935,0.17004685422124718,0.05275652841851605,0.2916591762915635
-2.5536624605010094,8.213178765838222,0.17022227518948566,0.05364461482813386,0.29262169608842803
-2.5536624605010094,8.56377780064905,0.17039909139813986,0.05369343039990448,0.2934480718643917
-2.5536624605010094,8.914376835459878,0.17057720555050465,0.05299487647099918,0.29391097002548566
-2.5536624605010094,9.264975870270705,0.17075652780882214,0.05357104223012486,0.2952182017139845
-2.5536624605010094,9.615574905081534,0.1709369777597432,0.053234206754462596,0.29475710424352974
-2.5536624605010094,9.96617393989236,0.17111848581773217,0.05332650935192336,0.29466729058376356
-2.5536624605010094,10.316772974703191,0.17130099376771568,0.0531289637663497,0.29599610452153174
-2.5536624605010094,10.667372009514018,0.1714844541890981,0.052933672700838,0.29752565341464776
-2.5536624605010094,11.017971044324847,0.17166882862763938,0.05060023626385966,0.29592836268421085
-2.5536624605010094,11.368570079135674,0.17185408461434967,0.05098627810303598,0.2963599641190311
-2.5536624605010094,11.719169113946503,0.1720401919260388,0.05138563874136202,0.29679895374251525
-2.5536624605010094,12.069768148757332,0.17222711872910754,0.05179873716418162,0.2973225078559252
-2.5536624605010094,12.420367183568159,0.1724148283310651,0.0519900160246382,0.2987803947733831
-2.5536624605010094,12.77096621837899,0.17260327713251516,0.0543715665249837,0.3022043172786815
-2.5536624605010094,13.121565253189816,0.1727924140663129,0.05437534741991891,0.3020979106649913
-2.5536624605010094,13.472164288000645,0.1729821814363351,0.053596375551568765,0.30216090377176663
-2.5536624605010094,13.822763322811472,0.173172516750085,0.054083892918809974,0.30229131310831436
-2.5536624605010094,14.1733623576223,0.17336335498008534,0.05407421683526735,0.3030087328845424
-2.5536624605010094,14.523961392433128,0.17355463074322452,0.05092623328454226,0.3008343081529104
-2.5536624605010094,14.874560427243956,0.17374628013487506,0.052622543759586325,0.30277754605446494
-2.5536624605010094,15.225159462054787,0.17393824228541593,0.05256241322054263,0.30296791529130657
-2.5536624605010094,15.575758496865614,0.174130460951555,0.05250198821412957,0.3031706147157111
-2.5536624605010094,15.926357531676443,0.17432288647379865,0.05232614920556518,0.30373936868932466
-2.5536624605010094,16.276956566487268,0.17451547820431287,0.05238024881257202,0.30494010084363565
-2.5536624605010094,16.6275556012981,0.17470820715352148,0.051653284808720216,0.3044149099173396
-2.5536624605010094,16.978154636108926,0.17490105830589428,0.04647981677710497,0.2995216795055245
-2.5536624605010094,17.328753670919756,0.17509403197042372,0.04605960821215715,0.2981488574007682
-2.5536624605010094,17.679352705730587,0.1752871437085287,0.04753018917474194,0.29796730996715176
-2.5536624605010094,18.029951740541414,0.17548042274627015,0.04807481028337905,0.2982231635830969
-2.5536624605010094,18.38055077535224,0.1756739091672381,0.04863296685001876,0.29857500782006646
-2.5536624605010094,18.73114981016307,0.17586765043321947,0.049009743142718554,0.2987119433394583
-2.5536624605010094,19.081748844973898,0.17606169781676456,0.049410918932866914,0.29924618166738903
-2.5536624605010094,19.432347879784725,0.17625610320505591,0.04910444882237047,0.2995496935137432
-2.5536624605010094,19.782946914595552,0.17645091657827724,0.04857444802908948,0.2993925024178915
-2.5536624605010094,20.133545949406383,0.17664618438859747,0.04843335429973806,0.29960662423677376
-2.5536624605010094,20.48414498421721,0.1768419490881899,0.04820664146417605,0.29981492590025344
-2.5536624605010094,20.834744019028037,0.17703825010275606,0.04791500221417758,0.30001772997566906
-2.5536624605010094,21.185343053838867,0.17723512649883885,0.04117886265494468,0.29313991331975037
-2.5536624605010094,21.535942088649698,0.17743262134017618,0.04128603515180901,0.2926589848375679
-2.5536624605010094,21.886541123460525,0.17763078724143846,0.04139548587312972,0.2923447906775695
-2.5536624605010094,22.23714015827135,0.17782969201996665,0.05127949693070993,0.3027038492105762
-2.5536624605010094,22.587739193082182,0.17802942288647614,0.0512545098788952,0.3030254305915444
-2.5536624605010094,22.93833822789301,0.1782300876260089,0.05119018914481547,0.3043727854671541
-2.5536624605010094,23.288937262703836,0.17843181185721088,0.0510018658621162,0.3026103509304824
-2.5536624605010094,23.639536297514667,0.17863473252836543,0.058980118993659375,0.30991188220440874
-2.5536624605010094,23.990135332325494,0.17883898883339044,0.059560487846428936,0.30946060453627783
-2.5536624605010094,24.34073436713632,0.17904471227641292,0.059472313512528976,0.3092855882597031
-2.5536624605010094,24.691333401947148,0.17925201759978304,0.04504010658311268,0.2969183468700869
-2.5536624605010094,25.04193243675798,0.17946099595651677,0.044817328648161965,0.29723028209455077
-2.5536624605010094,25.392531471568805,0.17967171129289025,0.058886027391025546,0.3124222917349765
-2.5536624605010094,25.743130506379632,0.17988420043562472,0.0591102594431002,0.3133571615158372
-2.5536624605010094,26.093729541190463,0.18009847677514987,0.06544865225286099,0.31981397724874183
-2.5536624605010094,26.444328576001293,0.1803145367548623,0.06577739300960155,0.3202961110359019
-2.5536624605010094,26.79492761081212,0.18053236783539683,0.06604563469196699,0.32076668034767347
-2.5536624605010094,27.145526645622947,0.18075195641532985,0.06633962862172765,0.3212255097879778
-2.5536624605010094,27.496125680433778,0.18097329439927104,0.06666086621118668,0.32054196450915373
-2.5536624605010094,27.846724715244605,0.18119638358294934,0.06701078917398634,0.32150116891925323
-2.5536624605010094,28.197323750055432,0.18142123758049555,0.06100124684669987,0.3155795261252518
-2.5536624605010094,28.54792278486626,0.18164788149504726,0.058350885413817694,0.31304005640735605
-2.5536624605010094,28.89852181967709,0.18187634984625664,0.06824563405165981,0.32229764231575886
-2.5536624605010094,29.249120854487916,0.1821066833986312,0.06870991033122778,0.32187297393467523
-2.5536624605010094,29.599719889298743,0.18233892550901426,0.06896160596490591,0.3211440535065891
-2.5536624605010094,29.950318924109574,0.18257311848200614,0.06905132806799738,0.3208334012748319
-2.5536624605010094,30.3009179589204,0.18280930025031414,0.06914179078975993,0.32045567156415095
-2.5536624605010094,30.651516993731228,0.18304750153867325,0.06994044934633978,0.3217266254145803
-2.5536624605010094,31.002116028542055,0.18328774356228217,0.0685789844760266,0.32052473557248606
-2.5536624605010094,31.352715063352885,0.18353003626493747,0.06927117915997322,0.32054377337502354
-2.5536624605010094,31.703314098163716,0.18377437710491049,0.06951118347250106,0.3205042420426279
-2.5536624605010094,32.05391313297454,0.1840207504203676,0.07068788054548948,0.32238686671504746
-2.5536624605010094,32.40451216778537,0.1842691274229793,0.07141237001829306,0.3238896464965426
-2.5536624605010094,32.7551112025962,0.1845194668614795,0.0697963479517302,0.32268046268345063
-2.5536624605010094,33.105710237407024,0.18477171636377132,0.06989299214293969,0.3228770049989581
-2.5536624605010094,33.45630927221785,0.18502581441460278,0.0699904464860185,0.3235022065725016
-2.5536624605010094,33.806908307028685,0.18528169286795976,0.07008872142003449,0.3240932764705874
-2.5536624605010094,34.15750734183951,0.18553927984061033,0.07018782829934313,0.32465140379125534
-2.5536624605010094,34.50810637665034,0.18579850279463264,0.0701128420791365,0.32517776872679954
-2.5536624605010094,34.858705411461166,0.18605929159864715,0.07038858849072215,0.32600823022028247
-2.5536624605010094,35.20930444627199,0.18632158136392135,0.07246075323833498,0.329084611445287
-2.4953260904015377,0.5,0.16622610085096803,0.04205774461340552,0.2789857104560543
-2.4953260904015377,0.8505990348108282,0.16635035416854704,0.041928588588772166,0.2792818374188413
-2.4953260904015377,1.2011980696216566,0.16647798242656098,0.04180089083577595,0.2804142590371024
-2.4953260904015377,1.5517971044324848,0.16660893769054705,0.042719704123161714,0.2819805565550071
-2.4953260904015377,1.9023961392433129,0.16674316557871152,0.04155068198495971,0.2811930781651141
-2.4953260904015377,2.2529951740541407,0.16688060756556602,0.04094646342748206,0.2794004554955051
-2.4953260904015377,2.6035942088649695,0.16702120293859202,0.04130878052919898,0.27986807768763355
-2.4953260904015377,2.954193243675798,0.16716488990524503,0.04269457751148464,0.28166166696820133
-2.4953260904015377,3.3047922784866257,0.1673116055206832,0.043436847818672776,0.2815672008327001
-2.4953260904015377,3.655391313297454,0.16746128442995983,0.043578312653670265,0.28241806281978593
-2.4953260904015377,4.005990348108282,0.167613856779074,0.04085668177270241,0.27969000533470434
-2.4953260904015377,4.35658938291911,0.16776924590438136,0.04075148340354765,0.28024210548410816
-2.4953260904015377,4.707188417729939,0.16792736646294013,0.05088252982660568,0.28992051465631236
-2.4953260904015377,5.057787452540768,0.1680881235131676,0.05150152787851699,0.2891985082359148
-2.4953260904015377,5.408386487351596,0.1682514127707646,0.05209715374240432,0.2884194109269505
-2.4953260904015377,5.758985522162424,0.16841712195486344,0.052516953675275105,0.28758094163336306
-2.4953260904015377,6.109584556973252,0.1685851328963911,0.052971807292931564,0.2879478946672709
-2.4953260904015377,6.46018359178408,0.16875532396254947,0.05399680355575642,0.2896846116623564
-2.4953260904015377,6.810782626594908,0.16892757237290867,0.054905059230999115,0.2917331872954791
-2.4953260904015377,7.161381661405737,0.16910175611503536,0.05386478390577786,0.2907262457109021
-2.4953260904015377,7.511980696216565,0.1692777553507568,0.05478241094904486,0.2917643300557111
-2.4953260904015377,7.8625797310273935,0.1694554533732594,0.05257171499578694,0.289189094712249
-2.4953260904015377,8.213178765838222,0.16963473728668899,0.0526501322443701,0.2895555231197496
-2.4953260904015377,8.56377780064905,0.16981549861950643,0.053804073662832956,0.290964499819317
-2.4953260904015377,8.914376835459878,0.16999763405355195,0.05285692755637977,0.2903573801353307
-2.4953260904015377,9.264975870270705,0.17018104635713538,0.05348355955131443,0.2918591031964079
-2.4953260904015377,9.615574905081534,0.17036564545955873,0.05342175005960222,0.2925352981828861
-2.4953260904015377,9.96617393989236,0.170551349426672,0.05327770397351007,0.29275014603754945
-2.4953260904015377,10.316772974703191,0.17073808496303683,0.05329915968766522,0.29319629916620543
-2.4953260904015377,10.667372009514018,0.17092578706665593,0.053107322993133206,0.2936439828829194
-2.4953260904015377,11.017971044324847,0.17111439764716516,0.052910691063675894,0.2940940800778699
-2.4953260904015377,11.368570079135674,0.17130386324325786,0.05271630025805223,0.29509753009375095
-2.4953260904015377,11.719169113946503,0.17149413230692787,0.054876546495139504,0.2986684734994881
-2.4953260904015377,12.069768148757332,0.17168515271023255,0.05736303913502335,0.30173600385034616
-2.4953260904015377,12.420367183568159,0.17187687008851063,0.056961449474244634,0.30158844770595683
-2.4953260904015377,12.77096621837899,0.1720692273787781,0.05655876446302484,0.3026965923036636
-2.4953260904015377,13.121565253189816,0.17226216554405763,0.052466771536172664,0.2983902490924817
-2.4953260904015377,13.472164288000645,0.1724556251304719,0.05275338826794238,0.2985091695999202
-2.4953260904015377,13.822763322811472,0.17264954810991828,0.05269233821386436,0.29864539771568105
-2.4953260904015377,14.1733623576223,0.17284387949399313,0.053872388573334276,0.3009933528745981
-2.4953260904015377,14.523961392433128,0.1730385684572194,0.0525695676703727,0.30031497517631495
-2.4953260904015377,14.874560427243956,0.1732335690675327,0.05250781632211107,0.3003726212881199
-2.4953260904015377,15.225159462054787,0.17342884100460393,0.05244581253150891,0.30102468369889807
-2.4953260904015377,15.575758496865614,0.17362435068901208,0.05238355924333397,0.30167503759494624
-2.4953260904015377,15.926357531676443,0.1738200730082112,0.05232106657794611,0.30254060287145923
-2.4953260904015377,16.276956566487268,0.17401599342289437,0.054768177923013674,0.3051754164739072
-2.4953260904015377,16.6275556012981,0.1742121098737449,0.05475034485070217,0.30491535982625967
-2.4953260904015377,16.978154636108926,0.17440843376948578,0.05473095919048834,0.30612515890119807
-2.4953260904015377,17.328753670919756,0.17460498950240644,0.04876393826672643,0.30071673170782587
-2.4953260904015377,17.679352705730587,0.17480181234684516,0.04602617541313001,0.29781047687675016
-2.4953260904015377,18.029951740541414,0.17499894507551933,0.04762066777956017,0.2981572481165616
-2.4953260904015377,18.38055077535224,0.17519643397348159,0.04915397272116873,0.29848282091552447
-2.4953260904015377,18.73114981016307,0.17539432501320384,0.04892719381192767,0.29698312794779913
-2.4953260904015377,19.081748844973898,0.17559266079695401,0.04896332274195232,0.2972208793845995
-2.4953260904015377,19.432347879784725,0.17579147861492303,0.04881578741027321,0.29745237834320737
-2.4953260904015377,19.782946914595552,0.17599080976741419,0.04867030318111652,0.2976779399486003
-2.4953260904015377,20.133545949406383,0.17619068023137197,0.04531728818876834,0.29427575260952216
-2.4953260904015377,20.48414498421721,0.17639111277366665,0.045615373808504125,0.29383245137732616
-2.4953260904015377,20.834744019028037,0.17659213060327472,0.04591912373712291,0.2933901232737407
-2.4953260904015377,21.185343053838867,0.17679376247854953,0.04622850425076616,0.2929505775645285
-2.4953260904015377,21.535942088649698,0.17699604877947472,0.04654347839312095,0.2929469038727794
-2.4953260904015377,21.886541123460525,0.17719904749644713,0.04686400587718018,0.29439451402819633
-2.4953260904015377,22.23714015827135,0.1774028386261883,0.04719004299233493,0.2958097957539432
-2.4953260904015377,22.587739193082182,0.1776075254346162,0.04712378364732295,0.29640313348622466
-2.4953260904015377,22.93833822789301,0.17781323164295965,0.04685738010339951,0.29572024815127934
-2.4953260904015377,23.288937262703836,0.1780200946656392,0.04659702677518022,0.2951528194742606
-2.4953260904015377,23.639536297514667,0.1782282561017167,0.04634302670650332,0.29469369790743144
-2.4953260904015377,23.990135332325494,0.17843785128333464,0.057747214962597354,0.3049493956681901
-2.4953260904015377,24.34073436713632,0.17864899969093073,0.0582706207049992,0.3051114472127448
-2.4953260904015377,24.691333401947148,0.17886179768778288,0.05880242803648925,0.3059347385133816
-2.4953260904015377,25.04193243675798,0.179076314571494,0.05871199846218245,0.30567096340440775
-2.4953260904015377,25.392531471568805,0.1792925924387009,0.05862079496323548,0.30669091223070827
-2.4953260904015377,25.743130506379632,0.17951064973877165,0.058528864575537146,0.3078868283467278
-2.4953260904015377,26.093729541190463,0.17973048769735578,0.06101885138797831,0.3100490448106493
-2.4953260904015377,26.444328576001293,0.17995209824123978,0.061286734913067464,0.31210231094298413
-2.4953260904015377,26.79492761081212,0.1801754718745555,0.06621397486612018,0.3168274042363359
-2.4953260904015377,27.145526645622947,0.1804006041909037,0.06647686100211574,0.3170718678170445
-2.4953260904015377,27.496125680433778,0.18062750021754082,0.06135844797275246,0.31169220690555954
-2.4953260904015377,27.846724715244605,0.1808561763648632,0.06307245931312891,0.3134274319210464
-2.4953260904015377,28.197323750055432,0.18108666022610456,0.06730806784378313,0.31771572014193983
-2.4953260904015377,28.54792278486626,0.18131898875431368,0.06759945963274694,0.31823386390245495
-2.4953260904015377,28.89852181967709,0.18155320543077774,0.07088930451663077,0.3225493958362303
-2.4953260904015377,29.249120854487916,0.18178935697679163,0.06805607059795044,0.31849152231607014
-2.4953260904015377,29.599719889298743,0.18202749001825047,0.06851690964624785,0.3188053725721595
-2.4953260904015377,29.950318924109574,0.1822676479581513,0.0678706276835656,0.31816477433912554
-2.4953260904015377,30.3009179589204,0.18250986819358014,0.0683173129122962,0.31752906227702027
-2.4953260904015377,30.651516993731228,0.18275417974908692,0.06840566778405008,0.3168983546827687
-2.4953260904015377,31.002116028542055,0.18300060137879343,0.0684946639342984,0.3162727680966866
-2.4953260904015377,31.352715063352885,0.18324914019246638,0.06858430424685828,0.3167664586643558
-2.4953260904015377,31.703314098163716,0.18349979086370916,0.0705466350037935,0.31935143001042704
-2.4953260904015377,32.05391313297454,0.18375253546803033,0.06876553076327035,0.31920734746117846
-2.4953260904015377,32.40451216778537,0.18400734397200952,0.06885712489109966,0.31929784785730503
-2.4953260904015377,32.7551112025962,0.18426417535654394,0.06894937922888923,0.3193840552122351
-2.4953260904015377,33.105710237407024,0.18452297931431508,0.06904229941447179,0.31991720020596665
-2.4953260904015377,33.45630927221785,0.18478369842061954,0.06913589194402275,0.3207972743228374
-2.4953260904015377,33.806908307028685,0.18504627064220586,0.0692301642783928,0.3216385586121338
-2.4953260904015377,34.15750734183951,0.18531063202423806,0.06932512494958395,0.32324317793651575
-2.4953260904015377,34.50810637665034,0.18557671938438025,0.06908632684443215,0.3232127120123688
-2.4953260904015377,34.858705411461166,0.18584447284883907,0.06879487772914274,0.3243509207968173
-2.4953260904015377,35.20930444627199,0.18611383809052803,0.055246084169492685,0.31296288789105253
-2.436989720302066,0.5,0.16560406060687527,0.04084022598560196,0.2750257212112376
-2.436989720302066,0.8505990348108282,0.16572753308291088,0.040834112582848754,0.27622107818391395
-2.436989720302066,1.2011980696216566,0.165854640922448,0.041503719535576376,0.2777708359874884
-2.436989720302066,1.5517971044324848,0.1659853484775147,0.04083960883781205,0.27735459008306074
-2.436989720302066,1.9023961392433129,0.16611961075050227,0.040851265646386345,0.27788758308089917
-2.436989720302066,2.2529951740541407,0.1662573756709916,0.040868892553595514,0.2774578803568987
-2.436989720302066,2.6035942088649695,0.16639858588421963,0.04049915059736731,0.27640886490936944
-2.436989720302066,2.954193243675798,0.16654317954420847,0.040922148053963575,0.2769014141190954
-2.436989720302066,3.3047922784866257,0.16669108987655806,0.040957821702476443,0.2776436331818643
-2.436989720302066,3.655391313297454,0.16684224368118133,0.04252402666675016,0.27891696593095144
-2.436989720302066,4.005990348108282,0.16699655932835736,0.04266761026168442,0.2797512081546434
-2.436989720302066,4.35658938291911,0.16715394499915218,0.04281066742727401,0.280583379387287
-2.436989720302066,4.707188417729939,0.16731429785308174,0.0521491661213608,0.2894502890984894
-2.436989720302066,5.057787452540768,0.16747750451045904,0.05236103929317626,0.28868364039877564
-2.436989720302066,5.408386487351596,0.1676434428360068,0.05228819820169648,0.2875150594872008
-2.436989720302066,5.758985522162424,0.16781198464220498,0.053122432057763756,0.2871852917859874
-2.436989720302066,6.109584556973252,0.16798299870085404,0.05381521772013345,0.28714700024811507
-2.436989720302066,6.46018359178408,0.16815635341381563,0.05391546597884659,0.2873630399283048
-2.436989720302066,6.810782626594908,0.16833191864873429,0.05384777160402041,0.2870019454498237
-2.436989720302066,7.161381661405737,0.16850956653864238,0.05527251370349279,0.2880324876116894
-2.436989720302066,7.511980696216565,0.16868917137922854,0.055213309745942026,0.2877647088124156
-2.436989720302066,7.8625797310273935,0.16887060902617468,0.054991000258329516,0.28849364197274635
-2.436989720302066,8.213178765838222,0.16905375631763903,0.052501879885216575,0.28687921839416897
-2.436989720302066,8.56377780064905,0.16923849099784974,0.053518893763678466,0.2883822369270913
-2.436989720302066,8.914376835459878,0.16942469242264757,0.05399323243783806,0.2894470266773305
-2.436989720302066,9.264975870270705,0.16961224304463537,0.054126875955587676,0.2903345909969248
-2.436989720302066,9.615574905081534,0.16980103038048516,0.054786802502523914,0.29171282420746647
-2.436989720302066,9.96617393989236,0.16999094894647382,0.055181486683476486,0.29266003780916205
-2.436989720302066,10.316772974703191,0.17018190160010432,0.053201681100193965,0.2914050449963537
-2.436989720302066,10.667372009514018,0.170373799890884,0.053139036838515036,0.291976988604944
-2.436989720302066,11.017971044324847,0.1705665633569841,0.05541693052363536,0.2945274789295229
-2.436989720302066,11.368570079135674,0.17076011807392244,0.055404170983542535,0.29453240856656565
-2.436989720302066,11.719169113946503,0.17095439501056095,0.0553916259570147,0.2951712866198544
-2.436989720302066,12.069768148757332,0.1711493287782979,0.05441857384352203,0.2951513137081947
-2.436989720302066,12.420367183568159,0.1713448571716813,0.0546530320005012,0.2964286512871598
-2.436989720302066,12.77096621837899,0.17154092157696596,0.05535322801334005,0.29821098374254057
-2.436989720302066,13.121565253189816,0.1717374679945356,0.058208849312336455,0.30132745507149666
-2.436989720302066,13.472164288000645,0.17193444820748371,0.05830052494521022,0.3013967055945783
-2.436989720302066,13.822763322811472,0.17213182062385712,0.0593705478501894,0.30372183952874215
-2.436989720302066,14.1733623576223,0.1723295505406955,0.059734016886240415,0.30473432403288375
-2.436989720302066,14.523961392433128,0.17252760993100125,0.05527485162359598,0.30128803602696635
-2.436989720302066,14.874560427243956,0.1727259771565632,0.0603051816165081,0.3063694433604079
-2.436989720302066,15.225159462054787,0.17292463707959765,0.054697471173790604,0.3010137715380443
-2.436989720302066,15.575758496865614,0.173123581821886,0.05454469009863365,0.3016513090706868
-2.436989720302066,15.926357531676443,0.17332281200461672,0.05518865404140368,0.3026169768540915
-2.436989720302066,16.276956566487268,0.17352233790875168,0.055163390434806885,0.3029172560545812
-2.436989720302066,16.6275556012981,0.17372217983226446,0.05513674676938195,0.3036078866983552
-2.436989720302066,16.978154636108926,0.17392236708543113,0.04960959982971109,0.2984323969891444
-2.436989720302066,17.328753670919756,0.1741229355007689,0.04986151480972784,0.2987691337438958
-2.436989720302066,17.679352705730587,0.1743239238505721,0.04970104367922471,0.29781278092956665
-2.436989720302066,18.029951740541414,0.17452536993156156,0.04954261447438884,0.2979618455863581
-2.436989720302066,18.38055077535224,0.17472730714462834,0.0482976163557747,0.29609168379598766
-2.436989720302066,18.73114981016307,0.1749297621857404,0.048435004198376194,0.2952751962551898
-2.436989720302066,19.081748844973898,0.17513275413360832,0.04904056434792358,0.2953182618841796
-2.436989720302066,19.432347879784725,0.17533629496078537,0.0489295529879475,0.2949338000862374
-2.436989720302066,19.782946914595552,0.17554039140504876,0.04884866461341645,0.294537663771134
-2.436989720302066,20.133545949406383,0.1757450481776678,0.04898705446434441,0.29412760047304315
-2.436989720302066,20.48414498421721,0.1759502725185919,0.04912569280261718,0.29370135381692036
-2.436989720302066,20.834744019028037,0.17615607998475674,0.04926457471440435,0.29329419139179413
-2.436989720302066,21.185343053838867,0.17636250099561926,0.04906508966639819,0.2929047365799466
-2.436989720302066,21.535942088649698,0.17656958712229198,0.048769626714570656,0.2925232229874438
-2.436989720302066,21.886541123460525,0.17677741563201152,0.048479789619647565,0.2921515738320288
-2.436989720302066,22.23714015827135,0.17698609072887203,0.04780549945862116,0.2912571926667038
-2.436989720302066,22.587739193082182,0.17719574049535095,0.047917629848478506,0.2915828015735448
-2.436989720302066,22.93833822789301,0.17740650962431945,0.04754632170162273,0.29111578442312425
-2.436989720302066,23.288937262703836,0.17761854916856215,0.047380181469983566,0.2910973497526611
-2.436989720302066,23.639536297514667,0.17783200521050485,0.057719168252815416,0.30145444577657515
-2.436989720302066,23.990135332325494,0.178047008392967,0.05844162163416991,0.3014036210745128
-2.436989720302066,24.34073436713632,0.17826366586890702,0.058352658209333295,0.3015581131836421
-2.436989720302066,24.691333401947148,0.17848205671944575,0.05980419928193069,0.30349842941082356
-2.436989720302066,25.04193243675798,0.17870223134442484,0.05817252177512623,0.30265888679966685
-2.436989720302066,25.392531471568805,0.17892421469146033,0.06094320145090813,0.3059136354692021
-2.436989720302066,25.743130506379632,0.17914801249723245,0.0615255711787088,0.30673430625979514
-2.436989720302066,26.093729541190463,0.17937361917748934,0.05789749603076462,0.3041514202366894
-2.436989720302066,26.444328576001293,0.17960102583270823,0.06169041204061372,0.3076107620643865
-2.436989720302066,26.79492761081212,0.1798302270724415,0.06171727756721913,0.3060812145165511
-2.436989720302066,27.145526645622947,0.18006122585595707,0.0628759031974369,0.3081114373028694
-2.436989720302066,27.496125680433778,0.1802940360884864,0.06286564376889613,0.310025767934744
-2.436989720302066,27.846724715244605,0.18052868314203693,0.05515893365554751,0.3026492026028886
-2.436989720302066,28.197323750055432,0.18076520272174074,0.05733429074968256,0.30369598538096193
-2.436989720302066,28.54792278486626,0.18100363858360424,0.057239161418968315,0.30432143313299
-2.436989720302066,28.89852181967709,0.18124403957795737,0.06187699753656298,0.3096104173806083
-2.436989720302066,29.249120854487916,0.18148645640427208,0.06190355427466775,0.3092398051338394
-2.436989720302066,29.599719889298743,0.18173093836471393,0.06079598110322632,0.3080861102412383
-2.436989720302066,29.950318924109574,0.18197753032229816,0.06841850800471708,0.31597409962566697
-2.436989720302066,30.3009179589204,0.18222627001221356,0.06876405409096775,0.3153836963945884
-2.436989720302066,30.651516993731228,0.18247718581756037,0.06911794911750395,0.3154438682659205
-2.436989720302066,31.002116028542055,0.1827302950950378,0.0694802425147483,0.3154966062249755
-2.436989720302066,31.352715063352885,0.1829856031138118,0.06985099296239108,0.31695966797557984
-2.436989720302066,31.703314098163716,0.18324310264590069,0.06787622299890946,0.3155828264926951
-2.436989720302066,32.05391313297454,0.18350277421615363,0.06796365024290607,0.3162864676010517
-2.436989720302066,32.40451216778537,0.18376458698488576,0.06805162533366543,0.31726298639145906
-2.436989720302066,32.7551112025962,0.18402850019957895,0.0681401516525415,0.3181974072123647
-2.436989720302066,33.105710237407024,0.18429446511770312,0.06822923349421792,0.3190932807234236
-2.436989720302066,33.45630927221785,0.18456242727428473,0.06831887617423543,0.32026174923412604
-2.436989720302066,33.806908307028685,0.18483232894847493,0.06840908613795289,0.32078437096698786
-2.436989720302066,34.15750734183951,0.18510411167604396,0.06839165622863279,0.3215869524184599
-2.436989720302066,34.50810637665034,0.1853777186621575,0.06720655616817418,0.3223654094976579
-2.436989720302066,34.858705411461166,0.18565309697231994,0.06767236045381426,0.3231226553980422
-2.436989720302066,35.20930444627199,0.1859301994175832,0.06753795573044653,0.32386112530983274
-2.3786533502025944,0.5,0.1649911022266212,0.042054543516440786,0.2750948886733617
-2.3786533502025944,0.8505990348108282,0.16511390711387686,0.04029091315115963,0.2735083693724098
-2.3786533502025944,1.2011980696216566,0.16524060060921697,0.041804825966806014,0.2753338362613834
-2.3786533502025944,1.5517971044324848,0.16537115621552725,0.040588407854126686,0.275331509340357
-2.3786533502025944,1.9023961392433129,0.16550553412666155,0.04073648216016513,0.27523849744506973
-2.3786533502025944,2.2529951740541407,0.16564368349742475,0.04144154793038875,0.275551052471685
-2.3786533502025944,2.6035942088649695,0.16578554439206147,0.041031271332054,0.275547382627901
-2.3786533502025944,2.954193243675798,0.16593104895564365,0.04014813086902321,0.27521054186294713
-2.3786533502025944,3.3047922784866257,0.16608012164672345,0.04371629584878253,0.2778567670124564
-2.3786533502025944,3.655391313297454,0.16623267873091946,0.04389558279324827,0.2781961363279444
-2.3786533502025944,4.005990348108282,0.16638862751521674,0.04407869504447039,0.2788982363745499
-2.3786533502025944,4.35658938291911,0.16654786588461443,0.044265903226244845,0.2795869862108493
-2.3786533502025944,4.707188417729939,0.16671028255852574,0.04503337578282683,0.28026268333806326
-2.3786533502025944,5.057787452540768,0.16687575818504594,0.05344098663587272,0.2876829955513209
-2.3786533502025944,5.408386487351596,0.16704416706593547,0.05394851114211437,0.2865817862805948
-2.3786533502025944,5.758985522162424,0.16721537907900835,0.053970451343956054,0.28586718015678303
-2.3786533502025944,6.109584556973252,0.16738926131088794,0.05389975019777526,0.2859066910303188
-2.3786533502025944,6.46018359178408,0.16756567903619177,0.051775554866815024,0.2836903686070569
-2.3786533502025944,6.810782626594908,0.16774449592372653,0.05560504831841394,0.28609562048358694
-2.3786533502025944,7.161381661405737,0.16792557362666513,0.05569666543343247,0.28665197443237134
-2.3786533502025944,7.511980696216565,0.16810877113172534,0.05546726267441103,0.2861947220015197
-2.3786533502025944,7.8625797310273935,0.16829394434118786,0.05524046470256408,0.28691682839615795
-2.3786533502025944,8.213178765838222,0.16848094632248184,0.05501624979209153,0.28763385428981164
-2.3786533502025944,8.56377780064905,0.16866962849880784,0.05342367567901645,0.28627055725490447
-2.3786533502025944,8.914376835459878,0.1688598428062119,0.05335778131945795,0.2864966007332222
-2.3786533502025944,9.264975870270705,0.16905144455918775,0.05329225223698805,0.2870903568626104
-2.3786533502025944,9.615574905081534,0.16924429552411913,0.05414473437369534,0.2886077925500264
-2.3786533502025944,9.96617393989236,0.16943826659187064,0.05313648567590331,0.288156816923554
-2.3786533502025944,10.316772974703191,0.16963323953773443,0.05309726856864801,0.2886196236491076
-2.3786533502025944,10.667372009514018,0.16982910764703177,0.055750266028190866,0.2912710598080878
-2.3786533502025944,11.017971044324847,0.170025775356945,0.05594715205329873,0.2922757876716665
-2.3786533502025944,11.368570079135674,0.17022315736108587,0.058597385712149994,0.2953292458599718
-2.3786533502025944,11.719169113946503,0.1704211777226328,0.058637257432745046,0.2950759016327272
-2.3786533502025944,12.069768148757332,0.17061976941907966,0.05868816119761442,0.29520546675596254
-2.3786533502025944,12.420367183568159,0.17081887446333913,0.0587505455380431,0.29601514852895006
-2.3786533502025944,12.77096621837899,0.17101844442980496,0.05882488239281438,0.2968817358159631
-2.3786533502025944,13.121565253189816,0.17121844098571956,0.05885997796939377,0.29800068889686976
-2.3786533502025944,13.472164288000645,0.17141883598744714,0.05841341095925426,0.29853795592717464
-2.3786533502025944,13.822763322811472,0.17161961088251473,0.05904919975391846,0.2998300398497051
-2.3786533502025944,14.1733623576223,0.17182075549201908,0.05925183809145452,0.30009874609668125
-2.3786533502025944,14.523961392433128,0.17202226656615888,0.059393593439409295,0.30084652939755585
-2.3786533502025944,14.874560427243956,0.17222414662355728,0.059550401385734246,0.3015744633648959
-2.3786533502025944,15.225159462054787,0.17242640341816934,0.05972276156495001,0.30283354083638264
-2.3786533502025944,15.575758496865614,0.17262905000303325,0.05974356386168758,0.30297684112756446
-2.3786533502025944,15.926357531676443,0.17283210497381257,0.05968718542264424,0.3036543955698399
-2.3786533502025944,16.276956566487268,0.1730355922801507,0.059628719001901,0.30431828034530944
-2.3786533502025944,16.6275556012981,0.1732395400951428,0.059568230714592434,0.3051092373216445
-2.3786533502025944,16.978154636108926,0.17344397859383276,0.059505786990973454,0.30595320929834197
-2.3786533502025944,17.328753670919756,0.1736489369467745,0.05046650398589172,0.29706614257894803
-2.3786533502025944,17.679352705730587,0.17385444017399665,0.050871170495704526,0.29735191262839156
-2.3786533502025944,18.029951740541414,0.1740605065819475,0.05128466284482274,0.29761561088714716
-2.3786533502025944,18.38055077535224,0.17426714632302584,0.05159534654581919,0.2978573198014708
-2.3786533502025944,18.73114981016307,0.1744743613162832,0.04831832151449741,0.29360084419652455
-2.3786533502025944,19.081748844973898,0.17468214652913866,0.04767197751100148,0.29203213251943494
-2.3786533502025944,19.432347879784725,0.17489049254235306,0.04781584056318561,0.29106932801779395
-2.3786533502025944,19.782946914595552,0.1750993893697378,0.04796012665611084,0.29011067178961913
-2.3786533502025944,20.133545949406383,0.17530883154731486,0.04810483902028778,0.2893551688522585
-2.3786533502025944,20.48414498421721,0.17551882439250993,0.048249978608260045,0.2893306228571762
-2.3786533502025944,20.834744019028037,0.17572939097626764,0.04839554405040149,0.2892893689043057
-2.3786533502025944,21.185343053838867,0.17594057880174235,0.04832699751063967,0.289231566227054
-2.3786533502025944,21.535942088649698,0.17615246467204232,0.04818730471933951,0.2891574875601262
-2.3786533502025944,21.886541123460525,0.17636515610572956,0.04804986066979613,0.2890674959702365
-2.3786533502025944,22.23714015827135,0.17657878818836556,0.047914673664114234,0.28896202270116095
-2.3786533502025944,22.587739193082182,0.1767935158598128,0.04778174987488652,0.28884154678907314
-2.3786533502025944,22.93833822789301,0.1770095028652443,0.047651093184227264,0.2887065769296358
-2.3786533502025944,23.288937262703836,0.17722690937884697,0.04752270506663673,0.28877153279362694
-2.3786533502025944,23.639536297514667,0.17744588040211318,0.057052783304285426,0.29790716335021405
-2.3786533502025944,23.990135332325494,0.17766653663978688,0.057813663554599735,0.29806336200503386
-2.3786533502025944,24.34073436713632,0.17788896899728698,0.06026892417959228,0.30028257649704904
-2.3786533502025944,24.691333401947148,0.1781132372599885,0.060743514461982666,0.2999612421775941
-2.3786533502025944,25.04193243675798,0.17833937286318868,0.06116316324159697,0.30112888273873684
-2.3786533502025944,25.392531471568805,0.1785673849627687,0.06108320821900856,0.2998501484024325
-2.3786533502025944,25.743130506379632,0.17879726846022723,0.06196120319364175,0.3006708440323236
-2.3786533502025944,26.093729541190463,0.17902901243331393,0.06243489001101595,0.30011927946108446
-2.3786533502025944,26.444328576001293,0.17926260762319157,0.06210890833631938,0.3002215134140249
-2.3786533502025944,26.79492761081212,0.1794980520930205,0.0621388182384676,0.30038125033564395
-2.3786533502025944,27.145526645622947,0.17973535469392748,0.062168649076476165,0.3005609151958758
-2.3786533502025944,27.496125680433778,0.1799745363968812,0.062198420147227776,0.3010600226002838
-2.3786533502025944,27.846724715244605,0.18021562981283287,0.06222815148606989,0.3022611879967473
-2.3786533502025944,28.197323750055432,0.1804586773416778,0.06225786389889304,0.3037035705338496
-2.3786533502025944,28.54792278486626,0.1807037284070283,0.06228757899554352,0.30510395138600094
-2.3786533502025944,28.89852181967709,0.18095083619192173,0.062317319224605344,0.306459170485802
-2.3786533502025944,29.249120854487916,0.18120005422164215,0.06632880379653998,0.3116670278197546
-2.3786533502025944,29.599719889298743,0.1814514330638949,0.06661949336495399,0.3106681288581997
-2.3786533502025944,29.950318924109574,0.18170501734666392,0.0667006356941333,0.31023318572576186
-2.3786533502025944,30.3009179589204,0.18196084323748926,0.06764078941998883,0.31170501236044085
-2.3786533502025944,30.651516993731228,0.18221893648558657,0.06880357557709933,0.31256146769199183
-2.3786533502025944,31.002116028542055,0.18247931109553375,0.06694682261400735,0.3119638495437563
-2.3786533502025944,31.352715063352885,0.18274196867131973,0.06702980429065329,0.312414053034163
-2.3786533502025944,31.703314098163716,0.183006898437512,0.06935464465596819,0.3155527091108512
-2.3786533502025944,32.05391313297454,0.18327407790944497,0.06719715217269785,0.3145893108296274
-2.3786533502025944,32.40451216778537,0.1835434741492818,0.07026906843017584,0.31841395991620847
-2.3786533502025944,32.7551112025962,0.18381504551319108,0.07070687501981641,0.3200660526459163
-2.3786533502025944,33.105710237407024,0.18408874376958811,0.06745167673531627,0.3175316329429219
-2.3786533502025944,33.45630927221785,0.1843645164514861,0.06753747058214986,0.3185688612161395
-2.3786533502025944,33.806908307028685,0.1846423092994045,0.07201903923220596,0.3245260334281579
-2.3786533502025944,34.15750734183951,0.18492206865689756,0.07245594489280384,0.32472474103180815
-2.3786533502025944,34.50810637665034,0.18520374369952264,0.07260037499079657,0.3249160595300835
-2.3786533502025944,34.858705411461166,0.18548728840864753,0.06032279621546142,0.3148280175323124
-2.3786533502025944,35.20930444627199,0.18577266323970623,0.07233989104946519,0.3274515819245807
-2.3203169801031223,0.5,0.16438880952912568,0.04206426275426406,0.2732994111687662
-2.3203169801031223,0.8505990348108282,0.16451111570773197,0.03924240026503394,0.27071006012634496
-2.3203169801031223,1.2011980696216566,0.16463753133442718,0.04181771320447735,0.27345844680101544
-2.3203169801031223,1.5517971044324848,0.164768031783191,0.04169635123873495,0.27382093860983137
-2.3203169801031223,1.9023961392433129,0.1649025761315471,0.04278015190677661,0.27539288344840473
-2.3203169801031223,2.2529951740541407,0.16504111032924626,0.04749711416225084,0.2794374013488047
-2.3203169801031223,2.6035942088649695,0.16518357032196304,0.04805290667011334,0.27934694937111537
-2.3203169801031223,2.954193243675798,0.1653298845222951,0.04714530904419681,0.279227032520703
-2.3203169801031223,3.3047922784866257,0.16547997525205294,0.047521721585152076,0.2790802227715754
-2.3203169801031223,3.655391313297454,0.16563375910883146,0.047818272440127006,0.27890914933771244
-2.3203169801031223,4.005990348108282,0.16579114650800547,0.04773451943480133,0.27871642123591
-2.3203169801031223,4.35658938291911,0.16595204081012344,0.047656658751768444,0.27903490688674465
-2.3203169801031223,4.707188417729939,0.16611633743042417,0.0475847858868002,0.2798451202972393
-2.3203169801031223,5.057787452540768,0.16628392319313468,0.05409441864297965,0.28704620612823833
-2.3203169801031223,5.408386487351596,0.16645467602857145,0.054880525019336934,0.2863075407707475
-2.3203169801031223,5.758985522162424,0.1666284649860335,0.055329687453624765,0.28557265923700204
-2.3203169801031223,6.109584556973252,0.16680515047451713,0.05578052809024484,0.2858219830540576
-2.3203169801031223,6.46018359178408,0.16698458464069968,0.055142055241641584,0.28536962519335646
-2.3203169801031223,6.810782626594908,0.16716661183847528,0.055907645455262896,0.2854085435051361
-2.3203169801031223,7.161381661405737,0.16735106922599363,0.05359758558902187,0.2829789759794738
-2.3203169801031223,7.511980696216565,0.16753778762321833,0.055346401936047965,0.2854963185488098
-2.3203169801031223,7.8625797310273935,0.167726592835873,0.05679868837426764,0.28682129744174545
-2.3203169801031223,8.213178765838222,0.1679173076513507,0.05786864024829154,0.2884752580675928
-2.3203169801031223,8.56377780064905,0.16810975460285912,0.05143622544870474,0.2819803403987731
-2.3203169801031223,8.914376835459878,0.1683037593842102,0.05858110349344378,0.2890607675925794
-2.3203169801031223,9.264975870270705,0.16849915454374556,0.058983103049347015,0.28973760879613564
-2.3203169801031223,9.615574905081534,0.16869578290734855,0.05928449863905464,0.2904495085567143
-2.3203169801031223,9.96617393989236,0.1688935001894927,0.059273069505828876,0.29115470767277907
-2.3203169801031223,10.316772974703191,0.16909217647952499,0.05654052660533463,0.28845865305575863
-2.3203169801031223,10.667372009514018,0.1692916966499385,0.05650740413632082,0.2885879080947918
-2.3203169801031223,11.017971044324847,0.16949196005820205,0.05647467819425138,0.2891725205854149
-2.3203169801031223,11.368570079135674,0.16969288005533384,0.056306485106921045,0.28940806708581573
-2.3203169801031223,11.719169113946503,0.16989438372084684,0.05640961546769712,0.2903297819281764
-2.3203169801031223,12.069768148757332,0.17009641197293535,0.056376878088683254,0.2909038305833231
-2.3203169801031223,12.420367183568159,0.1702989198801824,0.05634374415530947,0.2916241598632863
-2.3203169801031223,12.77096621837899,0.17050187676295833,0.056310031980922735,0.2924060235718846
-2.3203169801031223,13.121565253189816,0.1707052656238349,0.0562755759210169,0.29316087297516563
-2.3203169801031223,13.472164288000645,0.17090908162612084,0.055052587899074815,0.29254414883296925
-2.3203169801031223,13.822763322811472,0.17111332969083443,0.05574274080861818,0.29376014376763193
-2.3203169801031223,14.1733623576223,0.17131802165037305,0.05601792866368796,0.29455344668591055
-2.3203169801031223,14.523961392433128,0.17152317359296326,0.05599666569958306,0.2954803788751144
-2.3203169801031223,14.874560427243956,0.17172880393994824,0.056323108225681935,0.29666443686036287
-2.3203169801031223,15.225159462054787,0.17193493245159447,0.06007511651639645,0.30098707426829885
-2.3203169801031223,15.575758496865614,0.17214157992484794,0.05699265599801439,0.29815143479417944
-2.3203169801031223,15.926357531676443,0.17234876803971583,0.05733541741469969,0.29895149368805035
-2.3203169801031223,16.276956566487268,0.1725565187765356,0.05768326402384389,0.2996887598083613
-2.3203169801031223,16.6275556012981,0.17276485307838743,0.055486948282044465,0.29793195802593647
-2.3203169801031223,16.978154636108926,0.17297378884630993,0.05566015925404229,0.2985927498473431
-2.3203169801031223,17.328753670919756,0.17318333872542546,0.055784659290027475,0.29982357293244427
-2.3203169801031223,17.679352705730587,0.1733935082936995,0.057210905255625694,0.3017864285036632
-2.3203169801031223,18.029951740541414,0.1736042951617232,0.04628271337498004,0.2914288483841401
-2.3203169801031223,18.38055077535224,0.17381568924436813,0.0475084042025533,0.2918949705734923
-2.3203169801031223,18.73114981016307,0.17402767425056567,0.04799582551150727,0.29197370592231436
-2.3203169801031223,19.081748844973898,0.17424023036926822,0.04909260027933698,0.2922384680882231
-2.3203169801031223,19.432347879784725,0.1744533381867947,0.04687199708662721,0.2889223112912216
-2.3203169801031223,19.782946914595552,0.17466698392102117,0.047020766933852695,0.2887591332398812
-2.3203169801031223,20.133545949406383,0.1748811659403329,0.047170137999018445,0.2887665936858095
-2.3203169801031223,20.48414498421721,0.17509590215273008,0.047320116961297204,0.2887579339614276
-2.3203169801031223,20.834744019028037,0.1753112372486883,0.047470708001999984,0.2887330758281519
-2.3203169801031223,21.185343053838867,0.17552724819335377,0.047621912738361354,0.2886920890143849
-2.3203169801031223,21.535942088649698,0.17574404616029843,0.04777373016739528,0.2886351690748794
-2.3203169801031223,21.886541123460525,0.17596177358906348,0.06140297119317082,0.2998804735153489
-2.3203169801031223,22.23714015827135,0.1761805962033963,0.061552735836965834,0.29949491095050496
-2.3203169801031223,22.587739193082182,0.17640069118271368,0.06199486064849111,0.29923479903266736
-2.3203169801031223,22.93833822789301,0.17662223361254967,0.062174162643419455,0.2987444456362347
-2.3203169801031223,23.288937262703836,0.1768453835299127,0.06224125523412579,0.2986601988308898
-2.3203169801031223,23.639536297514667,0.17707027548934165,0.06203331848298292,0.2980191179499359
-2.3203169801031223,23.990135332325494,0.17729701196732792,0.06073930588088729,0.2960771247071941
-2.3203169801031223,24.34073436713632,0.17752566128199065,0.061338432976307866,0.29577368791630737
-2.3203169801031223,24.691333401947148,0.1777562600053681,0.0619457126688736,0.29696325366527715
-2.3203169801031223,25.04193243675798,0.1779888190956382,0.06241155474160875,0.29824967770737065
-2.3203169801031223,25.392531471568805,0.17822333235643795,0.060271821030621446,0.29641793463015187
-2.3203169801031223,25.743130506379632,0.17845978556446138,0.06112036192613941,0.29782805025983317
-2.3203169801031223,26.093729541190463,0.17869816476745026,0.061994535945003655,0.2995431025669466
-2.3203169801031223,26.444328576001293,0.17893846272077937,0.06243247216271161,0.29972815435222994
-2.3203169801031223,26.79492761081212,0.17918068299273923,0.06243255131420024,0.29993381907171895
-2.3203169801031223,27.145526645622947,0.17942484175281326,0.06242234849409138,0.3005906704698853
-2.3203169801031223,27.496125680433778,0.17967096757903642,0.062402150974330786,0.3020187100191551
-2.3203169801031223,27.846724715244605,0.17991909977293916,0.06237225914099301,0.30340469456926344
-2.3203169801031223,28.197323750055432,0.1801692856907554,0.06233298438379954,0.30474578523794554
-2.3203169801031223,28.54792278486626,0.1804215775394631,0.06567691041321747,0.3088314072437946
-2.3203169801031223,28.89852181967709,0.1806760289938127,0.06575386585533556,0.3078969794045864
-2.3203169801031223,29.249120854487916,0.18093269189982136,0.06703120782070718,0.30894973645023566
-2.3203169801031223,29.599719889298743,0.18119161325830624,0.0659089792676879,0.3077559580597048
-2.3203169801031223,29.950318924109574,0.1814528326313635,0.06598713522876841,0.307702915935482
-2.3203169801031223,30.3009179589204,0.18171638007878432,0.06943617251725202,0.3117946208448178
-2.3203169801031223,30.651516993731228,0.18198227470116823,0.0685669984806542,0.31178716393542766
-2.3203169801031223,31.002116028542055,0.18225052383529586,0.06622399825684787,0.3101966236693644
-2.3203169801031223,31.352715063352885,0.18252112291317923,0.06630375413431679,0.311355210091716
-2.3203169801031223,31.703314098163716,0.1827940559611043,0.06984237430534844,0.3156496928742355
-2.3203169801031223,32.05391313297454,0.18306929668223645,0.06646448231270255,0.3135782334595974
-2.3203169801031223,32.40451216778537,0.18334681003821812,0.06654546271334473,0.314568510441708
-2.3203169801031223,32.7551112025962,0.18362655422220514,0.06662686129197182,0.3155576725754642
-2.3203169801031223,33.105710237407024,0.18390848289813455,0.06099697133979759,0.3094667848712046
-2.3203169801031223,33.45630927221785,0.18419254756995004,0.060864045191337486,0.3085355963329003
-2.3203169801031223,33.806908307028685,0.184478699942567,0.06073015726123271,0.3091494025175511
-2.3203169801031223,34.15750734183951,0.1847668941458685,0.06059666234420927,0.31141576633960955
-2.3203169801031223,34.50810637665034,0.1850570887143358,0.07129135777478603,0.32379002677738417
-2.3203169801031223,34.858705411461166,0.18534924824559126,0.07113783222936348,0.3239678399697919
-2.3203169801031223,35.20930444627199,0.18564334469647584,0.07100263825776926,0.32413918184361046
-2.2619806100036506,0.5,0.1637986206468899,0.04467216541779627,0.275460118007419
-2.2619806100036506,0.8505990348108282,0.16392057036304342,0.04195981273436113,0.27167353220206225
-2.2619806100036506,1.2011980696216566,0.1640467915231674,0.04537730614814065,0.2745751579202207
-2.2619806100036506,1.5517971044324848,0.1641772577146103,0.04573525922013492,0.2743074314085895
-2.2619806100036506,1.9023961392433129,0.16431192795095398,0.04609649407800303,0.2743060764317759
-2.2619806100036506,2.2529951740541407,0.16445075122981093,0.046460774009405445,0.2742729892400234
-2.2619806100036506,2.6035942088649695,0.1645936705290315,0.04818279389934715,0.27667826994856054
-2.2619806100036506,2.954193243675798,0.16474062539843914,0.04875440944156167,0.27723715596299564
-2.2619806100036506,3.3047922784866257,0.1648915526602002,0.04756944113047443,0.27593360986428667
-2.2619806100036506,3.655391313297454,0.16504638521992576,0.047943434263531606,0.27681248255045954
-2.2619806100036506,4.005990348108282,0.1652050494577328,0.04831921572151541,0.27768336679668887
-2.2619806100036506,4.35658938291911,0.16536746196501456,0.04842014772982791,0.2785460214197729
-2.2619806100036506,4.707188417729939,0.16553352644148622,0.05796616735959489,0.2883416265705625
-2.2619806100036506,5.057787452540768,0.16570313139351364,0.05777710207521028,0.28790174556476905
-2.2619806100036506,5.408386487351596,0.165876148979269,0.05580931084751278,0.28479963044714773
-2.2619806100036506,5.758985522162424,0.16605243504378878,0.0554301069627061,0.28357179400863575
-2.2619806100036506,6.109584556973252,0.16623183016041526,0.056704650141875305,0.2849465365014002
-2.2619806100036506,6.46018359178408,0.1664141613841709,0.055397861574495715,0.28353886042504706
-2.2619806100036506,6.810782626594908,0.16659924443249108,0.05477452539960871,0.28280418213255254
-2.2619806100036506,7.161381661405737,0.16678688611520592,0.05503163138544315,0.2825768109801962
-2.2619806100036506,7.511980696216565,0.16697688698503738,0.055315046283402336,0.2827557297924165
-2.2619806100036506,7.8625797310273935,0.16716904429693474,0.055625617567939115,0.28281119676218164
-2.2619806100036506,8.213178765838222,0.16736315537792296,0.05736968018848456,0.2852147058425212
-2.2619806100036506,8.56377780064905,0.1675590213883437,0.05718116572087066,0.28510593669683654
-2.2619806100036506,8.914376835459878,0.1677564512415367,0.057271397016557125,0.28527451642982826
-2.2619806100036506,9.264975870270705,0.1679552652535732,0.0571575686262926,0.28521846939267487
-2.2619806100036506,9.615574905081534,0.16815529804813867,0.05717783257192951,0.28528085763063427
-2.2619806100036506,9.96617393989236,0.16835640040929448,0.057132406378421326,0.2856459612875504
-2.2619806100036506,10.316772974703191,0.16855844009850895,0.058519905246798905,0.2876739806082321
-2.2619806100036506,10.667372009514018,0.16876130197326014,0.05880846618242021,0.2882495311273775
-2.2619806100036506,11.017971044324847,0.16896488789652478,0.05910359048633112,0.2888136890498623
-2.2619806100036506,11.368570079135674,0.16916911683184863,0.05940509848555099,0.2893655763754916
-2.2619806100036506,11.719169113946503,0.1693739252240855,0.05947042061293569,0.2899042967913729
-2.2619806100036506,12.069768148757332,0.16957926740921683,0.05943395767698062,0.29084613547031446
-2.2619806100036506,12.420367183568159,0.16978511554048198,0.05939494972585117,0.2922866501085424
-2.2619806100036506,12.77096621837899,0.16999145848771596,0.05499005048072188,0.2885410742469298
-2.2619806100036506,13.121565253189816,0.17019829940527098,0.057847215207031975,0.2919093379914295
-2.2619806100036506,13.472164288000645,0.17040565210248132,0.058175399848082454,0.2923686582700376
-2.2619806100036506,13.822763322811472,0.17061353681305733,0.05849939062111153,0.2928094946209318
-2.2619806100036506,14.1733623576223,0.17082197622685552,0.05881916980384835,0.2932523895772036
-2.2619806100036506,14.523961392433128,0.17103099257002496,0.05911088282796547,0.2938689940686798
-2.2619806100036506,14.874560427243956,0.1712406061121573,0.05905580147809947,0.2947788045780557
-2.2619806100036506,15.225159462054787,0.1714508349238313,0.05693601575357321,0.2951074657767996
-2.2619806100036506,15.575758496865614,0.17166169526084446,0.04936566801778289,0.28767327283346916
-2.2619806100036506,15.926357531676443,0.1718732018115703,0.04978495428271328,0.2879996999953249
-2.2619806100036506,16.276956566487268,0.1720853672585904,0.058125251648914716,0.29733999112389475
-2.2619806100036506,16.6275556012981,0.17229820105222113,0.058054982777542896,0.2977175957849649
-2.2619806100036506,16.978154636108926,0.17251170774301824,0.058327052320104524,0.29874988657818446
-2.2619806100036506,17.328753670919756,0.1727258854615269,0.05859432072316363,0.29976549889400045
-2.2619806100036506,17.679352705730587,0.17294072509361916,0.050179777262758976,0.29173262801127253
-2.2619806100036506,18.029951740541414,0.17315621047902466,0.05001169485843062,0.2907066417936879
-2.2619806100036506,18.38055077535224,0.17337231974730305,0.049845853594991135,0.2901255753940453
-2.2619806100036506,18.73114981016307,0.17358902783430138,0.04968226813764525,0.2904085948278585
-2.2619806100036506,19.081748844973898,0.17380631028437482,0.04810353463869015,0.28921503064295806
-2.2619806100036506,19.432347879784725,0.1740241485016986,0.04864205521639244,0.28945878883043175
-2.2619806100036506,19.782946914595552,0.17424253649077406,0.05100740694336163,0.2912310996097564
-2.2619806100036506,20.133545949406383,0.17446148871082207,0.049665309857813165,0.289926955864028
-2.2619806100036506,20.48414498421721,0.17468104800319179,0.05019818453262411,0.29015047505129216
-2.2619806100036506,20.834744019028037,0.1749012918760877,0.055247879346839855,0.2948648466743255
-2.2619806100036506,21.185343053838867,0.17512233514072423,0.060552316644139674,0.29797526267020413
-2.2619806100036506,21.535942088649698,0.175344327338185,0.06110809132078846,0.2975528661973243
-2.2619806100036506,21.886541123460525,0.1755674445943629,0.05761803350992089,0.2933570036299949
-2.2619806100036506,22.23714015827135,0.1757918770374723,0.05882659331522351,0.29320473141006603
-2.2619806100036506,22.587739193082182,0.1760178140291431,0.059411968908739704,0.2932689587011062
-2.2619806100036506,22.93833822789301,0.1762454297826568,0.060005540554154614,0.2935116198044795
-2.2619806100036506,23.288937262703836,0.1764748715769474,0.06060722070026584,0.2937522196619732
-2.2619806100036506,23.639536297514667,0.17670625210317192,0.06121693793242777,0.2939909106176151
-2.2619806100036506,23.990135332325494,0.17693964674464133,0.061965206386989276,0.2942278300549623
-2.2619806100036506,24.34073436713632,0.1771750958033679,0.06246029705994718,0.2944630997975635
-2.2619806100036506,24.691333401947148,0.17741261086079507,0.06209050618492463,0.2946968257482899
-2.2619806100036506,25.04193243675798,0.17765218377377576,0.062137012364163136,0.2949290977664212
-2.2619806100036506,25.392531471568805,0.17789379649365492,0.062173059738315266,0.2970359625037137
-2.2619806100036506,25.743130506379632,0.1781374300471072,0.062198903942845045,0.2990694523732755
-2.2619806100036506,26.093729541190463,0.17838307151912303,0.061156746802783,0.2990623748719192
-2.2619806100036506,26.444328576001293,0.17863071851090423,0.06203029373023298,0.2992959060791026
-2.2619806100036506,26.79492761081212,0.1788803811075048,0.062218054091870034,0.30023871783032463
-2.2619806100036506,27.145526645622947,0.17913208176677198,0.062205999500346346,0.3016110278908899
-2.2619806100036506,27.496125680433778,0.17938585370759233,0.056180468917403276,0.296817163221053
-2.2619806100036506,27.846724715244605,0.17964173837107547,0.06314850209313516,0.30422246476202724
-2.2619806100036506,28.197323750055432,0.17989978242370497,0.06211913245572759,0.3038475102842004
-2.2619806100036506,28.54792278486626,0.18016003463759478,0.06207442083390094,0.3037652511630296
-2.2619806100036506,28.89852181967709,0.1804225428694279,0.06639927155847952,0.30779572649208925
-2.2619806100036506,29.249120854487916,0.18068735128660585,0.0651548757664197,0.30613656204622824
-2.2619806100036506,29.599719889298743,0.18095449795217697,0.06522991940773071,0.30520682099662155
-2.2619806100036506,29.950318924109574,0.18122401286232814,0.06530532180838937,0.30689211780578557
-2.2619806100036506,30.3009179589204,0.18149591651455885,0.06799204016357965,0.30932713158692293
-2.2619806100036506,30.651516993731228,0.18177021906152913,0.0711414024980116,0.31293631193005844
-2.2619806100036506,31.002116028542055,0.18204692007419415,0.07119806728801618,0.3143171012773236
-2.2619806100036506,31.352715063352885,0.18232600890294184,0.06561057310803965,0.3104142436971176
-2.2619806100036506,31.703314098163716,0.18260746559245142,0.06568781738661575,0.31153101636292413
-2.2619806100036506,32.05391313297454,0.18289126227768926,0.06128637910939494,0.3071263045618442
-2.2619806100036506,32.40451216778537,0.18317736496481676,0.06118266440759604,0.3064290949849454
-2.2619806100036506,32.7551112025962,0.18346573558097726,0.06107671699056024,0.30760531243316136
-2.2619806100036506,33.105710237407024,0.18375633416156653,0.06096944297177424,0.3088735144231493
-2.2619806100036506,33.45630927221785,0.1840491210352026,0.06086192505116963,0.31017563517885793
-2.2619806100036506,33.806908307028685,0.18434405886835464,0.07194011078145732,0.3223827303107228
-2.2619806100036506,34.15750734183951,0.18464111444551623,0.07019023682469439,0.3224646311284658
-2.2619806100036506,34.50810637665034,0.18494026008700393,0.07000954126157252,0.322645276695297
-2.2619806100036506,34.858705411461166,0.18524147464314836,0.06984471190581099,0.3230113367319459
-2.2619806100036506,35.20930444627199,0.18554474404732596,0.06967609800916312,0.32375582237788847
-2.2036442399041793,0.5,0.16322173014124086,0.041714681374834084,0.2699619636798421
-2.2036442399041793,0.8505990348108282,0.1633433934634328,0.045169397501814604,0.27282850806181697
-2.2036442399041793,1.2011980696216566,0.16346943065142708,0.045552677587112525,0.271871357903582
-2.2036442399041793,1.5517971044324848,0.16359982150292893,0.04590643269402158,0.2712854608833865
-2.2036442399041793,1.9023961392433129,0.16373453742962754,0.04626309621501293,0.2719700835367918
-2.2036442399041793,2.2529951740541407,0.16387354544157018,0.04662241536027105,0.2726542266328928
-2.2036442399041793,2.6035942088649695,0.16401681042473631,0.04960514948396878,0.27537071315003475
-2.2036442399041793,2.954193243675798,0.1641642951851063,0.049513109426582026,0.27468647771526183
-2.2036442399041793,3.3047922784866257,0.1643159582674429,0.049426635053138976,0.2752125955795678
-2.2036442399041793,3.655391313297454,0.16447175010046108,0.0493457556612998,0.2761426819997612
-2.2036442399041793,4.005990348108282,0.16463160839449426,0.04844971435427152,0.27606196390097015
-2.2036442399041793,4.35658938291911,0.16479545380335703,0.05810286148742531,0.28546894350450486
-2.2036442399041793,4.707188417729939,0.16496318666397758,0.05936847288916362,0.28674402330747406
-2.2036442399041793,5.057787452540768,0.1651346852665932,0.0586129927410729,0.2852506087410226
-2.2036442399041793,5.408386487351596,0.1653098057404154,0.057876081581584034,0.28436946622371323
-2.2036442399041793,5.758985522162424,0.1654883833699025,0.05717385141131528,0.28316069319986265
-2.2036442399041793,6.109584556973252,0.16567023501426398,0.0583870503026118,0.2844021208005904
-2.2036442399041793,6.46018359178408,0.16585516227059627,0.0571087514358985,0.28321555009535804
-2.2036442399041793,6.810782626594908,0.16604295507231517,0.05824656813438554,0.2844503259765493
-2.2036442399041793,7.161381661405737,0.1662333955204275,0.051782502018913934,0.2774986581191739
-2.2036442399041793,7.511980696216565,0.16642626186233403,0.05304160000245269,0.2783310749592378
-2.2036442399041793,7.8625797310273935,0.16662133260164794,0.053239615496213456,0.27915099012636474
-2.2036442399041793,8.213178765838222,0.16681839069286108,0.05588540537395478,0.28208714135647556
-2.2036442399041793,8.56377780064905,0.16701722764740565,0.0586122931929769,0.28463729734336
-2.2036442399041793,8.914376835459878,0.16721764722730634,0.05938120022250991,0.28519897698082375
-2.2036442399041793,9.264975870270705,0.1674194683487999,0.059362942776776305,0.28580400761386165
-2.2036442399041793,9.615574905081534,0.16762252694679908,0.05934186264544249,0.2868673274659152
-2.2036442399041793,9.96617393989236,0.16782667683814215,0.05465850042903236,0.2825043988255775
-2.2036442399041793,10.316772974703191,0.16803178992886902,0.057100275719404424,0.28492474286927716
-2.2036442399041793,10.667372009514018,0.1682377562648398,0.05757780301241424,0.28530165783734573
-2.2036442399041793,11.017971044324847,0.16844448432442533,0.057521478899654754,0.28602580670178807
-2.2036442399041793,11.368570079135674,0.16865190162854762,0.057465139414451756,0.28674160462466836
-2.2036442399041793,11.719169113946503,0.16885995534540307,0.057408617095627584,0.2877989776292548
-2.2036442399041793,12.069768148757332,0.16906861228640485,0.05911921662651397,0.2902146793860827
-2.2036442399041793,12.420367183568159,0.16927785767518527,0.059077318104886235,0.2906990323747587
-2.2036442399041793,12.77096621837899,0.1694876923643956,0.0572365290363238,0.28953149001427286
-2.2036442399041793,13.121565253189816,0.16969812868231737,0.05533183784823083,0.2882713014972792
-2.2036442399041793,13.472164288000645,0.16990918560813892,0.0556109378086382,0.28898391572969195
-2.2036442399041793,13.822763322811472,0.17012088426522823,0.05063428129656439,0.2842959244302592
-2.2036442399041793,14.1733623576223,0.17033324463333038,0.051042613530707555,0.2850398003398587
-2.2036442399041793,14.523961392433128,0.17054628393183993,0.05877883094529164,0.2932039237484474
-2.2036442399041793,14.874560427243956,0.1707600165079538,0.05872184529913331,0.29356091477060564
-2.2036442399041793,15.225159462054787,0.17097445454687665,0.0513938821055797,0.28634818085022495
-2.2036442399041793,15.575758496865614,0.17118960872651037,0.051447678300549554,0.286736216607437
-2.2036442399041793,15.926357531676443,0.17140548813408937,0.060026467725716084,0.29570607204924204
-2.2036442399041793,16.276956566487268,0.17162209923502086,0.059904699055554025,0.29674682739319547
-2.2036442399041793,16.6275556012981,0.1718394441987911,0.058137194933388266,0.29494150689924437
-2.2036442399041793,16.978154636108926,0.17205751920534343,0.058342716479283595,0.29515544812129535
-2.2036442399041793,17.328753670919756,0.1722763133699399,0.06023847723386431,0.298235878196646
-2.2036442399041793,17.679352705730587,0.17249580871260306,0.05124321448787311,0.2895706099619679
-2.2036442399041793,18.029951740541414,0.17271598135256597,0.05019782377051149,0.288383013124514
-2.2036442399041793,18.38055077535224,0.1729368039912136,0.053641303969616506,0.29190356689946956
-2.2036442399041793,18.73114981016307,0.1731582497802841,0.054160487350936065,0.2913339557775233
-2.2036442399041793,19.081748844973898,0.17338029773072564,0.054688706355284056,0.2915328467019651
-2.2036442399041793,19.432347879784725,0.173602939714306,0.05610381753535766,0.2925632348536513
-2.2036442399041793,19.782946914595552,0.1738261887096367,0.05571190384706057,0.29153923382147084
-2.2036442399041793,20.133545949406383,0.1740500872640392,0.05532697518993468,0.2904687708526481
-2.2036442399041793,20.48414498421721,0.17427471441105286,0.054949250465409216,0.28935185702187693
-2.2036442399041793,20.834744019028037,0.17450018890634858,0.05457894638117522,0.2881885942994703
-2.2036442399041793,21.185343053838867,0.17472666701744008,0.05421627969240157,0.28781405026629353
-2.2036442399041793,21.535942088649698,0.17495433430398244,0.053861469023186524,0.2880163475177206
-2.2036442399041793,21.886541123460525,0.17518339243320574,0.06295031132842195,0.2964541060690823
-2.2036442399041793,22.23714015827135,0.17541404336754113,0.05595453630482811,0.28839958491000756
-2.2036442399041793,22.587739193082182,0.1756464737282212,0.060451591693123134,0.2927817328522219
-2.2036442399041793,22.93833822789301,0.17588084181196784,0.06107353803019467,0.2922342597210965
-2.2036442399041793,23.288937262703836,0.17611726900364472,0.06155835075062933,0.2924932826163982
-2.2036442399041793,23.639536297514667,0.176355836488495,0.061738972587934544,0.29229473848502074
-2.2036442399041793,23.990135332325494,0.17659658728700597,0.06298633693976169,0.2940012377228207
-2.2036442399041793,24.34073436713632,0.17683953274258724,0.06186823205438292,0.2932596635593905
-2.2036442399041793,24.691333401947148,0.17708466186412639,0.062415589835664476,0.29447022925334543
-2.2036442399041793,25.04193243675798,0.17733195159932727,0.06195814139649908,0.2947714948461798
-2.2036442399041793,25.392531471568805,0.17758137628325726,0.06291760989671545,0.2981382922033049
-2.2036442399041793,25.743130506379632,0.177832915046422,0.062011028997077805,0.2983798834263577
-2.2036442399041793,26.093729541190463,0.17808655663814504,0.0634424166864102,0.30013724631191324
-2.2036442399041793,26.444328576001293,0.1783423017081669,0.062029485646486644,0.30006148030189816
-2.2036442399041793,26.79492761081212,0.17860016297516396,0.06202666557150406,0.2999712984181716
-2.2036442399041793,27.145526645622947,0.17886016387741793,0.06201629028086271,0.2998675256519979
-2.2036442399041793,27.496125680433778,0.17912233629405774,0.061998723512919844,0.2999105918069636
-2.2036442399041793,27.846724715244605,0.17938671781672996,0.06197433071970086,0.3002813084077028
-2.2036442399041793,28.197323750055432,0.17965334891021895,0.06194347672881848,0.3006729929933806
-2.2036442399041793,28.54792278486626,0.17992227017617188,0.06190652380152118,0.3010852210117037
-2.2036442399041793,28.89852181967709,0.18019351985076068,0.06186383035666997,0.30151750234571
-2.2036442399041793,29.249120854487916,0.18046713162536002,0.06380862798805105,0.3030456526746519
-2.2036442399041793,29.599719889298743,0.1807431328643445,0.06458221325899248,0.3047841077256453
-2.2036442399041793,29.950318924109574,0.18102154328667563,0.06747330217782213,0.3075627476356339
-2.2036442399041793,30.3009179589204,0.18130237416384254,0.07022479033891359,0.3120495701522186
-2.2036442399041793,30.651516993731228,0.18158562806126882,0.06397667328636925,0.3062030711654442
-2.2036442399041793,31.002116028542055,0.18187129911715352,0.06401959986538881,0.30680689735604033
-2.2036442399041793,31.352715063352885,0.1821593738187738,0.061434231719771484,0.3059194878137254
-2.2036442399041793,31.703314098163716,0.1824498322067126,0.06502614614258304,0.31072411568159064
-2.2036442399041793,32.05391313297454,0.18274264941374455,0.07035879633099211,0.3165961997794637
-2.2036442399041793,32.40451216778537,0.18303779742634374,0.07009198099616513,0.31746455167828386
-2.2036442399041793,32.7551112025962,0.18333524694237038,0.06983686861344268,0.3183202508821835
-2.2036442399041793,33.105710237407024,0.18363496918976838,0.07214488753869991,0.3207230336522275
-2.2036442399041793,33.45630927221785,0.18393693757110502,0.07157247560888416,0.3209217233115674
-2.2036442399041793,33.806908307028685,0.18424112901107761,0.07078228909700439,0.3211136751108233
-2.2036442399041793,34.15750734183951,0.1845475249114441,0.07808134966526746,0.3292605451043071
-2.2036442399041793,34.50810637665034,0.18485611166086371,0.076732089808907,0.32896839104661696
-2.2036442399041793,34.858705411461166,0.18516688070293358,0.0769020822945729,0.32917706433053867
-2.2036442399041793,35.20930444627199,0.18547982822637973,0.07646840846464148,0.3294590138408995
-2.1453078698047072,0.5,0.16265915369938932,0.042145011509449604,0.2688523793760558
-2.1453078698047072,0.8505990348108282,0.16278057785627673,0.04429695418469621,0.2695588037968134
-2.1453078698047072,1.2011980696216566,0.1629064504412492,0.04518501328366324,0.27026417215317666
-2.1453078698047072,1.5517971044324848,0.1630367692221369,0.046145862856858545,0.27033346325380214
-2.1453078698047072,1.9023961392433129,0.16317152755905273,0.04654297461384809,0.2703494129852116
-2.1453078698047072,2.2529951740541407,0.163310715573264,0.047760400871107805,0.2713708948693463
-2.1453078698047072,2.6035942088649695,0.16345431947159772,0.049491243789583576,0.27307258258279365
-2.1453078698047072,2.954193243675798,0.16360231913095846,0.05027524991418223,0.2737705722450285
-2.1453078698047072,3.3047922784866257,0.1637546843759039,0.050196536195562004,0.2744664842046109
-2.1453078698047072,3.655391313297454,0.16391137062087577,0.059118862933501146,0.28423850072127177
-2.1453078698047072,4.005990348108282,0.164072314639257,0.05914040843077064,0.28405549115253276
-2.1453078698047072,4.35658938291911,0.16423743114014341,0.05906359138661103,0.2840444599017475
-2.1453078698047072,4.707188417729939,0.16440661061899273,0.058790642427728454,0.2841947194688988
-2.1453078698047072,5.057787452540768,0.16457971868767088,0.057204911215321126,0.28179096064368575
-2.1453078698047072,5.408386487351596,0.16475659686692515,0.05919693454974138,0.28327969756668053
-2.1453078698047072,5.758985522162424,0.164937064676772,0.05798891545540657,0.28158482669564705
-2.1453078698047072,6.109584556973252,0.16512092278025703,0.05851454436752393,0.28271029178989737
-2.1453078698047072,6.46018359178408,0.16530795690589958,0.058948810070961755,0.28407693733855865
-2.1453078698047072,6.810782626594908,0.16549794228621612,0.05139433166425884,0.2764077286163263
-2.1453078698047072,7.161381661405737,0.1656906483945163,0.05033509690576699,0.27490845872888464
-2.1453078698047072,7.511980696216565,0.16588584380860744,0.051688683039539086,0.27518688217539095
-2.1453078698047072,7.8625797310273935,0.16608330103198266,0.05184766239567331,0.27584840351498535
-2.1453078698047072,8.213178765838222,0.16628280103741436,0.05279552602248089,0.277572383837195
-2.1453078698047072,8.56377780064905,0.16648413720310606,0.05597520617701266,0.28107434465501
-2.1453078698047072,8.914376835459878,0.16668711828292582,0.05573594858575247,0.2808539966747959
-2.1453078698047072,9.264975870270705,0.1668915701784859,0.05839196310503062,0.2843522632058369
-2.1453078698047072,9.615574905081534,0.16709733656296358,0.05832114572278299,0.28440524596994227
-2.1453078698047072,9.96617393989236,0.1673042787298237,0.05825088167483181,0.28455770221566234
-2.1453078698047072,10.316772974703191,0.1675122752325898,0.05480569916900199,0.28176407052502384
-2.1453078698047072,10.667372009514018,0.16772122182267557,0.054579706293809385,0.2821297924583128
-2.1453078698047072,11.017971044324847,0.16793103188612843,0.05706418827887417,0.2846618345694498
-2.1453078698047072,11.368570079135674,0.16814163715972008,0.0577566488671269,0.2851411033488629
-2.1453078698047072,11.719169113946503,0.16835298816577496,0.057901997530480254,0.28606783566926003
-2.1453078698047072,12.069768148757332,0.16856505370809816,0.057831684778160246,0.28752153817236625
-2.1453078698047072,12.420367183568159,0.16877781898312902,0.058800171071238444,0.2890375554731905
-2.1453078698047072,12.77096621837899,0.16899128231414876,0.06075934451213227,0.2907489394898725
-2.1453078698047072,13.121565253189816,0.1692054510297863,0.06082605903777978,0.29178113521429266
-2.1453078698047072,13.472164288000645,0.16942033735206563,0.05754578318493115,0.28869419469712393
-2.1453078698047072,13.822763322811472,0.1696359551628394,0.05747315584797969,0.28858396870130565
-2.1453078698047072,14.1733623576223,0.16985231816032315,0.05063124888545262,0.2811269992615748
-2.1453078698047072,14.523961392433128,0.1700694393513899,0.051702276881356174,0.28360539607589846
-2.1453078698047072,14.874560427243956,0.17028733130459373,0.05146676403188031,0.2838154512400646
-2.1453078698047072,15.225159462054787,0.1705060063475231,0.051558040150918576,0.2841758565111094
-2.1453078698047072,15.575758496865614,0.17072547603339017,0.06917163373809583,0.3018006958275748
-2.1453078698047072,15.926357531676443,0.17094574965015205,0.06954704954032609,0.30260074255184516
-2.1453078698047072,16.276956566487268,0.17116683208053027,0.06954575910917447,0.3029385264594123
-2.1453078698047072,16.6275556012981,0.17138872168849736,0.06965788422621762,0.30367044835780155
-2.1453078698047072,16.978154636108926,0.17161140895938612,0.06977341080035723,0.3043757761936429
-2.1453078698047072,17.328753670919756,0.17183487639856984,0.07115358287544947,0.3054999771173271
-2.1453078698047072,17.679352705730587,0.17205909988611073,0.0532903330192309,0.2869920030097078
-2.1453078698047072,18.029951740541414,0.17228405148633358,0.05382333879266406,0.2868938812398872
-2.1453078698047072,18.38055077535224,0.17250970369088806,0.056311096564278566,0.28844091043042674
-2.1453078698047072,18.73114981016307,0.17273603513903205,0.05653125351515575,0.28753935275914555
-2.1453078698047072,19.081748844973898,0.1729630378199046,0.056481941376613935,0.28784358059101534
-2.1453078698047072,19.432347879784725,0.17319072544684339,0.05604535693925663,0.2872004422124996
-2.1453078698047072,19.782946914595552,0.17341914206885925,0.05639651789386059,0.2872569191186823
-2.1453078698047072,20.133545949406383,0.1736483692372185,0.05636104646648121,0.28730021214891016
-2.1453078698047072,20.48414498421721,0.17387852957835556,0.05624162015470183,0.2875776889068131
-2.1453078698047072,20.834744019028037,0.17410978488030568,0.055626220308550925,0.28734507853735086
-2.1453078698047072,21.185343053838867,0.17434232793851495,0.05902009744955391,0.29081532977421126
-2.1453078698047072,21.535942088649698,0.17457636906550283,0.06047144630703944,0.28993898409469226
-2.1453078698047072,21.886541123460525,0.17481211960620416,0.06059579872559506,0.2902267400153386
-2.1453078698047072,22.23714015827135,0.17504977541207858,0.06090434199009621,0.29060225627785413
-2.1453078698047072,22.587739193082182,0.17528950295540055,0.061359235025303493,0.2909496735668978
-2.1453078698047072,22.93833822789301,0.17553142998628277,0.0610552334041387,0.2904670993614741
-2.1453078698047072,23.288937262703836,0.17577564170997145,0.06123669133111841,0.29004063592678825
-2.1453078698047072,23.639536297514667,0.1760221825132907,0.061432174945375465,0.2916315949403201
-2.1453078698047072,23.990135332325494,0.17627106234397422,0.061641666216892835,0.29190669056675556
-2.1453078698047072,24.34073436713632,0.17652226611203378,0.061719371585539265,0.29218009369058046
-2.1453078698047072,24.691333401947148,0.17677576416252236,0.06550247548796811,0.2971534648078247
-2.1453078698047072,25.04193243675798,0.17703152204713388,0.06572132708070463,0.2974043760193734
-2.1453078698047072,25.392531471568805,0.17728950836525437,0.06594069411996244,0.2983206782892369
-2.1453078698047072,25.743130506379632,0.1775497001072234,0.06320303943990105,0.2979749599580855
-2.1453078698047072,26.093729541190463,0.17781208550084768,0.06319630195797678,0.2988120245044272
-2.1453078698047072,26.444328576001293,0.17807666473176914,0.06333941420495628,0.2996682259602092
-2.1453078698047072,26.79492761081212,0.17834344907427052,0.07393212019406939,0.31060865177665475
-2.1453078698047072,27.145526645622947,0.17861245898216954,0.06187087317489309,0.2993565918275178
-2.1453078698047072,27.496125680433778,0.17888372161424718,0.06186077853327314,0.2997560106453445
-2.1453078698047072,27.846724715244605,0.17915726815958846,0.06184550667121313,0.30017581879553346
-2.1453078698047072,28.197323750055432,0.17943313122125923,0.06182542758470162,0.30061555023228637
-2.1453078698047072,28.54792278486626,0.17971134243042752,0.06375531933564255,0.302831802513408
-2.1453078698047072,28.89852181967709,0.17999193040253292,0.06382571803902894,0.3022221745161153
-2.1453078698047072,29.249120854487916,0.18027491910838445,0.0673131027848614,0.3064147247961063
-2.1453078698047072,29.599719889298743,0.18056032670710026,0.06702249122043535,0.30584923362139854
-2.1453078698047072,29.950318924109574,0.1808481648651824,0.06403896286604907,0.30457724965590166
-2.1453078698047072,30.3009179589204,0.18113843856115366,0.07534695609996257,0.31632824940353255
-2.1453078698047072,30.651516993731228,0.18143114634792604,0.0645394501818968,0.3066546501609738
-2.1453078698047072,31.002116028542055,0.18172628101885463,0.07397920661683456,0.31713342590618215
-2.1453078698047072,31.352715063352885,0.1820238306016776,0.07526009514093712,0.3184518850286289
-2.1453078698047072,31.703314098163716,0.18232377958819726,0.07632044318658708,0.3190956990718508
-2.1453078698047072,32.05391313297454,0.1826261102955973,0.06917456704439882,0.3137098947474568
-2.1453078698047072,32.40451216778537,0.18293080424695107,0.06890133526388842,0.3151624961754314
-2.1453078698047072,32.7551112025962,0.1832378434551613,0.07079059924405691,0.3185128846634737
-2.1453078698047072,33.105710237407024,0.1835472114998297,0.06465604804572525,0.3131168079802754
-2.1453078698047072,33.45630927221785,0.183858894304547,0.0644011959861867,0.31297175609712774
-2.1453078698047072,33.806908307028685,0.18417288055542028,0.07437004796042705,0.3234705365816784
-2.1453078698047072,34.15750734183951,0.18448916174957522,0.04479656510317844,0.29447045152819
-2.1453078698047072,34.50810637665034,0.18480773191958186,0.04488551883344316,0.2948619038375351
-2.1453078698047072,34.858705411461166,0.18512858713608477,0.044819569587194824,0.295220421099614
-2.1453078698047072,35.20930444627199,0.1854517249324631,0.04475529899529466,0.29554712250456133
-2.0869714997052355,0.5,0.16211195950924867,0.04496177807282423,0.26881305519775656
-2.0869714997052355,0.8505990348108282,0.16223326055757073,0.04550981103064304,0.26947322311659827
-2.0869714997052355,1.2011980696216566,0.16235907943440597,0.04606464784123572,0.2701225426906398
-2.0869714997052355,1.5517971044324848,0.16248942949104495,0.04660167628622337,0.2707601302037937
-2.0869714997052355,1.9023961392433129,0.1626243182354993,0.04628751119216471,0.26989966443992874
-2.0869714997052355,2.2529951740541407,0.16276374693075116,0.050802967030348374,0.2737077174994915
-2.0869714997052355,2.6035942088649695,0.16290770911687544,0.05098399093670846,0.2729268627698249
-2.0869714997052355,2.954193243675798,0.1630561881377009,0.04794707987648462,0.27001154163001684
-2.0869714997052355,3.3047922784866257,0.1632091539110802,0.048030204105813226,0.26889815400328265
-2.0869714997052355,3.655391313297454,0.163366559362816,0.0486790240197026,0.27068713655597143
-2.0869714997052355,4.005990348108282,0.1635283370641101,0.048259620049526906,0.2711580996182708
-2.0869714997052355,4.35658938291911,0.1636943966008865,0.05678232127728155,0.2791923816603248
-2.0869714997052355,4.707188417729939,0.16386462306211266,0.05740995086598299,0.2778449713989125
-2.0869714997052355,5.057787452540768,0.1640388768334383,0.05883065368733812,0.27847554050610407
-2.0869714997052355,5.408386487351596,0.1642169947033693,0.05854253450628073,0.278318466781766
-2.0869714997052355,5.758985522162424,0.1643987921719139,0.05893965989775819,0.2795342309315102
-2.0869714997052355,6.109584556973252,0.16458406679072485,0.05811360320548237,0.2799484464005162
-2.0869714997052355,6.46018359178408,0.1647726023367925,0.061397379382997594,0.28382634816518937
-2.0869714997052355,6.810782626594908,0.1649641736095052,0.060248110370476574,0.2838773838061646
-2.0869714997052355,7.161381661405737,0.1651585516244187,0.05040752376120762,0.2741900742127673
-2.0869714997052355,7.511980696216565,0.16535550893257692,0.05059652221674687,0.2737182392956224
-2.0869714997052355,7.8625797310273935,0.1655548247097399,0.050605611217054716,0.27404249027803373
-2.0869714997052355,8.213178765838222,0.1657562891660626,0.052903955270477115,0.2763864071333787
-2.0869714997052355,8.56377780064905,0.16595970680502448,0.056320285047187814,0.2798167884109212
-2.0869714997052355,8.914376835459878,0.16616489819928354,0.058551462076317944,0.2805897942759147
-2.0869714997052355,9.264975870270705,0.16637170027033502,0.058894977217015386,0.280374725496821
-2.0869714997052355,9.615574905081534,0.1665799654634254,0.05886763191895318,0.28039845627296045
-2.0869714997052355,9.96617393989236,0.16678956052224558,0.05881204674161988,0.2810547561648383
-2.0869714997052355,10.316772974703191,0.16700036562694545,0.058728222014260055,0.28236001007087524
-2.0869714997052355,10.667372009514018,0.1672122744103832,0.05864447973339429,0.28362155994419874
-2.0869714997052355,11.017971044324847,0.16742519490086274,0.058560688596999,0.28436134499474447
-2.0869714997052355,11.368570079135674,0.16763905094792841,0.058476737499241364,0.2844336539106652
-2.0869714997052355,11.719169113946503,0.16785378338174664,0.058392540364079266,0.28451074361883305
-2.0869714997052355,12.069768148757332,0.1680693501742938,0.05830804071168532,0.2851314027982263
-2.0869714997052355,12.420367183568159,0.16828572521467894,0.058223215739874254,0.28598514243793727
-2.0869714997052355,12.77096621837899,0.16850289583609224,0.05708583119514995,0.28499155665726705
-2.0869714997052355,13.121565253189816,0.16872085969769238,0.057363397965444034,0.2856245082772661
-2.0869714997052355,13.472164288000645,0.1689396218069424,0.05174662810487712,0.28047789776517357
-2.0869714997052355,13.822763322811472,0.16915919227778112,0.05167168785513765,0.2803204169717031
-2.0869714997052355,14.1733623576223,0.16937958495888683,0.051597191613044956,0.2801355313231501
-2.0869714997052355,14.523961392433128,0.1696008165741796,0.05067445429176304,0.2789504276110694
-2.0869714997052355,14.874560427243956,0.16982290574629852,0.05108877109944208,0.2796847158512127
-2.0869714997052355,15.225159462054787,0.17004587135888719,0.05137646456864161,0.2794196611411326
-2.0869714997052355,15.575758496865614,0.1702697301103834,0.051303780790664735,0.2791289782171164
-2.0869714997052355,15.926357531676443,0.17049449361830882,0.05123149414370324,0.28000223237388083
-2.0869714997052355,16.276956566487268,0.1707201657927592,0.051159553986012705,0.2813759228757106
-2.0869714997052355,16.6275556012981,0.1709467412435203,0.07034425343271489,0.30140514488573206
-2.0869714997052355,16.978154636108926,0.17117420523559776,0.07332351167920395,0.3044921124190932
-2.0869714997052355,17.328753670919756,0.17140253534480834,0.05572169546115612,0.2862778365147409
-2.0869714997052355,17.679352705730587,0.17163170470224148,0.05623121076643827,0.2867118891314054
-2.0869714997052355,18.029951740541414,0.17186168665805454,0.05455493586661813,0.28557827176463213
-2.0869714997052355,18.38055077535224,0.17209246077792156,0.05601750726609843,0.28660661595282977
-2.0869714997052355,18.73114981016307,0.17232402012315992,0.056592547527699925,0.2867016511534185
-2.0869714997052355,19.081748844973898,0.1725563795569942,0.05678236271147695,0.2867873698790168
-2.0869714997052355,19.432347879784725,0.1727895842775906,0.05691142402611292,0.28691892344282705
-2.0869714997052355,19.782946914595552,0.17302371704041541,0.05723655910704915,0.2872456310374905
-2.0869714997052355,20.133545949406383,0.1732589019827281,0.057152171756858876,0.2869783659820931
-2.0869714997052355,20.48414498421721,0.17349530308150382,0.056532760808367666,0.28511622266467146
-2.0869714997052355,20.834744019028037,0.17373311630731367,0.055919952740518614,0.28388686382882977
-2.0869714997052355,21.185343053838867,0.17397255619558497,0.05659491440493521,0.2854582928498484
-2.0869714997052355,21.535942088649698,0.17421383910484584,0.060242649914792466,0.28705218676883737
-2.0869714997052355,21.886541123460525,0.1744571661808377,0.06035546530170926,0.2875894443371005
-2.0869714997052355,22.23714015827135,0.1747027088436893,0.06197141324745637,0.28944942216235214
-2.0869714997052355,22.587739193082182,0.17495059881740777,0.06203718568159602,0.28975373048878106
-2.0869714997052355,22.93833822789301,0.17520092374253166,0.06210303412257798,0.2900557547616168
-2.0869714997052355,23.288937262703836,0.17545372843392254,0.06216897470271458,0.2906573642646877
-2.0869714997052355,23.639536297514667,0.17570902092128046,0.0641398398093531,0.29315475470079755
-2.0869714997052355,23.990135332325494,0.1759667816802717,0.06230119658661392,0.29235501773556705
-2.0869714997052355,24.34073436713632,0.17622697413102667,0.06236750978851496,0.2928946650055553
-2.0869714997052355,24.691333401947148,0.17648955463315258,0.06164529113271385,0.29313669008456833
-2.0869714997052355,25.04193243675798,0.1767544807220454,0.061682581070416354,0.2938214265154758
-2.0869714997052355,25.392531471568805,0.1770217169729304,0.06438328292207364,0.2980437228959933
-2.0869714997052355,25.743130506379632,0.17729123843565886,0.06443202772728603,0.29846326957498265
-2.0869714997052355,26.093729541190463,0.17756303194876083,0.0790571371349519,0.3135117187316138
-2.0869714997052355,26.444328576001293,0.17783709581074844,0.079313086703578,0.31445731774414126
-2.0869714997052355,26.79492761081212,0.17811343831251353,0.0795678984875537,0.31539149677982364
-2.0869714997052355,27.145526645622947,0.1783920755819512,0.07308314253293796,0.30930555822275857
-2.0869714997052355,27.496125680433778,0.17867302911120425,0.07494540541226297,0.3106563170816563
-2.0869714997052355,27.846724715244605,0.1789563232556869,0.07505455863175846,0.31067004268952775
-2.0869714997052355,28.197323750055432,0.17924198292136706,0.07451825880247273,0.31005433785085096
-2.0869714997052355,28.54792278486626,0.17953003159254247,0.0723725139769619,0.3098219743368715
-2.0869714997052355,28.89852181967709,0.17982048979458318,0.07310693496146586,0.3104461717862228
-2.0869714997052355,29.249120854487916,0.18011337403423144,0.07388082160765674,0.31112116172658355
-2.0869714997052355,29.599719889298743,0.18040869621498679,0.06498155525229479,0.30385947880182984
-2.0869714997052355,29.950318924109574,0.1807064634886064,0.06944604251859368,0.30836533861324916
-2.0869714997052355,30.3009179589204,0.18100667847743662,0.06805168491443864,0.3081506441254977
-2.0869714997052355,30.651516993731228,0.1813093397865951,0.06826415211280223,0.30791341378452064
-2.0869714997052355,31.002116028542055,0.1816144427183722,0.06847769160162936,0.3080748414902028
-2.0869714997052355,31.352715063352885,0.18192198010052765,0.06861468758028975,0.30956755448375534
-2.0869714997052355,31.703314098163716,0.18223194314256086,0.06831019020635061,0.3115160631718467
-2.0869714997052355,32.05391313297454,0.182544322238748,0.06389394014873251,0.30702444427609443
-2.0869714997052355,32.40451216778537,0.18285910764535546,0.06396805679787743,0.30768932931103904
-2.0869714997052355,32.7551112025962,0.18317628997458754,0.07303968105630725,0.31881743357698816
-2.0869714997052355,33.105710237407024,0.18349586047116623,0.0738619502445145,0.3196774330316746
-2.0869714997052355,33.45630927221785,0.18381781106841338,0.07472512338814827,0.32138963416864913
-2.0869714997052355,33.806908307028685,0.18414213425629522,0.07563131248170339,0.323377878939832
-2.0869714997052355,34.15750734183951,0.1844688228290147,0.0450776495375546,0.2933769256413168
-2.0869714997052355,34.50810637665034,0.18479786960759717,0.045009881816040924,0.2935029077356802
-2.0869714997052355,34.858705411461166,0.18512926724552556,0.044943870240787484,0.2936145331491332
-2.0869714997052355,35.20930444627199,0.18546300821502146,0.04487958667229769,0.2937131328461416
-2.028635129605764,0.5,0.16158130892617525,0.04614734423233307,0.2679360267307371
-2.028635129605764,0.8505990348108282,0.16170266367376732,0.046477226601604284,0.268679131888202
-2.028635129605764,1.2011980696216566,0.1618285780930009,0.046024465368375615,0.26788241655402356
-2.028635129605764,1.5517971044324848,0.16195906664024146,0.05796611716576193,0.2802861166620359
-2.028635129605764,1.9023961392433129,0.16209413672556253,0.058752641322918096,0.2808107007657681
-2.028635129605764,2.2529951740541407,0.16223378878496844,0.058039190798691784,0.2795988544320136
-2.028635129605764,2.6035942088649695,0.1623780153204757,0.05807710712932101,0.2791019972182053
-2.028635129605764,2.954193243675798,0.16252679885584864,0.057800974253112605,0.27857806339215707
-2.028635129605764,3.3047922784866257,0.1626801090255817,0.05883346930487791,0.2799091715842366
-2.028635129605764,3.655391313297454,0.16283789926593417,0.05024312274697304,0.26959507435883634
-2.028635129605764,4.005990348108282,0.16300010370279597,0.05045337470718083,0.2688936018584106
-2.028635129605764,4.35658938291911,0.1631666347789759,0.058163902618157064,0.27635029725181803
-2.028635129605764,4.707188417729939,0.1633373819726074,0.058326749773695376,0.2766061993504694
-2.028635129605764,5.057787452540768,0.16351221173408614,0.05837230820751525,0.27762598698186114
-2.028635129605764,5.408386487351596,0.1636909686080049,0.05841903137461669,0.2779789911440215
-2.028635129605764,5.758985522162424,0.1638734774396615,0.05846691922065739,0.2778882419889985
-2.028635129605764,6.109584556973252,0.164059546559332,0.05851596624337854,0.27837752418427975
-2.028635129605764,6.46018359178408,0.16424897183453177,0.06418141463803917,0.28368307301476997
-2.028635129605764,6.810782626594908,0.16444154143559228,0.06441572516710296,0.2837241051728043
-2.028635129605764,7.161381661405737,0.1646370410525384,0.05770162240677161,0.2779191549777301
-2.028635129605764,7.511980696216565,0.16483525914207783,0.05150254226478104,0.2731816249891398
-2.028635129605764,7.8625797310273935,0.16503599162605906,0.051541045838786395,0.2725071041838054
-2.028635129605764,8.213178765838222,0.16523904540441425,0.05156858144490244,0.2729525642128729
-2.028635129605764,8.56377780064905,0.1654442401889454,0.05211759210401885,0.2734104423871254
-2.028635129605764,8.914376835459878,0.16565140854248278,0.056431878424528015,0.27787530045919195
-2.028635129605764,9.264975870270705,0.16586039452642623,0.05871277969034467,0.280145435156406
-2.028635129605764,9.615574905081534,0.16607105181365628,0.05868338223275807,0.2799376953104343
-2.028635129605764,9.96617393989236,0.1662832422966704,0.05865171978038393,0.27972933339154943
-2.028635129605764,10.316772974703191,0.16649683600495319,0.05861783815791025,0.27973110751278274
-2.028635129605764,10.667372009514018,0.16671171260802525,0.05858178517391232,0.28032944465507004
-2.028635129605764,11.017971044324847,0.16692776413510793,0.058543610489865415,0.2815247089456843
-2.028635129605764,11.368570079135674,0.16714489804984967,0.05850336548293994,0.28267900112485256
-2.028635129605764,11.719169113946503,0.16736303967309843,0.059437633258743364,0.2844320866822767
-2.028635129605764,12.069768148757332,0.16758213319655477,0.059501793993893146,0.28487088487406453
-2.028635129605764,12.420367183568159,0.16780214105775496,0.05260083294860973,0.27838402017880476
-2.028635129605764,12.77096621837899,0.16802304201312102,0.0527657383056897,0.2785552112713252
-2.028635129605764,13.121565253189816,0.1682448285928616,0.0529469769856374,0.278967131328946
-2.028635129605764,13.472164288000645,0.168467504599789,0.05156128831404217,0.2776954628662403
-2.028635129605764,13.822763322811472,0.16869108296649704,0.0514849187615531,0.27742997002247244
-2.028635129605764,14.1733623576223,0.16891558382721225,0.051409104390846255,0.2771698651176445
-2.028635129605764,14.523961392433128,0.16914103236000055,0.049710335381946635,0.27532948400779533
-2.028635129605764,14.874560427243956,0.16936745598528044,0.051259103410663,0.27673688671769275
-2.028635129605764,15.225159462054787,0.1695948808556512,0.05118486266106918,0.2765208133518359
-2.028635129605764,15.575758496865614,0.1698233280512059,0.05111106845432673,0.27630534397340867
-2.028635129605764,15.926357531676443,0.17005281024237542,0.05103765898504852,0.2764468241602545
-2.028635129605764,16.276956566487268,0.17028332961591286,0.05096456099344974,0.2767377620571002
-2.028635129605764,16.6275556012981,0.17051487758433775,0.050891692495128635,0.27702992152631944
-2.028635129605764,16.978154636108926,0.17074743639698417,0.05081896642389457,0.27744856071410345
-2.028635129605764,17.328753670919756,0.17098098246983878,0.07142424829498838,0.2987213898706716
-2.028635129605764,17.679352705730587,0.17121549117511847,0.07156558201907558,0.29849316041114543
-2.028635129605764,18.029951740541414,0.17145094292989801,0.05503533970524212,0.2824428333597253
-2.028635129605764,18.38055077535224,0.17168733051016974,0.057195388222909566,0.2847956044385458
-2.028635129605764,18.73114981016307,0.17192466737669934,0.05614336465375581,0.28354269977966107
-2.028635129605764,19.081748844973898,0.17216299631535786,0.05671959720320786,0.28221330010387097
-2.028635129605764,19.432347879784725,0.17240239696647286,0.05704299450561306,0.28270961346036794
-2.028635129605764,19.782946914595552,0.17264299020321733,0.05700408911216684,0.2834457561787251
-2.028635129605764,20.133545949406383,0.17288493731128687,0.05697146270962635,0.28417942919641404
-2.028635129605764,20.48414498421721,0.1731284328312858,0.04871332456418325,0.27620269877442005
-2.028635129605764,20.834744019028037,0.17337369155036644,0.04918287866940681,0.2762106410249973
-2.028635129605764,21.185343053838867,0.173620931764714,0.05568766175466797,0.28183380396790475
-2.028635129605764,21.535942088649698,0.17387035783441293,0.05669113907423808,0.282014430084352
-2.028635129605764,21.886541123460525,0.17412214496876413,0.05450178192064555,0.2808435902988479
-2.028635129605764,22.23714015827135,0.17437642842036874,0.06254227112249525,0.28875762252812726
-2.028635129605764,22.587739193082182,0.17463329827159646,0.0629654584303196,0.2892653807475341
-2.028635129605764,22.93833822789301,0.17489279999087812,0.06314909838143067,0.28998592511821647
-2.028635129605764,23.288937262703836,0.17515493998446377,0.06333219771479105,0.2912667981098538
-2.028635129605764,23.639536297514667,0.17541969460007534,0.06097431077104589,0.29069127249445764
-2.028635129605764,23.990135332325494,0.17568702065570516,0.0617631964620024,0.29213732175753915
-2.028635129605764,24.34073436713632,0.17595686567314237,0.06142633569445406,0.2926946673799947
-2.028635129605764,24.691333401947148,0.17622917648988967,0.07481777572033205,0.30648217652657606
-2.028635129605764,25.04193243675798,0.17650390557057236,0.055911208493034395,0.2873864481753433
-2.028635129605764,25.392531471568805,0.1767810149173199,0.05561490916683647,0.2871410697567863
-2.028635129605764,25.743130506379632,0.17706047786645043,0.05531404152667816,0.28692522927556546
-2.028635129605764,26.093729541190463,0.17734227924043386,0.05502258655934605,0.2878524550120528
-2.028635129605764,26.444328576001293,0.17762641434926368,0.07173077365698417,0.30515648744666635
-2.028635129605764,26.79492761081212,0.17791288727411056,0.07255106052262575,0.30513879561931784
-2.028635129605764,27.145526645622947,0.1782017087779051,0.07337892895786925,0.3058153316751618
-2.028635129605764,27.496125680433778,0.17849289410728644,0.074214447472715,0.30653701927794663
-2.028635129605764,27.846724715244605,0.17878646088873848,0.07505774472753927,0.30625170850048933
-2.028635129605764,28.197323750055432,0.1790824272733821,0.07546392971143857,0.3064522786254984
-2.028635129605764,28.54792278486626,0.1793808104393542,0.07563563387113412,0.30930117626103476
-2.028635129605764,28.89852181967709,0.17968162551106912,0.06545820065291395,0.3021092400675273
-2.028635129605764,29.249120854487916,0.17998488490148573,0.06546685880553194,0.3024881394584802
-2.028635129605764,29.599719889298743,0.1802905980339162,0.06664753839185225,0.304159062271857
-2.028635129605764,29.950318924109574,0.18059877136321445,0.0668369599545466,0.30392795780115217
-2.028635129605764,30.3009179589204,0.1809094085986472,0.06702719541239485,0.3044425839975653
-2.028635129605764,30.651516993731228,0.18122251103259984,0.06721826999680319,0.30600268763416283
-2.028635129605764,31.002116028542055,0.1815380778953504,0.06741020932804276,0.3079018453473892
-2.028635129605764,31.352715063352885,0.18185610667919697,0.06590427081895871,0.3078941596143433
-2.028635129605764,31.703314098163716,0.18217659339916456,0.06596651983070594,0.3089983139859302
-2.028635129605764,32.05391313297454,0.18249953277876443,0.06602970147601542,0.31006743144751864
-2.028635129605764,32.40451216778537,0.182824918366331,0.06609386784302944,0.3111022231360723
-2.028635129605764,32.7551112025962,0.18315274260001335,0.074361911797939,0.32014182425667065
-2.028635129605764,33.105710237407024,0.18348299684793148,0.0789836847539788,0.32545794562796815
-2.028635129605764,33.45630927221785,0.18381567145520541,0.07915107892678389,0.3255908976954268
-2.028635129605764,33.806908307028685,0.18415075583240548,0.07931792071986735,0.32589255724607014
-2.028635129605764,34.15750734183951,0.18448823862029634,0.05311356973296966,0.2989588879469487
-2.028635129605764,34.50810637665034,0.18482810796133972,0.053433313855243636,0.2988562749494581
-2.028635129605764,34.858705411461166,0.18517035189500938,0.05365428231447681,0.29911767349626284
-2.028635129605764,35.20930444627199,0.18551495886718097,0.05357400062378579,0.29937673887299576
-1.9702987595062922,0.5,0.16106799882654388,0.05116600155815426,0.27209247666856445
-1.9702987595062922,0.8505990348108282,0.16118951931974126,0.05450555821893762,0.2754795511361778
-1.9702987595062922,1.2011980696216566,0.16131557796681284,0.0576013854948079,0.27853098342881744
-1.9702987595062922,1.5517971044324848,0.16144618235137354,0.05283483460250953,0.27304525714782035
-1.9702987595062922,1.9023961392433129,0.1615813355420301,0.05868001611480022,0.27910361362345465
-1.9702987595062922,2.2529951740541407,0.16172103640436503,0.057685878657644615,0.2773559102183218
-1.9702987595062922,2.6035942088649695,0.1618652786106648,0.056780851259724256,0.2756438893435911
-1.9702987595062922,2.954193243675798,0.16201404843208245,0.05740408171883053,0.27516265123290956
-1.9702987595062922,3.3047922784866257,0.16216732165069336,0.05873910632428787,0.27591831344606976
-1.9702987595062922,3.655391313297454,0.16232506012952103,0.05768974798350542,0.27450011878207153
-1.9702987595062922,4.005990348108282,0.16248720864849925,0.058654678846397475,0.2748177889563642
-1.9702987595062922,4.35658938291911,0.16265369251757059,0.060062123893934845,0.2768194234563157
-1.9702987595062922,4.707188417729939,0.16282441626356198,0.05875939764343765,0.276205005759697
-1.9702987595062922,5.057787452540768,0.16299926346584337,0.0587584030657345,0.27689545969969886
-1.9702987595062922,5.408386487351596,0.1631780976819575,0.06030940439148119,0.27859202435836494
-1.9702987595062922,5.758985522162424,0.16336076437551855,0.060717707730354425,0.27876521847959385
-1.9702987595062922,6.109584556973252,0.16354709377702878,0.06090205438537482,0.2789136946693023
-1.9702987595062922,6.46018359178408,0.16373690459241333,0.05608523930165744,0.2736789098623939
-1.9702987595062922,6.810782626594908,0.1639300083712323,0.058165088230917344,0.27501651236601327
-1.9702987595062922,7.161381661405737,0.16412621416120707,0.057767465851010114,0.2741962666643657
-1.9702987595062922,7.511980696216565,0.1643253328754879,0.05785034048386024,0.27474232188775694
-1.9702987595062922,7.8625797310273935,0.16452718069841551,0.057584568808313204,0.27523230653519276
-1.9702987595062922,8.213178765838222,0.16473158096848764,0.057321672170390844,0.2756630959758798
-1.9702987595062922,8.56377780064905,0.16493836434526812,0.05208453966194494,0.27082377410459474
-1.9702987595062922,8.914376835459878,0.1651473676025719,0.05232853134034573,0.2714631914317224
-1.9702987595062922,9.264975870270705,0.16535843188932933,0.05851299520196391,0.27840697215096405
-1.9702987595062922,9.615574905081534,0.16557140153359312,0.060051200284741243,0.2797556359933076
-1.9702987595062922,9.96617393989236,0.1657861243029972,0.05850048348118379,0.27835815297669436
-1.9702987595062922,10.316772974703191,0.1660024535178614,0.058465792117959936,0.2787286260766358
-1.9702987595062922,10.667372009514018,0.16622025173866076,0.05873795748256809,0.2792032139061716
-1.9702987595062922,11.017971044324847,0.16643939517943815,0.05839055754869201,0.27896511926292367
-1.9702987595062922,11.368570079135674,0.1666597777462024,0.06310430661608123,0.2842123443272825
-1.9702987595062922,11.719169113946503,0.16688131374832282,0.06317078324402474,0.28428619616272494
-1.9702987595062922,12.069768148757332,0.16710393880743557,0.06323688436563092,0.2845353966674282
-1.9702987595062922,12.420367183568159,0.16732760908522074,0.06330260998653593,0.2848824625039318
-1.9702987595062922,12.77096621837899,0.1675522994059708,0.06336796058058754,0.2851357075802268
-1.9702987595062922,13.121565253189816,0.16777800096323714,0.06343293713315035,0.28563814493188133
-1.9702987595062922,13.472164288000645,0.16800471904667805,0.06349754118350102,0.28703095912227405
-1.9702987595062922,13.822763322811472,0.16823247077961692,0.05349283214427322,0.2773855772540295
-1.9702987595062922,14.1733623576223,0.16846128250073286,0.06737384954101,0.29019656608493366
-1.9702987595062922,14.523961392433128,0.16869118638142944,0.06769076641538593,0.29110460052080134
-1.9702987595062922,14.874560427243956,0.1689222161847702,0.050708136753765364,0.2742740498212208
-1.9702987595062922,15.225159462054787,0.1691544025730447,0.05091389987941517,0.27394556676850673
-1.9702987595062922,15.575758496865614,0.16938776877680614,0.05090801405270147,0.27455791608051916
-1.9702987595062922,15.926357531676443,0.16962232752337608,0.05177324218858976,0.27624801792260745
-1.9702987595062922,16.276956566487268,0.16985807985848483,0.05203062004419403,0.27614624654579145
-1.9702987595062922,16.6275556012981,0.17009501605735414,0.051832079305477334,0.2764758703372763
-1.9702987595062922,16.978154636108926,0.1703331184622565,0.0574895313094761,0.2821840076365685
-1.9702987595062922,17.328753670919756,0.17057236595938324,0.07099133284275348,0.2954375724771266
-1.9702987595062922,17.679352705730587,0.17081273989305362,0.05549682270910154,0.278883611248981
-1.9702987595062922,18.029951740541414,0.17105423133011846,0.05468052745003157,0.27778029042844354
-1.9702987595062922,18.38055077535224,0.1712968495023521,0.055214902811862275,0.278053078452788
-1.9702987595062922,18.73114981016307,0.17154063082070783,0.0557637714616971,0.27948247372377555
-1.9702987595062922,19.081748844973898,0.1717856471278767,0.056327144410713806,0.2809610776019824
-1.9702987595062922,19.432347879784725,0.17203201115894165,0.05690498878572523,0.2824261077023029
-1.9702987595062922,19.782946914595552,0.1722798770168904,0.059474415053993895,0.28534998912732645
-1.9702987595062922,20.133545949406383,0.1725294342228421,0.059871256108310025,0.28564959990345357
-1.9702987595062922,20.48414498421721,0.17278089547372155,0.06057890211755754,0.286790537392582
-1.9702987595062922,20.834744019028037,0.1730344799850299,0.05567266093123029,0.27992655189360827
-1.9702987595062922,21.185343053838867,0.173290395420214,0.056662052879377554,0.2815462179936826
-1.9702987595062922,21.535942088649698,0.17354882154002746,0.05554936996089566,0.278419551889132
-1.9702987595062922,21.886541123460525,0.1738098980549479,0.060077513009009355,0.2847858771418896
-1.9702987595062922,22.23714015827135,0.17407371816108708,0.06018888458295319,0.285597117817688
-1.9702987595062922,22.587739193082182,0.17434032815402345,0.048872134169968454,0.2747444272946975
-1.9702987595062922,22.93833822789301,0.17460973245592185,0.0487234701313086,0.274860022999084
-1.9702987595062922,23.288937262703836,0.17488190251386504,0.07217750269230966,0.30045217590220546
-1.9702987595062922,23.639536297514667,0.17515678755705383,0.07367016518704886,0.30062425272141746
-1.9702987595062922,23.990135332325494,0.1754343252616493,0.07510643625141049,0.30077202326138724
-1.9702987595062922,24.34073436713632,0.1757144508695867,0.07506358393046056,0.3014267958743333
-1.9702987595062922,24.691333401947148,0.17599710399457444,0.07460082620829132,0.30267522325129453
-1.9702987595062922,25.04193243675798,0.17628223297894685,0.07411076173011463,0.3039095548037334
-1.9702987595062922,25.392531471568805,0.17656979709637952,0.07503454647271866,0.3053672372457453
-1.9702987595062922,25.743130506379632,0.17685976709962908,0.05567910972539481,0.28616792932530405
-1.9702987595062922,26.093729541190463,0.17715212463617952,0.06996557834239159,0.30114743541349515
-1.9702987595062922,26.444328576001293,0.17744686097295093,0.070500099347682,0.30112422934877503
-1.9702987595062922,26.79492761081212,0.17774397535419864,0.0707664224872123,0.3013000641056934
-1.9702987595062922,27.145526645622947,0.1780434732125486,0.07067119498368417,0.3021603017979828
-1.9702987595062922,27.496125680433778,0.17834536438302112,0.07475835656674883,0.3061570001837474
-1.9702987595062922,27.846724715244605,0.17864966143192926,0.07443457151185473,0.30684640162456694
-1.9702987595062922,28.197323750055432,0.17895637819073384,0.07379886677375916,0.3077572424466024
-1.9702987595062922,28.54792278486626,0.17926552856114858,0.07416398963324478,0.3087156620207983
-1.9702987595062922,28.89852181967709,0.17957712562203565,0.07398290583454754,0.3097206299335819
-1.9702987595062922,29.249120854487916,0.17989118102388568,0.07381259894761291,0.31077069823568143
-1.9702987595062922,29.599719889298743,0.18020770461590563,0.06568252146945668,0.3031559643917026
-1.9702987595062922,29.950318924109574,0.1805267042282699,0.06585244679229206,0.30380166344865095
-1.9702987595062922,30.3009179589204,0.18084818553484713,0.06602303844120064,0.30446033419029367
-1.9702987595062922,30.651516993731228,0.18117215194564285,0.06619432843204853,0.30592356975021057
-1.9702987595062922,31.002116028542055,0.18149860451133715,0.06636635077310953,0.30658521744085
-1.9702987595062922,31.352715063352885,0.18182754185140712,0.066433704255043,0.30757406403038806
-1.9702987595062922,31.703314098163716,0.1821589601335755,0.0661057502057577,0.3086634565181313
-1.9702987595062922,32.05391313297454,0.18249285313349173,0.08025043611402333,0.323226616463332
-1.9702987595062922,32.40451216778537,0.18282921239292058,0.08045009392196142,0.32361020926774037
-1.9702987595062922,32.7551112025962,0.18316802747841557,0.05236522357682671,0.2960542814689328
-1.9702987595062922,33.105710237407024,0.18350928632683405,0.052446035191895925,0.29547834785830657
-1.9702987595062922,33.45630927221785,0.18385297565368214,0.05232489831680839,0.29486782381901433
-1.9702987595062922,33.806908307028685,0.18419908139678934,0.05221317908635119,0.29486986260664455
-1.9702987595062922,34.15750734183951,0.18454758916951775,0.05211069250932635,0.29561194579225814
-1.9702987595062922,34.50810637665034,0.18489848470015563,0.05201724708496179,0.29634271211743574
-1.9702987595062922,34.858705411461166,0.18525175423182466,0.05193264789589104,0.2970614036925494
-1.9702987595062922,35.20930444627199,0.18560738484624167,0.04739151486110912,0.2929362488404868
-1.9119623894068205,0.5,0.16057186504705265,0.05361149970793923,0.2716746405844005
-1.9119623894068205,0.8505990348108282,0.16069351204016574,0.053719603889617606,0.2726582710276542
-1.9119623894068205,1.2011980696216566,0.16081960797994646,0.056300366068610316,0.27495923390544164
-1.9119623894068205,1.5517971044324848,0.16095015642649435,0.05728834714523541,0.2761402463920498
-1.9119623894068205,1.9023961392433129,0.1610851607217926,0.05331315283993762,0.27123159196053126
-1.9119623894068205,2.2529951740541407,0.16122462401799004,0.053988132263967176,0.2708842188439162
-1.9119623894068205,2.6035942088649695,0.16136854797165043,0.05567839608658861,0.2728982333211533
-1.9119623894068205,2.954193243675798,0.1615169302176021,0.05691389176427205,0.27243522120211267
-1.9119623894068205,3.3047922784866257,0.16166976095842003,0.05818159385531385,0.2730175450113697
-1.9119623894068205,3.655391313297454,0.16182701921041945,0.05947873508150369,0.273644922031128
-1.9119623894068205,4.005990348108282,0.16198866932921888,0.059563464806136814,0.2732607201811101
-1.9119623894068205,4.35658938291911,0.16215465833880616,0.05984967004106217,0.2738688956393553
-1.9119623894068205,4.707188417729939,0.16232491435471635,0.05755336633232442,0.2715322492134978
-1.9119623894068205,5.057787452540768,0.16249934614878336,0.05758383879873744,0.2711698175633276
-1.9119623894068205,5.408386487351596,0.16267784375727568,0.057615663515128944,0.27232896004352974
-1.9119623894068205,5.758985522162424,0.16286028000463432,0.0594570467377342,0.2745304512271392
-1.9119623894068205,6.109584556973252,0.16304651283688737,0.05768350900645483,0.2725018533692771
-1.9119623894068205,6.46018359178408,0.1632363883444493,0.05771958399939573,0.27295234788784345
-1.9119623894068205,6.810782626594908,0.16342974425373447,0.05860979431412147,0.273674064569719
-1.9119623894068205,7.161381661405737,0.1636264135006207,0.05778142947570103,0.27218154684422124
-1.9119623894068205,7.511980696216565,0.16382622735327826,0.05783661676641423,0.27268150630578497
-1.9119623894068205,7.8625797310273935,0.16402901754594829,0.0578785849211485,0.27369237218995407
-1.9119623894068205,8.213178765838222,0.16423461710424223,0.05772225520420265,0.2740332857619874
-1.9119623894068205,8.56377780064905,0.16444285996874006,0.05206614277109694,0.2684178468222604
-1.9119623894068205,8.914376835459878,0.16465358001075872,0.052245386432649754,0.2692931894543734
-1.9119623894068205,9.264975870270705,0.16486661036125919,0.05794560704556867,0.2746840212874276
-1.9119623894068205,9.615574905081534,0.1650817839610753,0.05811028642873205,0.27505424701653863
-1.9119623894068205,9.96617393989236,0.1652989358556002,0.05816086338746928,0.275702320794189
-1.9119623894068205,10.316772974703191,0.16551790714150366,0.058212786985905256,0.2763570102623199
-1.9119623894068205,10.667372009514018,0.16573854987419215,0.0662522300243364,0.2844236612537061
-1.9119623894068205,11.017971044324847,0.165960731898993,0.06609157291868702,0.2842537672662055
-1.9119623894068205,11.368570079135674,0.16618434060398216,0.06619387215560943,0.284404523534218
-1.9119623894068205,11.719169113946503,0.16640928498176205,0.06616236713783726,0.2852448245428327
-1.9119623894068205,12.069768148757332,0.16663549596106658,0.06518250900200605,0.28447841402368945
-1.9119623894068205,12.420367183568159,0.1668629254725334,0.06554067140502776,0.28456227368143217
-1.9119623894068205,12.77096621837899,0.16709154491539333,0.06590994989094508,0.2846505545773477
-1.9119623894068205,13.121565253189816,0.16732134350792205,0.06603451423996767,0.28474318654753006
-1.9119623894068205,13.472164288000645,0.16755232655908364,0.06592812406539313,0.2848400681456623
-1.9119623894068205,13.822763322811472,0.16778451327191676,0.06918348490013805,0.2896410834421449
-1.9119623894068205,14.1733623576223,0.16801793355892067,0.05687006274732683,0.27777775003135274
-1.9119623894068205,14.523961392433128,0.16825262362585264,0.05632386023609335,0.2771693763261414
-1.9119623894068205,14.874560427243956,0.16848862063291725,0.05662513259944359,0.27737166309656414
-1.9119623894068205,15.225159462054787,0.1687259572723506,0.05695027203641614,0.2775802437517671
-1.9119623894068205,15.575758496865614,0.1689646573206477,0.05730083819234808,0.27776857788810966
-1.9119623894068205,15.926357531676443,0.16920473303285247,0.057582233450199284,0.27793710330477556
-1.9119623894068205,16.276956566487268,0.16944618478747542,0.058316477636309295,0.28041726214043605
-1.9119623894068205,16.6275556012981,0.16968900293610967,0.057463572407340215,0.2794051972405346
-1.9119623894068205,16.978154636108926,0.16993317157961846,0.07257277860017051,0.29525712038089386
-1.9119623894068205,17.328753670919756,0.17017867401978962,0.07182634558794027,0.29443465875255603
-1.9119623894068205,17.679352705730587,0.17042549977073135,0.05630785080521413,0.2786492493361649
-1.9119623894068205,18.029951740541414,0.17067365300857365,0.056989337677733065,0.27946181725110697
-1.9119623894068205,18.38055077535224,0.17092316198166357,0.05715020375093934,0.2802698738492793
-1.9119623894068205,18.73114981016307,0.17117408817818838,0.07411076697056725,0.2974931200630034
-1.9119623894068205,19.081748844973898,0.17142653323258283,0.07429230959943914,0.2976044277749608
-1.9119623894068205,19.432347879784725,0.17168064117150084,0.05975793971436492,0.2827337133785706
-1.9119623894068205,19.782946914595552,0.17193659414002882,0.07442819019029623,0.29840916016636543
-1.9119623894068205,20.133545949406383,0.17219460125006408,0.05681664155835445,0.2797560794617162
-1.9119623894068205,20.48414498421721,0.1724548820830468,0.0576096661094307,0.2813534561308845
-1.9119623894068205,20.834744019028037,0.17271764780760068,0.057295393455292457,0.2814302051669745
-1.9119623894068205,21.185343053838867,0.17298308331032816,0.05660852014939893,0.27800982187589496
-1.9119623894068205,21.535942088649698,0.1732513332555056,0.05609801202906054,0.27853163729786395
-1.9119623894068205,21.886541123460525,0.17352249398309674,0.06006239474968818,0.284571881032802
-1.9119623894068205,22.23714015827135,0.17379661194752677,0.05639534568784694,0.28172265965361815
-1.9119623894068205,22.587739193082182,0.17407368817407412,0.05632328124587991,0.28113223280379357
-1.9119623894068205,22.93833822789301,0.1743536871716088,0.06738736422619351,0.2926170696656819
-1.9119623894068205,23.288937262703836,0.17463654815024188,0.0677703017896517,0.29319043723486815
-1.9119623894068205,23.639536297514667,0.17492219639719261,0.07198599954332144,0.2969898003206403
-1.9119623894068205,23.990135332325494,0.17521055317113332,0.07180772182994695,0.2971069642180767
-1.9119623894068205,24.34073436713632,0.1755015432168139,0.07060263142580762,0.29742208345669047
-1.9119623894068205,24.691333401947148,0.17579509970142515,0.07142175260351138,0.2988043845899737
-1.9119623894068205,25.04193243675798,0.1760911668641386,0.06954502463891893,0.29730466498944563
-1.9119623894068205,25.392531471568805,0.17638970091035938,0.07722060359679676,0.3051606731745572
-1.9119623894068205,25.743130506379632,0.1766906697181469,0.0771455836452467,0.30642343948250605
-1.9119623894068205,26.093729541190463,0.176994051835838,0.07090346722185983,0.3003345626586052
-1.9119623894068205,26.444328576001293,0.17729983511411884,0.07060104883360284,0.2991768111974232
-1.9119623894068205,26.79492761081212,0.17760801518792407,0.07572362531606726,0.30680224637603615
-1.9119623894068205,27.145526645622947,0.1779185939319464,0.07721305187373312,0.3083050804037659
-1.9119623894068205,27.496125680433778,0.1782315779624886,0.06994148573767377,0.30174473290648063
-1.9119623894068205,27.846724715244605,0.1785469772358956,0.07189222674042275,0.30589089968121924
-1.9119623894068205,28.197323750055432,0.1788648037820022,0.06164891108594112,0.29645132924371864
-1.9119623894068205,28.54792278486626,0.17918507059641614,0.06857441118176663,0.30332719819164355
-1.9119623894068205,28.89852181967709,0.17950779069509032,0.07655464440685744,0.31194061634790754
-1.9119623894068205,29.249120854487916,0.17983297631530568,0.07745027946971836,0.31259752972751725
-1.9119623894068205,29.599719889298743,0.18016063823850326,0.0781844083478062,0.3143591649716042
-1.9119623894068205,29.950318924109574,0.1804907852167831,0.07862648735778008,0.3157831170009001
-1.9119623894068205,30.3009179589204,0.18082342350213337,0.07909640557840532,0.3169976843590731
-1.9119623894068205,30.651516993731228,0.18115855649549842,0.07959329162869087,0.31900770335794837
-1.9119623894068205,31.002116028542055,0.18149618454172864,0.0800146179194973,0.3204768176388989
-1.9119623894068205,31.352715063352885,0.18183630489142608,0.08017339755085097,0.32082766944830815
-1.9119623894068205,31.703314098163716,0.18217891183318707,0.08081559148198635,0.32212993233510623
-1.9119623894068205,32.05391313297454,0.1825239969757863,0.08048892592409364,0.32221746846986427
-1.9119623894068205,32.40451216778537,0.1828715496370649,0.08064580663580338,0.3227690584979556
-1.9119623894068205,32.7551112025962,0.1832215572813656,0.05285293064932463,0.2949736659734136
-1.9119623894068205,33.105710237407024,0.1835740059446844,0.053175680544551795,0.29437267674652023
-1.9119623894068205,33.45630927221785,0.18392888059754248,0.053502308982931214,0.29379512487721926
-1.9119623894068205,33.806908307028685,0.18428616541748125,0.0534666991870352,0.29448590304013517
-1.9119623894068205,34.15750734183951,0.1846458439693671,0.05334343122597997,0.29523575632212934
-1.9119623894068205,34.50810637665034,0.18500789931221792,0.053231333002232255,0.2959730497603214
-1.9119623894068205,34.858705411461166,0.18537231405556426,0.053130197921193896,0.2966969977525337
-1.9119623894068205,35.20930444627199,0.1857390703710123,0.05303980647998934,0.2976437395298348
-1.8536260193073488,0.5,0.16009169702326953,0.04869936585458136,0.26638528203152034
-1.8536260193073488,0.8505990348108282,0.16021332194119062,0.05126720026843894,0.269293524369848
-1.8536260193073488,1.2011980696216566,0.16033926395229942,0.0541624888909754,0.271812232147566
-1.8536260193073488,1.5517971044324848,0.16046952911964255,0.05768200314341105,0.2742481842442915
-1.8536260193073488,1.9023961392433129,0.1606041277882787,0.05395488280440768,0.27027897814060164
-1.8536260193073488,2.2529951740541407,0.1607430742366419,0.055767634296041674,0.2715701723182435
-1.8536260193073488,2.6035942088649695,0.1608863849732662,0.05644696790042051,0.2712947067892838
-1.8536260193073488,2.954193243675798,0.16103407579033252,0.05859938586117173,0.27234856097395105
-1.8536260193073488,3.3047922784866257,0.16118615791978247,0.05861161170980485,0.2724638012430554
-1.8536260193073488,3.655391313297454,0.16134263384908568,0.05851332803002294,0.272197627892349
-1.8536260193073488,4.005990348108282,0.1615034934239694,0.05860998872775206,0.2721018412344106
-1.8536260193073488,4.35658938291911,0.1616687107401652,0.05968758035817297,0.27297179017051676
-1.8536260193073488,4.707188417729939,0.16183824207255976,0.05982241830114531,0.27286957921634225
-1.8536260193073488,5.057787452540768,0.16201202485225533,0.05859306917758286,0.27210645561456137
-1.8536260193073488,5.408386487351596,0.16218997759094841,0.06012092898180016,0.2738956249638237
-1.8536260193073488,5.758985522162424,0.1623720006697652,0.06013237757060761,0.2733240117869974
-1.8536260193073488,6.109584556973252,0.16255797796309485,0.05733782601216815,0.2709206533462446
-1.8536260193073488,6.46018359178408,0.16274777924515796,0.05736705796863187,0.27060826402765514
-1.8536260193073488,6.810782626594908,0.16294126317769705,0.06234911598144884,0.27566268690578466
-1.8536260193073488,7.161381661405737,0.16313828045360176,0.058508234193670135,0.2716808522816439
-1.8536260193073488,7.511980696216565,0.16333867651097594,0.05746398641989265,0.27037521492024785
-1.8536260193073488,7.8625797310273935,0.1635422932840715,0.0574994524021136,0.2709573610151532
-1.8536260193073488,8.213178765838222,0.16374896978295372,0.05813771484887244,0.27212859464400213
-1.8536260193073488,8.56377780064905,0.1639585417999732,0.05207538120464032,0.26600684561864174
-1.8536260193073488,8.914376835459878,0.16417084150304312,0.0520513790280811,0.2659772226801063
-1.8536260193073488,9.264975870270705,0.16438569785109705,0.0518694646980177,0.26632405441452073
-1.8536260193073488,9.615574905081534,0.164602938538908,0.05187243235882073,0.266418398516483
-1.8536260193073488,9.96617393989236,0.1648223936287275,0.06105802091680607,0.2761721525805094
-1.8536260193073488,10.316772974703191,0.16504390039264538,0.06336401990126779,0.2778441718111986
-1.8536260193073488,10.667372009514018,0.1652673084411859,0.06367809635322458,0.27806372051770883
-1.8536260193073488,11.017971044324847,0.16549248412722858,0.06395567257923915,0.2782958110785093
-1.8536260193073488,11.368570079135674,0.1657193135086938,0.06403006367738862,0.27875394983803686
-1.8536260193073488,11.719169113946503,0.16594770368880946,0.06410411299742769,0.2787350911713225
-1.8536260193073488,12.069768148757332,0.16617758288306891,0.06417782389822596,0.27896434349696203
-1.8536260193073488,12.420367183568159,0.16640889983408544,0.06425120046385004,0.27920681331380337
-1.8536260193073488,12.77096621837899,0.1666416230756686,0.06432424752625777,0.2798875289778866
-1.8536260193073488,13.121565253189816,0.16687574011139666,0.06439697068600421,0.2808904883030027
-1.8536260193073488,13.472164288000645,0.16711125608644525,0.06649082800290722,0.2838130889863062
-1.8536260193073488,13.822763322811472,0.16734819130840176,0.06982369833038944,0.287421341806419
-1.8536260193073488,14.1733623576223,0.16758657718896625,0.06748818986104184,0.28534632030124163
-1.8536260193073488,14.523961392433128,0.16782645075596248,0.06975557064559187,0.2881974397646849
-1.8536260193073488,14.874560427243956,0.16806784852735887,0.05062460959594761,0.2690995305850361
-1.8536260193073488,15.225159462054787,0.16831080090688758,0.050545165501311266,0.2687312193269025
-1.8536260193073488,15.575758496865614,0.1685553281828223,0.05095392635404348,0.26954986421395727
-1.8536260193073488,15.926357531676443,0.16880143878048895,0.0696461356461434,0.288688796692819
-1.8536260193073488,16.276956566487268,0.16904912990754217,0.07288077683243083,0.2914833365082562
-1.8536260193073488,16.6275556012981,0.16929839039952932,0.07344100811489476,0.2920685826995247
-1.8536260193073488,16.978154636108926,0.16954920551638758,0.07147552846304597,0.2901290320357264
-1.8536260193073488,17.328753670919756,0.16980156355077292,0.07142424370085636,0.28984075643137175
-1.8536260193073488,17.679352705730587,0.17005546414526562,0.07264668752766705,0.29121216116666837
-1.8536260193073488,18.029951740541414,0.1703109279325658,0.07324322164916042,0.29225748158048404
-1.8536260193073488,18.38055077535224,0.1705680064234157,0.07497411680983282,0.29565491158947493
-1.8536260193073488,18.73114981016307,0.1708267901815329,0.07527024088823571,0.29665117715237566
-1.8536260193073488,19.081748844973898,0.17108741275384678,0.07443893170022467,0.2965926102923128
-1.8536260193073488,19.432347879784725,0.1713500481294227,0.07474619013877115,0.29547432326131573
-1.8536260193073488,19.782946914595552,0.17161490086545508,0.05686229391015192,0.27778063793714103
-1.8536260193073488,20.133545949406383,0.17188218998512875,0.056796942180711324,0.27791174711710126
-1.8536260193073488,20.48414498421721,0.17215212945587102,0.06704706943487726,0.2883346709560608
-1.8536260193073488,20.834744019028037,0.1724249088289752,0.06702430994594842,0.2877784177997207
-1.8536260193073488,21.185343053838867,0.17270067737448533,0.056596811154727894,0.2768251908873526
-1.8536260193073488,21.535942088649698,0.17297953410274794,0.05985437159541358,0.28102289180314344
-1.8536260193073488,21.886541123460525,0.1732615247735294,0.06640998840123603,0.28834170359198125
-1.8536260193073488,22.23714015827135,0.1735466456003957,0.06642079707558972,0.2891622898066202
-1.8536260193073488,22.587739193082182,0.17383485212865676,0.06523567107631374,0.28744233736023866
-1.8536260193073488,22.93833822789301,0.17412607101141528,0.06843504077767837,0.29093784185303595
-1.8536260193073488,23.288937262703836,0.17442021231578342,0.07034065191983527,0.29344322366127285
-1.8536260193073488,23.639536297514667,0.1747171804802338,0.07024281895517774,0.2937806547765568
-1.8536260193073488,23.990135332325494,0.17501688282959219,0.07014316139435876,0.29422252356427964
-1.8536260193073488,24.34073436713632,0.17531923532708704,0.06981496431586356,0.29429283598366324
-1.8536260193073488,24.691333401947148,0.17562416580613222,0.07024437866458229,0.2951655840451057
-1.8536260193073488,25.04193243675798,0.175931615221926,0.07071094082370306,0.2967288683724221
-1.8536260193073488,25.392531471568805,0.17624153753604985,0.07110306132146199,0.2990630484675086
-1.8536260193073488,25.743130506379632,0.1765538987774828,0.07095513025956424,0.29921724311467274
-1.8536260193073488,26.093729541190463,0.17686867569017004,0.07864147429757928,0.30785221961906084
-1.8536260193073488,26.444328576001293,0.17718585423739686,0.07612273136239849,0.30637913194930416
-1.8536260193073488,26.79492761081212,0.1775054281172373,0.07837973918623073,0.30944309016229626
-1.8536260193073488,27.145526645622947,0.17782739736066347,0.06931796199718612,0.3003258814493691
-1.8536260193073488,27.496125680433778,0.17815176703150812,0.06914480482048721,0.3010913457609684
-1.8536260193073488,27.846724715244605,0.17847854601815186,0.073356843542447,0.3064844374039659
-1.8536260193073488,28.197323750055432,0.1788077458945426,0.07350488652644765,0.3076813343157515
-1.8536260193073488,28.54792278486626,0.17913937982966605,0.06772387722416075,0.3027028893897845
-1.8536260193073488,28.89852181967709,0.1794734615375632,0.06884978606340063,0.3043653131919667
-1.8536260193073488,29.249120854487916,0.17981000428027547,0.0771612446286681,0.31323034483199275
-1.8536260193073488,29.599719889298743,0.18014901995668467,0.07808864894291888,0.3145529421461507
-1.8536260193073488,29.950318924109574,0.1804905183231656,0.0790300985430879,0.31586124046498165
-1.8536260193073488,30.3009179589204,0.18083450639172702,0.07998572262877404,0.31715526571646113
-1.8536260193073488,30.651516993731228,0.18118098803685204,0.08095558959999058,0.31843504807171136
-1.8536260193073488,31.002116028542055,0.18152996381690628,0.08170311881944224,0.3199421557250502
-1.8536260193073488,31.352715063352885,0.18188143098591777,0.08118280820263618,0.32064832988829717
-1.8536260193073488,31.703314098163716,0.1822353836440599,0.0560255504033606,0.2966730646849417
-1.8536260193073488,32.05391313297454,0.18259181295756508,0.05579842598778128,0.2972488438279007
-1.8536260193073488,32.40451216778537,0.18295070737696983,0.08043057630346324,0.3225273567843209
-1.8536260193073488,32.7551112025962,0.18331205279928356,0.053351335281975866,0.2948305082131285
-1.8536260193073488,33.105710237407024,0.18367583265243753,0.05368228863043876,0.2942694626701125
-1.8536260193073488,33.45630927221785,0.1840420279204814,0.05398423946670155,0.2937316299396602
-1.8536260193073488,33.806908307028685,0.18441061716172677,0.05390705467386867,0.2945141195901713
-1.8536260193073488,34.15750734183951,0.1847815765848771,0.05383003491004583,0.2957476945991851
-1.8536260193073488,34.50810637665034,0.18515488023096738,0.053753205898904664,0.29699316272377224
-1.8536260193073488,34.858705411461166,0.18553050026314463,0.05367659273923525,0.29825115353831094
-1.8536260193073488,35.20930444627199,0.1859084073056374,0.05437151801406121,0.2997623759440828
-1.7952896492078771,0.5,0.15962572219861457,0.04984232348592854,0.26588988511775596
-1.7952896492078771,0.8505990348108282,0.15974717656421256,0.057880553171843166,0.2740713398518638
-1.7952896492078771,1.2011980696216566,0.1598728082659937,0.05826916860410555,0.2740720821031484
-1.7952896492078771,1.5517971044324848,0.1600026312552701,0.05513961197090303,0.2705505068259127
-1.7952896492078771,1.9023961392433129,0.16013666764162185,0.05899167033649307,0.2740133758201551
-1.7952896492078771,2.2529951740541407,0.16027494690071606,0.056476072101111253,0.27140954632184605
-1.7952896492078771,2.6035942088649695,0.16041750376587058,0.056883459359824674,0.27087937846396665
-1.7952896492078771,2.954193243675798,0.16056437491184017,0.056624009732697544,0.27041703064227046
-1.7952896492078771,3.3047922784866257,0.16071559473509406,0.05657928280570264,0.26919557212461703
-1.7952896492078771,3.655391313297454,0.1608711907173568,0.05692028242945127,0.2693351787092867
-1.7952896492078771,4.005990348108282,0.16103117892747,0.056934381587394486,0.2687627710212249
-1.7952896492078771,4.35658938291911,0.16119556013258757,0.05694953929242734,0.2700050676060865
-1.7952896492078771,4.707188417729939,0.1613643168215983,0.055142216418250414,0.26848216316523904
-1.7952896492078771,5.057787452540768,0.16153741130535945,0.06001419734906494,0.272558486727019
-1.7952896492078771,5.408386487351596,0.16171478500333478,0.060511648369654066,0.2723447563594403
-1.7952896492078771,5.758985522162424,0.16189635900423188,0.06014618582405857,0.2719067735954349
-1.7952896492078771,6.109584556973252,0.16208203589928255,0.060310515110531364,0.2715266384829365
-1.7952896492078771,6.46018359178408,0.16227170267561317,0.06001273883558011,0.27156329326328743
-1.7952896492078771,6.810782626594908,0.16246523417140513,0.06067935112344422,0.272172544233987
-1.7952896492078771,7.161381661405737,0.16266249637240815,0.05942596474750873,0.27038475499748316
-1.7952896492078771,7.511980696216565,0.16286334882766856,0.05853715431493126,0.26960520915211256
-1.7952896492078771,7.8625797310273935,0.16306764576242075,0.05945357820328278,0.27057884034447033
-1.7952896492078771,8.213178765838222,0.16327523600366348,0.06039371553557283,0.2708670375209851
-1.7952896492078771,8.56377780064905,0.16348596239793428,0.06135748190971981,0.271155279012355
-1.7952896492078771,8.914376835459878,0.16369966172299522,0.06205507227031046,0.27173307750310344
-1.7952896492078771,9.264975870270705,0.16391616599581166,0.06193048847615741,0.2723286879768064
-1.7952896492078771,9.615574905081534,0.16413530557883602,0.06177034081108988,0.27293180952817286
-1.7952896492078771,9.96617393989236,0.16435691380339806,0.06076904677818643,0.2726718206317976
-1.7952896492078771,10.316772974703191,0.1645808322633248,0.06306115850784123,0.2741582534099362
-1.7952896492078771,10.667372009514018,0.16480691571773723,0.0643646557131023,0.2753537774987469
-1.7952896492078771,11.017971044324847,0.1650350357490325,0.06444340021778618,0.27548623228662183
-1.7952896492078771,11.368570079135674,0.16526508283802938,0.06452184136472722,0.27604214830405893
-1.7952896492078771,11.719169113946503,0.1654969670975529,0.06459998498256764,0.27668104155422546
-1.7952896492078771,12.069768148757332,0.16573061826905888,0.06495916329229283,0.2773963398366671
-1.7952896492078771,12.420367183568159,0.16596598555273723,0.06639512774911296,0.2785631620374494
-1.7952896492078771,12.77096621837899,0.1662030374359882,0.06684572435233853,0.2786901307724369
-1.7952896492078771,13.121565253189816,0.16644176115165132,0.06711594563535253,0.2792945443598551
-1.7952896492078771,13.472164288000645,0.16668216107217784,0.06709720505216335,0.2799646613705568
-1.7952896492078771,13.822763322811472,0.16692425546062267,0.06704759964249286,0.2806428793669591
-1.7952896492078771,14.1733623576223,0.16716807153249416,0.06695459987269937,0.28094829786868264
-1.7952896492078771,14.523961392433128,0.1674136394625707,0.06798444499733489,0.28202744937054935
-1.7952896492078771,14.874560427243956,0.16766098644080243,0.06898098072271651,0.2829485513726288
-1.7952896492078771,15.225159462054787,0.16791013192379575,0.0670525742635527,0.2819696014955474
-1.7952896492078771,15.575758496865614,0.1681610848897469,0.06705598105734065,0.2825508038746558
-1.7952896492078771,15.926357531676443,0.16841384343088084,0.07213936489320635,0.28817666192500224
-1.7952896492078771,16.276956566487268,0.16866839666528505,0.07164114045565478,0.28755524133705956
-1.7952896492078771,16.6275556012981,0.1689247288288401,0.07366522389997006,0.28943446141953627
-1.7952896492078771,16.978154636108926,0.16918282544165805,0.0742807525918937,0.29013686739176286
-1.7952896492078771,17.328753670919756,0.16944268143251345,0.07234000772582656,0.2881110152386549
-1.7952896492078771,17.679352705730587,0.1697043108326618,0.0729099469435489,0.2889519631300305
-1.7952896492078771,18.029951740541414,0.1699677570135305,0.07322713076765376,0.29032295805940556
-1.7952896492078771,18.38055077535224,0.17023310158421123,0.07553846978946525,0.2939246481787226
-1.7952896492078771,18.73114981016307,0.1705004694216601,0.07539841264091592,0.29491394521588443
-1.7952896492078771,19.081748844973898,0.17077002743474098,0.07418069068754243,0.29287791392727774
-1.7952896492078771,19.432347879784725,0.1710419758416749,0.07046049369616178,0.2891331260365534
-1.7952896492078771,19.782946914595552,0.17131653264808536,0.06634018932453838,0.2851828688392959
-1.7952896492078771,20.133545949406383,0.171593913852842,0.06641499513821277,0.28432855696252274
-1.7952896492078771,20.48414498421721,0.1718743129528378,0.0662536423760131,0.28495969192341125
-1.7952896492078771,20.834744019028037,0.17215788334417623,0.058346731511895226,0.2777218934209618
-1.7952896492078771,21.185343053838867,0.17244472644113065,0.05661577204099586,0.2758966068013331
-1.7952896492078771,21.535942088649698,0.1727348870637073,0.0597085945996774,0.2788323389442649
-1.7952896492078771,21.886541123460525,0.17302835614107157,0.059543026247112954,0.27792076306787716
-1.7952896492078771,22.23714015827135,0.17332507935682612,0.059620669862024384,0.27891312472648855
-1.7952896492078771,22.587739193082182,0.17362496940397898,0.055740881598170894,0.27610530499820124
-1.7952896492078771,22.93833822789301,0.1739279192750006,0.05627993543743178,0.2774717529116378
-1.7952896492078771,23.288937262703836,0.17423381444079675,0.056210834324754745,0.27819204811328035
-1.7952896492078771,23.639536297514667,0.17454254257925708,0.0719237407596514,0.2946690027672298
-1.7952896492078771,23.990135332325494,0.17485400035641935,0.07069647294025655,0.29391726549753644
-1.7952896492078771,24.34073436713632,0.17516809740973174,0.07045946412709111,0.29464487035844
-1.7952896492078771,24.691333401947148,0.17548475805515318,0.07136191550802178,0.2964956617297496
-1.7952896492078771,25.04193243675798,0.17580392136944797,0.07118973023306419,0.29713038360767957
-1.7952896492078771,25.392531471568805,0.17612554026415123,0.07156058203123357,0.29863706591063466
-1.7952896492078771,25.743130506379632,0.1764495800474188,0.048205377003816656,0.2766001163793145
-1.7952896492078771,26.093729541190463,0.1767760168233022,0.04807823408503653,0.27731479015871807
-1.7952896492078771,26.444328576001293,0.1771048359399518,0.0794746833871247,0.30886171987631367
-1.7952896492078771,26.79492761081212,0.17743603058500018,0.06188033322622077,0.29264268996296017
-1.7952896492078771,27.145526645622947,0.17776960054259686,0.06199096648104186,0.29323061174497295
-1.7952896492078771,27.496125680433778,0.1781055510722115,0.05909060352919732,0.2906701790844961
-1.7952896492078771,27.846724715244605,0.17844389184356366,0.06040714592106219,0.29333852559175566
-1.7952896492078771,28.197323750055432,0.17878463586379895,0.06100315199207207,0.2941182172480029
-1.7952896492078771,28.54792278486626,0.17912779835845366,0.06990482684107588,0.30427805565781546
-1.7952896492078771,28.89852181967709,0.1794733956074143,0.07613591779496147,0.3108183606493205
-1.7952896492078771,29.249120854487916,0.17982144377656284,0.07707481148742927,0.31194606629136845
-1.7952896492078771,29.599719889298743,0.18017195781054393,0.08102446272671687,0.31577855907958907
-1.7952896492078771,29.950318924109574,0.18052495045378025,0.08146020044387625,0.31615957472760364
-1.7952896492078771,30.3009179589204,0.18088043144678453,0.08167477542155961,0.31651785751663475
-1.7952896492078771,30.651516993731228,0.18123840691230247,0.0818936614140812,0.31685191136519786
-1.7952896492078771,31.002116028542055,0.1815988789135352,0.08200830547401487,0.31716003611872307
-1.7952896492078771,31.352715063352885,0.18196184514573882,0.08211380911298662,0.3181300312198151
-1.7952896492078771,31.703314098163716,0.18232729871920114,0.08214060881330723,0.31956853151822084
-1.7952896492078771,32.05391313297454,0.1826952280061499,0.08144082966373184,0.3205016603344622
-1.7952896492078771,32.40451216778537,0.18306561655067136,0.05732168318258552,0.29779333557852516
-1.7952896492078771,32.7551112025962,0.18343844306893875,0.053851813470166494,0.29476036249712545
-1.7952896492078771,33.105710237407024,0.18381368158540703,0.05412449870203026,0.2942400854009961
-1.7952896492078771,33.45630927221785,0.1841913017501319,0.05404901495906785,0.29503807516943814
-1.7952896492078771,33.806908307028685,0.18457126935962398,0.05397380719678662,0.29628355255703553
-1.7952896492078771,34.15750734183951,0.18495354706189093,0.05389890853523193,0.29754139522234174
-1.7952896492078771,34.50810637665034,0.1853380951746605,0.05546324852848891,0.29971779318539704
-1.7952896492078771,34.858705411461166,0.18572487249743033,0.0557572433671207,0.3000966106488506
-1.7952896492078771,35.20930444627199,0.18611383696805975,0.04498697428665049,0.2884132153343256
-1.736953279108405,0.5,0.15917208930848012,0.04955506809713955,0.2635988223090989
-1.736953279108405,0.8505990348108282,0.15929331447976605,0.049557686623712065,0.2635265776792184
-1.736953279108405,1.2011980696216566,0.159418595349715,0.049465206364003526,0.26460877857988174
-1.736953279108405,1.5517971044324848,0.15954795577907335,0.05596800911175379,0.27049753234811363
-1.736953279108405,1.9023961392433129,0.15968143050330702,0.0552278239394206,0.2691028083886063
-1.736953279108405,2.2529951740541407,0.15981906403129437,0.059101336720633564,0.27287885765535536
-1.736953279108405,2.6035942088649695,0.15996090819272707,0.058478943859475316,0.2718955896254893
-1.736953279108405,2.954193243675798,0.16010701837911712,0.0592110802238636,0.27213847763217036
-1.736953279108405,3.3047922784866257,0.16025744874048625,0.055415313737454584,0.2675087080080629
-1.736953279108405,3.655391313297454,0.16041224683716912,0.05601223310518535,0.2669251873403666
-1.736953279108405,4.005990348108282,0.16057144839143783,0.05672563198536393,0.26685075725690566
-1.736953279108405,4.35658938291911,0.16073507277102916,0.05609252419920682,0.2667042242516657
-1.736953279108405,4.707188417729939,0.1609031196967578,0.05614422780292623,0.2671693851826666
-1.736953279108405,5.057787452540768,0.16107556748119886,0.05417267396236099,0.2652047657406184
-1.736953279108405,5.408386487351596,0.16125237292348774,0.05577875807293594,0.2667046583191484
-1.736953279108405,5.758985522162424,0.16143347279109846,0.056789112617411,0.2675984612664867
-1.736953279108405,6.109584556973252,0.16161878657940698,0.058466232820960966,0.2688430920903416
-1.736953279108405,6.46018359178408,0.16180821997029596,0.0604025132952707,0.2699184961082186
-1.736953279108405,6.810782626594908,0.16200166820519965,0.06019135405671234,0.269561788505114
-1.736953279108405,7.161381661405737,0.16219901857843144,0.061186613041011056,0.26999250273651465
-1.736953279108405,7.511980696216565,0.1624001515342109,0.06139209105586725,0.270410649529907
-1.736953279108405,7.8625797310273935,0.16260494038468964,0.0612064282715972,0.27048432937186595
-1.736953279108405,8.213178765838222,0.16281325027662705,0.06143920419761853,0.27074944091053105
-1.736953279108405,8.56377780064905,0.1630249374526231,0.06121505790890396,0.27015419285336206
-1.736953279108405,8.914376835459878,0.16323984985734058,0.06194440931008832,0.2707172180519841
-1.736953279108405,9.264975870270705,0.16345782969078987,0.06250401339754304,0.27141625348467124
-1.736953279108405,9.615574905081534,0.16367871779233945,0.05646826144063988,0.2649411589915951
-1.736953279108405,9.96617393989236,0.16390235906456335,0.0557058075312151,0.2646374618635218
-1.736953279108405,10.316772974703191,0.16412860780036118,0.05651016295956962,0.2656740600175873
-1.736953279108405,10.667372009514018,0.1643573318871486,0.05706516921099784,0.2667005448010892
-1.736953279108405,11.017971044324847,0.16458841535557572,0.05679881664626851,0.2664633059590993
-1.736953279108405,11.368570079135674,0.16482175938307864,0.06415093749601837,0.2740129087328505
-1.736953279108405,11.719169113946503,0.1650572823531882,0.06452450379138798,0.2740081572832621
-1.736953279108405,12.069768148757332,0.16529491967253843,0.06491323212863216,0.273991274616929
-1.736953279108405,12.420367183568159,0.1655346237148463,0.06527550590725678,0.27396190733337594
-1.736953279108405,12.77096621837899,0.16577636369341833,0.06535740520775973,0.27449114827454063
-1.736953279108405,13.121565253189816,0.1660201248107362,0.06543912572228425,0.2759788443792995
-1.736953279108405,13.472164288000645,0.16626590599397612,0.065520680587525,0.27615328152174173
-1.736953279108405,13.822763322811472,0.16651371595663303,0.06811963895732073,0.27930608064006757
-1.736953279108405,14.1733623576223,0.16676356800074546,0.06757347149047724,0.2776766286393381
-1.736953279108405,14.523961392433128,0.1670154745221465,0.0678384179542829,0.27878783724534784
-1.736953279108405,14.874560427243956,0.16726944233431162,0.06689317187328062,0.27907134948525464
-1.736953279108405,15.225159462054787,0.16752546968054824,0.06592647449227473,0.2787804366171871
-1.736953279108405,15.575758496865614,0.1677835453818611,0.06570468619561186,0.27878754797981686
-1.736953279108405,15.926357531676443,0.1680436502281082,0.0651409017768655,0.2788009666544243
-1.736953279108405,16.276956566487268,0.16830576058277996,0.0646015640374796,0.27886899684642885
-1.736953279108405,16.6275556012981,0.16856985417021042,0.07354251212027625,0.2874430461994674
-1.736953279108405,16.978154636108926,0.1688359179635126,0.0742322893715972,0.28757313564882214
-1.736953279108405,17.328753670919756,0.16910395779886203,0.07462134001905094,0.2884493902726987
-1.736953279108405,17.679352705730587,0.16937400871713185,0.07329608430975874,0.2878286566928152
-1.736953279108405,18.029951740541414,0.1696461441984727,0.05719339020253565,0.2719454735530121
-1.736953279108405,18.38055077535224,0.16992048179222582,0.07306550120646048,0.28885509002344884
-1.736953279108405,18.73114981016307,0.17019718267361375,0.07292829612089338,0.2897144274240306
-1.736953279108405,19.081748844973898,0.17047644369499618,0.07277561455706011,0.28915371119294886
-1.736953279108405,19.432347879784725,0.17075848231681084,0.05602504363805637,0.27164247114519047
-1.736953279108405,19.782946914595552,0.17104351667909382,0.056580853099621735,0.27168917374976426
-1.736953279108405,20.133545949406383,0.17133174427449835,0.05684190613359015,0.2719521671281123
-1.736953279108405,20.48414498421721,0.17162332291970467,0.05678023539820737,0.27222795802375954
-1.736953279108405,20.834744019028037,0.17191835713423287,0.058335087490943106,0.2729701936402203
-1.736953279108405,21.185343053838867,0.1722168918719145,0.05765561011503356,0.273339684084042
-1.736953279108405,21.535942088649698,0.17251891403073022,0.058361841179177296,0.2744653984090712
-1.736953279108405,21.886541123460525,0.17282436060542386,0.05878668575593363,0.2764627630552649
-1.736953279108405,22.23714015827135,0.17313313118206106,0.05717868707893112,0.27499946039115275
-1.736953279108405,22.587739193082182,0.17344510204681463,0.056393183902480035,0.27568142511795146
-1.736953279108405,22.93833822789301,0.17376013951375793,0.058867128113209134,0.27946921051916707
-1.736953279108405,23.288937262703836,0.17407811088433528,0.07136776996231538,0.2926662412695514
-1.736953279108405,23.639536297514667,0.17439889235583944,0.07178165280892568,0.29317254345034194
-1.736953279108405,23.990135332325494,0.17472237392178147,0.07167740405654935,0.2940251752939126
-1.736953279108405,24.34073436713632,0.1750484617464516,0.07148226889858358,0.29487711304208375
-1.736953279108405,24.691333401947148,0.17537707867113667,0.07640886710732463,0.30061571232286033
-1.736953279108405,25.04193243675798,0.17570816350039178,0.06308054137227062,0.2886135980685384
-1.736953279108405,25.392531471568805,0.17604166960847487,0.06303149568774194,0.2899251731943909
-1.736953279108405,25.743130506379632,0.1763775632635342,0.07965529295647272,0.3065079182913752
-1.736953279108405,26.093729541190463,0.17671582192985336,0.08011927480044183,0.30870201599007224
-1.736953279108405,26.444328576001293,0.1770564326939863,0.07542570967611967,0.3049476716070114
-1.736953279108405,26.79492761081212,0.17739939087183718,0.057721067942190604,0.28799290204327904
-1.736953279108405,27.145526645622947,0.17774469878724306,0.059466214889262424,0.2891108768038259
-1.736953279108405,27.496125680433778,0.1780923646661779,0.05922647556526508,0.2908019554798874
-1.736953279108405,27.846724715244605,0.1784424015664192,0.06369674362135481,0.2959640203130526
-1.736953279108405,28.197323750055432,0.1787948262640051,0.08042382034871126,0.3128477509367807
-1.736953279108405,28.54792278486626,0.1791496580439587,0.08098768661115763,0.31328160529113047
-1.736953279108405,28.89852181967709,0.17950691738404423,0.08130499005440951,0.3136939560668952
-1.736953279108405,29.249120854487916,0.1798666245614941,0.08126187284266642,0.314084427915081
-1.736953279108405,29.599719889298743,0.18022879824011906,0.08122392598696156,0.31445253645204924
-1.736953279108405,29.950318924109574,0.18059345410374833,0.08119152112632652,0.31495408770583094
-1.736953279108405,30.3009179589204,0.1809606035960226,0.0811650299686446,0.31595747355825576
-1.736953279108405,30.651516993731228,0.1813302528160699,0.08114482471504422,0.3154158264145912
-1.736953279108405,31.002116028542055,0.1817024016130345,0.08087623393313298,0.3156868404765251
-1.736953279108405,31.352715063352885,0.18207704292182378,0.08190122670847685,0.3179924061251181
-1.736953279108405,31.703314098163716,0.1824541623828698,0.08227623765161045,0.31961036165586965
-1.736953279108405,32.05391313297454,0.18283373828232447,0.05367361395008386,0.29206530612824816
-1.736953279108405,32.40451216778537,0.18321574183071607,0.05898956498215861,0.2985776672034583
-1.736953279108405,32.7551112025962,0.1836001377684855,0.05875702389597301,0.29891558217866526
-1.736953279108405,33.105710237407024,0.18398688525189952,0.05852207702996262,0.29925179606196356
-1.736953279108405,33.45630927221785,0.18437593893986842,0.058284841659472356,0.30041013946255407
-1.736953279108405,33.806908307028685,0.18476725017639684,0.05406800762474162,0.2980376336984656
-1.736953279108405,34.15750734183951,0.18516076814733332,0.05561152066036487,0.30025117502770937
-1.736953279108405,34.50810637665034,0.18555644088559484,0.05589825530984923,0.30061714880811147
-1.736953279108405,34.858705411461166,0.18595421600933856,0.044570467550272726,0.28933247851541355
-1.736953279108405,35.20930444627199,0.18635404110719977,0.044772266828646407,0.2895410249291469
-1.6786169090089338,0.5,0.15872874658557048,0.05254509855969847,0.26622647868907234
-1.6786169090089338,0.8505990348108282,0.15884978884451117,0.05278574438995095,0.26584722328231436
-1.6786169090089338,1.2011980696216566,0.15897478748661706,0.05302232616448314,0.2666441979006062
-1.6786169090089338,1.5517971044324848,0.15910377640406861,0.05574679152832973,0.26883746198019276
-1.6786169090089338,1.9023961392433129,0.15923680184889255,0.05653940750124372,0.26825876935262083
-1.6786169090089338,2.2529951740541407,0.15937392083776386,0.056857478733532,0.26907019313400776
-1.6786169090089338,2.6035942088649695,0.15951519805812314,0.05539038580250305,0.26847994549789633
-1.6786169090089338,2.954193243675798,0.15966070142425276,0.05294571546727734,0.26580940948896525
-1.6786169090089338,3.3047922784866257,0.15981049673567205,0.054314237561288475,0.26625896475820565
-1.6786169090089338,3.655391313297454,0.1599646421367392,0.05496509408298815,0.26571544205344566
-1.6786169090089338,4.005990348108282,0.1601231831421053,0.05537766621433875,0.26483114272123137
-1.6786169090089338,4.35658938291911,0.1602861488469795,0.056234532665557814,0.2645857649864436
-1.6786169090089338,4.707188417729939,0.16045354967342493,0.056933873954461034,0.264299806169387
-1.6786169090089338,5.057787452540768,0.16062537673853655,0.056593144952459894,0.26460485102829745
-1.6786169090089338,5.408386487351596,0.16080160272252372,0.0554353379406064,0.2636772173605508
-1.6786169090089338,5.758985522162424,0.1609821839344197,0.056614796720021746,0.26430577948306727
-1.6786169090089338,6.109584556973252,0.16116706307909412,0.05844996078800527,0.26600960476537094
-1.6786169090089338,6.46018359178408,0.16135617204851566,0.05555243624036565,0.26377252139455215
-1.6786169090089338,6.810782626594908,0.1615494339999442,0.05608761998312702,0.2639317568662892
-1.6786169090089338,7.161381661405737,0.16174676416434458,0.056673833272167594,0.2646589978746422
-1.6786169090089338,7.511980696216565,0.16194806928180033,0.06083390828085736,0.2688045322166722
-1.6786169090089338,7.8625797310273935,0.16215324616215196,0.06106049790526936,0.26815757055455186
-1.6786169090089338,8.213178765838222,0.16236218036155356,0.06130287380255702,0.268668291884873
-1.6786169090089338,8.56377780064905,0.16257474608774022,0.05830058332615993,0.2659817614134962
-1.6786169090089338,8.914376835459878,0.16279080809298954,0.05827483948434983,0.2650546714432437
-1.6786169090089338,9.264975870270705,0.16301022561455655,0.05824800489088476,0.2644529547000363
-1.6786169090089338,9.615574905081534,0.16323285768143903,0.05683857711302566,0.26228359671169243
-1.6786169090089338,9.96617393989236,0.1634585686402584,0.05716290863627474,0.26240649868880145
-1.6786169090089338,10.316772974703191,0.16368723274247676,0.05690196449800673,0.26217505765458865
-1.6786169090089338,10.667372009514018,0.1639187370614886,0.056936552608846024,0.262344591415756
-1.6786169090089338,11.017971044324847,0.16415298267425277,0.058097566435380096,0.2633098821357929
-1.6786169090089338,11.368570079135674,0.16438988464730192,0.05751965955000582,0.26361475885908603
-1.6786169090089338,11.719169113946503,0.1646293716241124,0.0566665936188505,0.2637024445565931
-1.6786169090089338,12.069768148757332,0.16487138559043937,0.06492815599447667,0.27261861056054454
-1.6786169090089338,12.420367183568159,0.16511588182487247,0.06534605887722231,0.27261848570356345
-1.6786169090089338,12.77096621837899,0.1653628284721271,0.0657276099051426,0.27290683218901474
-1.6786169090089338,13.121565253189816,0.16561220497925924,0.06623323907287523,0.27378718916810485
-1.6786169090089338,13.472164288000645,0.1658639989647544,0.06606965691493046,0.2745763231028993
-1.6786169090089338,13.822763322811472,0.16611820176929215,0.06705843938200737,0.2753292263111515
-1.6786169090089338,14.1733623576223,0.16637480356844364,0.06624328289273897,0.2751927035042255
-1.6786169090089338,14.523961392433128,0.1666337891696738,0.0661642344092855,0.2757697125796093
-1.6786169090089338,14.874560427243956,0.16689513540582893,0.057506121973220914,0.26835176086170287
-1.6786169090089338,15.225159462054787,0.16715881059281726,0.06650386185216407,0.27807707429730866
-1.6786169090089338,15.575758496865614,0.16742477614001736,0.05758091907358454,0.26941494894488915
-1.6786169090089338,15.926357531676443,0.16769299025186804,0.05753373692214305,0.2693772811449185
-1.6786169090089338,16.276956566487268,0.16796341368630613,0.05775761828113118,0.2698919512067508
-1.6786169090089338,16.6275556012981,0.16823601753855516,0.07381101601860492,0.28673937528973265
-1.6786169090089338,16.978154636108926,0.16851079277440792,0.07420768030408194,0.2865985747071121
-1.6786169090089338,17.328753670919756,0.16878776063156892,0.07461067183316447,0.2869003472205014
-1.6786169090089338,17.679352705730587,0.1690669821470995,0.07501979386857846,0.28716097005237384
-1.6786169090089338,18.029951740541414,0.1693485643296114,0.07438540957624845,0.28737942293988256
-1.6786169090089338,18.38055077535224,0.1696326604082951,0.07584197041237789,0.2892343783755184
-1.6786169090089338,18.73114981016307,0.16991946251713394,0.0749174969174861,0.289194191933852
-1.6786169090089338,19.081748844973898,0.17020918694759593,0.0748346654227253,0.2893868904073506
-1.6786169090089338,19.432347879784725,0.17050205403279758,0.07407512934585045,0.28953657318472326
-1.6786169090089338,19.782946914595552,0.17079826604598589,0.07441687732299442,0.29041636416917543
-1.6786169090089338,20.133545949406383,0.17109798686778557,0.07168535808287256,0.2884358024276809
-1.6786169090089338,20.48414498421721,0.17140132671648864,0.07346628220335036,0.2896955689040006
-1.6786169090089338,20.834744019028037,0.17170833417863768,0.07377022344476498,0.28976969534876773
-1.6786169090089338,21.185343053838867,0.1720189963034649,0.07350272666783007,0.28983331611494006
-1.6786169090089338,21.535942088649698,0.17233324590239257,0.05892676057277598,0.2742317516445097
-1.6786169090089338,21.886541123460525,0.1726509738699111,0.058749636582322524,0.275783462710532
-1.6786169090089338,22.23714015827135,0.17297204373231412,0.07189278536472485,0.2899545714552091
-1.6786169090089338,22.587739193082182,0.17329630584173245,0.0722558801233401,0.2903547959011484
-1.6786169090089338,22.93833822789301,0.1736236094134153,0.07227313651434636,0.29131951359788577
-1.6786169090089338,23.288937262703836,0.17395381154922998,0.07231616169617969,0.2924789468824146
-1.6786169090089338,23.639536297514667,0.174286783175211,0.0719783541713113,0.2931965186744594
-1.6786169090089338,23.990135332325494,0.17462241230487136,0.07402344421553107,0.2963065436074461
-1.6786169090089338,24.34073436713632,0.1749606052385077,0.07662244171126838,0.29910954743612117
-1.6786169090089338,24.691333401947148,0.17530128631393177,0.07734230971954477,0.30071071897781854
-1.6786169090089338,25.04193243675798,0.17564439673521218,0.05958858578054252,0.2851058184024613
-1.6786169090089338,25.392531471568805,0.1759898928933051,0.05964245342620005,0.28633600396615416
-1.6786169090089338,25.743130506379632,0.1763377444893035,0.06437831622626947,0.291656474654356
-1.6786169090089338,26.093729541190463,0.17668793268289346,0.07775472848373176,0.3054938064912119
-1.6786169090089338,26.444328576001293,0.17704044840772087,0.07783408279630735,0.30566504301101605
-1.6786169090089338,26.79492761081212,0.1773952909146326,0.06823948184412405,0.2963908052357393
-1.6786169090089338,27.145526645622947,0.17775246652521676,0.05993102763000264,0.28913715558337905
-1.6786169090089338,27.496125680433778,0.17811198751349858,0.08100799246818884,0.3107746980015397
-1.6786169090089338,27.846724715244605,0.17847387099777984,0.08159526297479583,0.3113860308392092
-1.6786169090089338,28.197323750055432,0.17883813772576215,0.08180873033426724,0.3121571899448342
-1.6786169090089338,28.54792278486626,0.17920481067086425,0.08177224417585717,0.3128603046348466
-1.6786169090089338,28.89852181967709,0.17957391341309017,0.07541358037918297,0.306809132275274
-1.6786169090089338,29.249120854487916,0.17994546833828887,0.07672874079155838,0.30748141070592605
-1.6786169090089338,29.599719889298743,0.18031949474288178,0.07737351332241417,0.30891943120838417
-1.6786169090089338,29.950318924109574,0.18069600696970511,0.07734402869482308,0.3104774789151392
-1.6786169090089338,30.3009179589204,0.18107501272025617,0.07966916649231334,0.3138654819259698
-1.6786169090089338,30.651516993731228,0.1814565116864378,0.08165354315449097,0.3159938715010751
-1.6786169090089338,31.002116028542055,0.18184049461978272,0.08165611330143438,0.31638261597281647
-1.6786169090089338,31.352715063352885,0.18222694291086056,0.08166698195752928,0.3167439779868035
-1.6786169090089338,31.703314098163716,0.18261582869396903,0.08168697858160277,0.3182733567049023
-1.6786169090089338,32.05391313297454,0.18300711543378861,0.08171698215168377,0.3198397972505935
-1.6786169090089338,32.40451216778537,0.18340075890298543,0.08257723480012577,0.3218845497120094
-1.6786169090089338,32.7551112025962,0.18379670843047213,0.0826287215738427,0.32298917112912484
-1.6786169090089338,33.105710237407024,0.18419490829100868,0.08268120964592968,0.3245749636135411
-1.6786169090089338,33.45630927221785,0.18459529911457243,0.055449398796593705,0.2986289626660432
-1.6786169090089338,33.806908307028685,0.18499781921218,0.057156318630660924,0.30112640120615214
-1.6786169090089338,34.15750734183951,0.1854024057377006,0.04328258435186349,0.2871751072149003
-1.6786169090089338,34.50810637665034,0.18580899562957612,0.04347682017983966,0.28745060763812547
-1.6786169090089338,34.858705411461166,0.186217526302734,0.04367302872696395,0.28770646016175383
-1.6786169090089338,35.20930444627199,0.1866279360918456,0.043871170749301726,0.2879438527043923
-1.620280538909462,0.5,0.15829286903775452,0.04930031763813928,0.2617006753909382
-1.620280538909462,0.8505990348108282,0.15841386306324762,0.048938800332962724,0.2615002129048626
-1.620280538909462,1.2011980696216566,0.15853873282142752,0.05644001546568064,0.26858618086523195
-1.620280538909462,1.5517971044324848,0.1586675211804896,0.05644268516426073,0.2672966352740683
-1.620280538909462,1.9023961392433129,0.1588002830822972,0.05754758351382461,0.26790636743064516
-1.620280538909462,2.2529951740541407,0.1589370832394238,0.05853819372475745,0.2688575471723682
-1.620280538909462,2.6035942088649695,0.15907799266414077,0.05857439319212334,0.2696267981369736
-1.620280538909462,2.954193243675798,0.1592230843185588,0.055480301490387664,0.2670711244456263
-1.620280538909462,3.3047922784866257,0.1593724283807504,0.05564076636264397,0.26577354134469533
-1.620280538909462,3.655391313297454,0.15952608773080085,0.05582447295849419,0.2655835034379591
-1.620280538909462,4.005990348108282,0.15968411421360235,0.05455501774408608,0.26355771458186905
-1.620280538909462,4.35658938291911,0.1598465460488836,0.055202613616385746,0.2640101918703176
-1.620280538909462,4.707188417729939,0.1600134065261436,0.055323235161987956,0.2637872538223518
-1.620280538909462,5.057787452540768,0.16018470393015705,0.05619336676553465,0.2634751829578937
-1.620280538909462,5.408386487351596,0.1603604325022027,0.05649510705402237,0.26257538281290055
-1.620280538909462,5.758985522162424,0.16054057410492675,0.056504514912602694,0.26202435585769945
-1.620280538909462,6.109584556973252,0.16072510010037763,0.05651509408758903,0.2621947049570443
-1.620280538909462,6.46018359178408,0.1609139728317114,0.05652692741217551,0.2626848106211752
-1.620280538909462,6.810782626594908,0.1611071461451338,0.0565400946791871,0.2631822479270391
-1.620280538909462,7.161381661405737,0.1613045646965237,0.057013578490691344,0.2637930858896957
-1.620280538909462,7.511980696216565,0.16150616231701,0.060376484679955184,0.26685615080796077
-1.620280538909462,7.8625797310273935,0.1617118602531155,0.0596163733400043,0.2656637823846411
-1.620280538909462,8.213178765838222,0.1619215663621771,0.059781766330404114,0.2652451851232576
-1.620280538909462,8.56377780064905,0.16213517614613804,0.05751110225692479,0.2633989633868933
-1.620280538909462,8.914376835459878,0.16235257589650773,0.05665117301180864,0.2621782841918642
-1.620280538909462,9.264975870270705,0.16257364746970843,0.0566756377921378,0.261280946516154
-1.620280538909462,9.615574905081534,0.16279827364949304,0.056701955021832284,0.26104696609827
-1.620280538909462,9.96617393989236,0.16302634290883364,0.05673017343186594,0.26079304187087926
-1.620280538909462,10.316772974703191,0.16325775269224055,0.05676033794802375,0.2605241739566301
-1.620280538909462,10.667372009514018,0.1634924109525255,0.05679248962549467,0.26024443468631386
-1.620280538909462,11.017971044324847,0.16373023632234443,0.056826665587813026,0.2600763855031305
-1.620280538909462,11.368570079135674,0.16397115767951614,0.05686289897235981,0.26136707152188154
-1.620280538909462,11.719169113946503,0.16421511377988401,0.05690121888489605,0.2613721084866739
-1.620280538909462,12.069768148757332,0.16446205312510226,0.05646540547476718,0.26201172827818575
-1.620280538909462,12.420367183568159,0.16471193361293301,0.056537394001871584,0.26263513839238184
-1.620280538909462,12.77096621837899,0.16496472119991248,0.05702892776579989,0.26357218442907354
-1.620280538909462,13.121565253189816,0.165220387041914,0.0663673825414933,0.2729678473338489
-1.620280538909462,13.472164288000645,0.16547890326192333,0.06631805954875057,0.2732849922806948
-1.620280538909462,13.822763322811472,0.1657402382193756,0.05717607213902551,0.2649671732320242
-1.620280538909462,14.1733623576223,0.1660043524982673,0.05722947102121001,0.2655099265617875
-1.620280538909462,14.523961392433128,0.16627119664712844,0.057285043623445255,0.26603665948687
-1.620280538909462,14.874560427243956,0.1665407111924209,0.06899074137569765,0.2784844390648514
-1.620280538909462,15.225159462054787,0.16681282895719166,0.06957179878624511,0.27910763026581653
-1.620280538909462,15.575758496865614,0.1670874794845264,0.07007071621095265,0.27973915563054214
-1.620280538909462,15.926357531676443,0.16736459538564097,0.07011084227447255,0.2803801619777728
-1.620280538909462,16.276956566487268,0.1676441205082507,0.05744639063150124,0.26843245355251333
-1.620280538909462,16.6275556012981,0.16792601969807452,0.07028983988502518,0.28169568669204875
-1.620280538909462,16.978154636108926,0.16821028943553187,0.07038302316241153,0.2823729035455175
-1.620280538909462,17.328753670919756,0.168496967811725,0.07343524830211803,0.2854261980926198
-1.620280538909462,17.679352705730587,0.16878614149130125,0.07413806929684352,0.2856962981802884
-1.620280538909462,18.029951740541414,0.16907794703801424,0.07485615929344333,0.28598236246177006
-1.620280538909462,18.38055077535224,0.1693725647014975,0.07417913573073683,0.28650077505728655
-1.620280538909462,18.73114981016307,0.1696702044379157,0.07617455926036829,0.289213739021693
-1.620280538909462,19.081748844973898,0.16997108592659618,0.07526869695223942,0.289329331188442
-1.620280538909462,19.432347879784725,0.17027541583418035,0.07295171380725728,0.2876012926242413
-1.620280538909462,19.782946914595552,0.17058336613323202,0.07387220827520584,0.28843158492003557
-1.620280538909462,20.133545949406383,0.17089505696931284,0.0746163821289915,0.28933337500515366
-1.620280538909462,20.48414498421721,0.17121054662119312,0.07560487184172968,0.2909194680447255
-1.620280538909462,20.834744019028037,0.17152982967941172,0.07532490651384907,0.29106451847096687
-1.620280538909462,21.185343053838867,0.17185284291016606,0.05675814830563849,0.27313937028259533
-1.620280538909462,21.535942088649698,0.17217947681260865,0.07169535821931297,0.2884862148938947
-1.620280538909462,21.886541123460525,0.17250959008804034,0.07270465259113423,0.2884068963632093
-1.620280538909462,22.23714015827135,0.17284302430352674,0.0727246682506148,0.2892992335627856
-1.620280538909462,22.587739193082182,0.1731796167461229,0.07473674826849083,0.29133169371596157
-1.620280538909462,22.93833822789301,0.17351921041669668,0.07431330436318219,0.29132635705367876
-1.620280538909462,23.288937262703836,0.17386166094340816,0.07482547182290708,0.2924236860101103
-1.620280538909462,23.639536297514667,0.1742068407292079,0.07474640991055204,0.29420488439295306
-1.620280538909462,23.990135332325494,0.17455464088538278,0.07455121805546605,0.29575686524316014
-1.620280538909462,24.34073436713632,0.1749049715370097,0.0766162137434873,0.29797797278283755
-1.620280538909462,24.691333401947148,0.17525776102151536,0.08100443319390477,0.3046040665317346
-1.620280538909462,25.04193243675798,0.17561295441131775,0.08120548111763123,0.30593724993069593
-1.620280538909462,25.392531471568805,0.1759705117065611,0.0814095599272157,0.30603958121430835
-1.620280538909462,25.743130506379632,0.17633040596501193,0.07922712879463947,0.30409768994706204
-1.620280538909462,26.093729541190463,0.17669262155312923,0.07996980431174727,0.30533356043726667
-1.620280538909462,26.444328576001293,0.17705715260991103,0.08074813348894187,0.3065083900579028
-1.620280538909462,26.79492761081212,0.17742400172014064,0.08145148276410723,0.3075814640431918
-1.620280538909462,27.145526645622947,0.17779317871259467,0.08169789630192809,0.30889590293455665
-1.620280538909462,27.496125680433778,0.17816469944933566,0.08165383052921096,0.30962551121492177
-1.620280538909462,27.846724715244605,0.17853858446472334,0.08161345311898198,0.310300704223037
-1.620280538909462,28.197323750055432,0.17891485734651186,0.08157714374129237,0.311479171391626
-1.620280538909462,28.54792278486626,0.17929354281635088,0.08154532508746894,0.3126159356638435
-1.620280538909462,28.89852181967709,0.17967466454783312,0.08114057436713241,0.31371120352985216
-1.620280538909462,29.249120854487916,0.18005824283918465,0.07844796507990875,0.31180251531142855
-1.620280538909462,29.599719889298743,0.18044429231703057,0.07954145839287467,0.3134046198093302
-1.620280538909462,29.950318924109574,0.1808328198731818,0.08065581473677909,0.3138866456375201
-1.620280538909462,30.3009179589204,0.18122382302197138,0.08147155515935804,0.3143320488885713
-1.620280538909462,30.651516993731228,0.18161728881601866,0.08147811582271881,0.3147449547663161
-1.620280538909462,31.002116028542055,0.1820131933874555,0.08149342218358545,0.31512905686611337
-1.620280538909462,31.352715063352885,0.1824115021076581,0.08151827418448059,0.3161124367621057
-1.620280538909462,31.703314098163716,0.18281217029716526,0.08155351961929522,0.3176057045309754
-1.620280538909462,32.05391313297454,0.18321514437804012,0.08160005329699964,0.3191004558958657
-1.620280538909462,32.40451216778537,0.18362036334518916,0.08165881582234014,0.3205978225740098
-1.620280538909462,32.7551112025962,0.18402776043678112,0.08291943515518028,0.32324286171701766
-1.620280538909462,33.105710237407024,0.18443726489903986,0.08297946015210772,0.32390739423889026
-1.620280538909462,33.45630927221785,0.18484880375883847,0.04211532406792974,0.28442036001245574
-1.620280538909462,33.806908307028685,0.18526230353216686,0.042301237189249115,0.2847622972927452
-1.620280538909462,34.15750734183951,0.18567769180518398,0.042489288098045724,0.2850831578686021
-1.620280538909462,34.50810637665034,0.18609489862931164,0.042679463304235304,0.2853839044181881
-1.620280538909462,34.858705411461166,0.18651385767820405,0.0428717446008615,0.2863876332271181
-1.620280538909462,35.20930444627199,0.18693450712837695,0.04306610891761038,0.28775596649867147
-1.56194416880999,0.5,0.1578612119036658,0.05181039162441607,0.26210263348807844
-1.56194416880999,0.8505990348108282,0.15798242111788666,0.05217536730236477,0.26164393122343027
-1.56194416880999,1.2011980696216566,0.1581074515731117,0.052552808598023464,0.26173770257541706
-1.56194416880999,1.5517971044324848,0.1582363476941756,0.05267561183006676,0.261843789841653
-1.56194416880999,1.9023961392433129,0.1583691651558513,0.05282711485062057,0.2619630076926172
-1.56194416880999,2.2529951740541407,0.15850596880983447,0.05640426957079797,0.2658700470806258
-1.56194416880999,2.6035942088649695,0.15864682992651294,0.056408060758986946,0.2652092997950576
-1.56194416880999,2.954193243675798,0.15879182279956963,0.058200710828467936,0.2671838741147579
-1.56194416880999,3.3047922784866257,0.15894102097014126,0.05641643201061083,0.26628803875239077
-1.56194416880999,3.655391313297454,0.1590944935142105,0.05400584044209255,0.2633018248544638
-1.56194416880999,4.005990348108282,0.1592523018830416,0.05432465921039348,0.26299604438503127
-1.56194416880999,4.35658938291911,0.1594144976648866,0.05418323764668571,0.262166575366304
-1.56194416880999,4.707188417729939,0.1595811214241249,0.054826316332514634,0.2631488154454827
-1.56194416880999,5.057787452540768,0.15975220256459613,0.053746919562546284,0.2609042495401402
-1.56194416880999,5.408386487351596,0.15992775998828507,0.055309890643099546,0.2605719399139979
-1.56194416880999,5.758985522162424,0.16010780316173684,0.056274343800983256,0.2609111281640019
-1.56194416880999,6.109584556973252,0.1602923330688689,0.05647463192994669,0.260259183323431
-1.56194416880999,6.46018359178408,0.16048134249756862,0.05496522254710421,0.25954105284897466
-1.56194416880999,6.810782626594908,0.1606748152856063,0.055819541651243046,0.2601697300994998
-1.56194416880999,7.161381661405737,0.16087272457172905,0.056513315485784886,0.2607963205191823
-1.56194416880999,7.511980696216565,0.16107503063359027,0.05652894677323429,0.26142098647627493
-1.56194416880999,7.8625797310273935,0.16128167928471787,0.05968655530955863,0.2644123224527375
-1.56194416880999,8.213178765838222,0.16149260180409494,0.05830855363839976,0.26266528218481205
-1.56194416880999,8.56377780064905,0.16170771692851435,0.05658513606117182,0.26138225076538585
-1.56194416880999,8.914376835459878,0.16192693473458478,0.05660720435551689,0.2599114901865015
-1.56194416880999,9.264975870270705,0.16215016159090764,0.05663105480954838,0.2601132962386889
-1.56194416880999,9.615574905081534,0.16237730504399348,0.05638139191286126,0.2576224657030176
-1.56194416880999,9.96617393989236,0.1626082776230273,0.05668435255169258,0.2573319303025553
-1.56194416880999,10.316772974703191,0.16284299903449959,0.05671391743922035,0.25800353443719537
-1.56194416880999,10.667372009514018,0.1630813968512898,0.05555017559954271,0.2567280733557734
-1.56194416880999,11.017971044324847,0.16332340629156597,0.055944557393284064,0.25745930668238104
-1.56194416880999,11.368570079135674,0.16356896977837648,0.056336646331501976,0.2594748570712376
-1.56194416880999,11.719169113946503,0.16381803660637936,0.0567246106776082,0.26088533137474096
-1.56194416880999,12.069768148757332,0.1640705624355695,0.06514999544187075,0.26947578037786823
-1.56194416880999,12.420367183568159,0.16432650790004724,0.06564649726329556,0.27010220432059884
-1.56194416880999,12.77096621837899,0.1645858357138092,0.06610892887840748,0.2707319720424329
-1.56194416880999,13.121565253189816,0.16484850629009554,0.0660787451136708,0.2715072617043188
-1.56194416880999,13.472164288000645,0.1651144727011065,0.0652884185591713,0.27097834642910507
-1.56194416880999,13.822763322811472,0.1653836762991556,0.06570748499925387,0.2729612242981291
-1.56194416880999,14.1733623576223,0.16565604423659322,0.0592010728356537,0.26690993627598775
-1.56194416880999,14.523961392433128,0.16593148958857848,0.057238209256087975,0.2645636972957004
-1.56194416880999,14.874560427243956,0.16620991416786107,0.0577464894623404,0.2655047705610889
-1.56194416880999,15.225159462054787,0.1664912137381013,0.05735820691150984,0.26505630344497133
-1.56194416880999,15.575758496865614,0.1667752852567639,0.05742182961505812,0.2648055274075696
-1.56194416880999,15.926357531676443,0.16706203585814777,0.05741806758616102,0.2641246282359142
-1.56194416880999,16.276956566487268,0.1673513932697471,0.05755633640071558,0.26364124060040856
-1.56194416880999,16.6275556012981,0.16764331703039984,0.05752487751933037,0.26661980614981107
-1.56194416880999,16.978154636108926,0.1679378092041269,0.07006999373936444,0.28091711488477683
-1.56194416880999,17.328753670919756,0.1682349224860199,0.07203312803718798,0.28258104915849214
-1.56194416880999,17.679352705730587,0.168534763162719,0.07200046229870724,0.28226563611191624
-1.56194416880999,18.029951740541414,0.1688374868267115,0.07211620511843571,0.28254199720013096
-1.56194416880999,18.38055077535224,0.16914328616881838,0.07271534345455304,0.2835944058650734
-1.56194416880999,18.73114981016307,0.16945237209923317,0.07271981574175368,0.2842495719052478
-1.56194416880999,19.081748844973898,0.16976495107954936,0.07259082782572633,0.2849464215651728
-1.56194416880999,19.432347879784725,0.17008120236066804,0.05631612729272234,0.26911997520740794
-1.56194416880999,19.782946914595552,0.17040125878350096,0.056442376656553925,0.2697582679933884
-1.56194416880999,20.133545949406383,0.17072519408503953,0.056996613153405665,0.2703993874046823
-1.56194416880999,20.48414498421721,0.1710530183683619,0.056937995874606996,0.27104449486319104
-1.56194416880999,20.834744019028037,0.17138468170965074,0.058661795515899076,0.27308051398859284
-1.56194416880999,21.185343053838867,0.1717200842268681,0.05849659989737884,0.273340399202062
-1.56194416880999,21.535942088649698,0.17205908988586946,0.07497931521003214,0.2907400323292381
-1.56194416880999,21.886541123460525,0.17240154117451714,0.07536442394988528,0.29167645423846494
-1.56194416880999,22.23714015827135,0.1727472723951119,0.07557595749509045,0.2926142096525771
-1.56194416880999,22.587739193082182,0.1730961202916259,0.07707533163870217,0.29425250326179614
-1.56194416880999,22.93833822789301,0.17344793163291525,0.07668174064759549,0.29341697648463744
-1.56194416880999,23.288937262703836,0.17380256799308158,0.07717814839744024,0.295613306389066
-1.56194416880999,23.639536297514667,0.17415990827313665,0.07770471115650296,0.2968298534787483
-1.56194416880999,23.990135332325494,0.17451984957267802,0.07764772489260381,0.2977366860339265
-1.56194416880999,24.34073436713632,0.17488230695347062,0.0768940338028508,0.2976516875738587
-1.56194416880999,24.691333401947148,0.1752472125245359,0.078577931607601,0.29995675944524514
-1.56194416880999,25.04193243675798,0.17561451416831195,0.07966453277787566,0.30110194888468894
-1.56194416880999,25.392531471568805,0.1759841741333618,0.08081206368079957,0.30268680700915007
-1.56194416880999,25.743130506379632,0.17635616763497736,0.08173228384987663,0.30365557195069753
-1.56194416880999,26.093729541190463,0.1767304815218189,0.08209323846864681,0.3050613674148285
-1.56194416880999,26.444328576001293,0.17710711298484194,0.08297464257458965,0.3066369324567526
-1.56194416880999,26.79492761081212,0.17748606821729557,0.08320456815294436,0.30774559912985205
-1.56194416880999,27.145526645622947,0.17786736090045446,0.08343816274244911,0.30902214413962953
-1.56194416880999,27.496125680433778,0.17825101040164576,0.08223518006779174,0.3098214135023828
-1.56194416880999,27.846724715244605,0.1786370396267591,0.08237782251679178,0.3117556173840822
-1.56194416880999,28.197323750055432,0.17902547255151405,0.08141833259637085,0.31258623431146504
-1.56194416880999,28.54792278486626,0.17941633153975303,0.07216692005647847,0.30420993146069597
-1.56194416880999,28.89852181967709,0.17980963462083294,0.0784736409947594,0.31106621065183754
-1.56194416880999,29.249120854487916,0.18020539292892016,0.07960905324765445,0.3116306137286025
-1.56194416880999,29.599719889298743,0.18060360850264578,0.0807660347189459,0.3121507976362812
-1.56194416880999,29.950318924109574,0.18100427261045554,0.08135566807260967,0.3126315590842281
-1.56194416880999,30.3009179589204,0.18140736471528085,0.08136603052153041,0.31307725010095355
-1.56194416880999,30.651516993731228,0.18181285213230938,0.08138560306258098,0.31349179407606537
-1.56194416880999,31.002116028542055,0.18222069037457572,0.08141515526175942,0.31387870626194186
-1.56194416880999,31.352715063352885,0.18263082412989198,0.08145550278475237,0.31499862462436706
-1.56194416880999,31.703314098163716,0.18304318877418138,0.08150750657585473,0.3164362176417191
-1.56194416880999,32.05391313297454,0.18345771230257765,0.08157207165051876,0.31815521531751234
-1.56194416880999,32.40451216778537,0.18387431754928513,0.08165014546309396,0.32046711658478105
-1.56194416880999,32.7551112025962,0.1842929245657656,0.08326894702095956,0.3238779271302791
-1.56194416880999,33.105710237407024,0.1847134530288853,0.04484005803277558,0.2854718669598589
-1.56194416880999,33.45630927221785,0.18513582455246722,0.04446116543631621,0.28513103053077843
-1.56194416880999,33.806908307028685,0.18555996477739575,0.04409023258703162,0.28479683547798734
-1.56194416880999,34.15750734183951,0.1859858051215042,0.04372703371698689,0.2849118575083434
-1.56194416880999,34.50810637665034,0.18641328408768482,0.04200107590183256,0.2848490575233915
-1.56194416880999,34.858705411461166,0.18684234806221328,0.04219006882163129,0.286299074140628
-1.56194416880999,35.20930444627199,0.18727295158496926,0.04238124061294998,0.2877007129309906
-1.5036077987105183,0.5,0.15743159463506154,0.055534768071560395,0.2649317381551514
-1.5036077987105183,0.8505990348108282,0.15755341675551196,0.0560752132996614,0.265337395509171
-1.5036077987105183,1.2011980696216566,0.1576790501058573,0.056176916668789406,0.2650452369750817
-1.5036077987105183,1.5517971044324848,0.15780852842767717,0.056308705778015375,0.26450787725985525
-1.5036077987105183,1.9023961392433129,0.15794189798383954,0.056408483326430184,0.2639750312373042
-1.5036077987105183,2.2529951740541407,0.15807921643970094,0.0564149965693852,0.2634467986226913
-1.5036077987105183,2.6035942088649695,0.15822055090948425,0.05642160064065709,0.26292326951501727
-1.5036077987105183,2.954193243675798,0.15836597507194958,0.05786003229684244,0.26399258573920564
-1.5036077987105183,3.3047922784866257,0.15851556561172195,0.05740431432980415,0.2633612369848887
-1.5036077987105183,3.655391313297454,0.15866939853201595,0.05770842388067726,0.26388875327412514
-1.5036077987105183,4.005990348108282,0.15882754595396503,0.05804029977416206,0.2649122951082782
-1.5036077987105183,4.35658938291911,0.15899007385051028,0.05597842851401904,0.26314667155722465
-1.5036077987105183,4.707188417729939,0.159157040870607,0.05644844147227134,0.2633364799216032
-1.5036077987105183,5.057787452540768,0.15932849812145314,0.05844042888890677,0.264824846651773
-1.5036077987105183,5.408386487351596,0.15950448955352953,0.05854085816948607,0.26377273239575494
-1.5036077987105183,5.758985522162424,0.15968505244224987,0.05472477613101621,0.2591974765558683
-1.5036077987105183,6.109584556973252,0.15987021740216775,0.05559091113395579,0.2586302653217604
-1.5036077987105183,6.46018359178408,0.16006000747200175,0.056482477716353445,0.25809663291834894
-1.5036077987105183,6.810782626594908,0.1602544361310596,0.05740003059651613,0.25970035630139093
-1.5036077987105183,7.161381661405737,0.16045350460450977,0.05633403205408894,0.2578740425331275
-1.5036077987105183,7.511980696216565,0.16065719929251396,0.05657497928777881,0.258445761631043
-1.5036077987105183,7.8625797310273935,0.1608654903584105,0.05815903414434462,0.25972974662676696
-1.5036077987105183,8.213178765838222,0.1610783322796561,0.058384453827897816,0.259692655740114
-1.5036077987105183,8.56377780064905,0.1612956665676635,0.05925403595971168,0.261072700166783
-1.5036077987105183,8.914376835459878,0.1615174261527758,0.05833850777878852,0.26093369717226095
-1.5036077987105183,9.264975870270705,0.1617435404077709,0.05668607045570518,0.2593370544377357
-1.5036077987105183,9.615574905081534,0.1619739396514092,0.05599834714588376,0.2569872242012508
-1.5036077987105183,9.96617393989236,0.16220855827065767,0.05674287063325665,0.2568461949991088
-1.5036077987105183,10.316772974703191,0.16244733619120721,0.05677420600011081,0.2570735593202048
-1.5036077987105183,10.667372009514018,0.16269021903870484,0.056326145340515346,0.2565531301913438
-1.5036077987105183,11.017971044324847,0.16293715765536354,0.05673648311409631,0.2564010787741925
-1.5036077987105183,11.368570079135674,0.16318810748115387,0.056880731370541684,0.2571087667962175
-1.5036077987105183,11.719169113946503,0.1634430277712468,0.05692061437996746,0.2591539808433679
-1.5036077987105183,12.069768148757332,0.16370188008205266,0.0647824391690703,0.26705261628293464
-1.5036077987105183,12.420367183568159,0.1639646253548124,0.06464039261887536,0.26713921708849214
-1.5036077987105183,12.77096621837899,0.1642312194251636,0.0644992110093148,0.2677699013997562
-1.5036077987105183,13.121565253189816,0.16450160762494462,0.06435883632116925,0.2684046600865928
-1.5036077987105183,13.472164288000645,0.16477571979924752,0.064219210013343,0.26904420893906517
-1.5036077987105183,13.822763322811472,0.1650534671508001,0.0572095642999636,0.2618988053893374
-1.5036077987105183,14.1733623576223,0.1653347418571801,0.056048152842841495,0.26087612927981846
-1.5036077987105183,14.523961392433128,0.1656194197244989,0.06035633677400319,0.26544722291830203
-1.5036077987105183,14.874560427243956,0.16590736561730918,0.055449099440522544,0.2603196600326411
-1.5036077987105183,15.225159462054787,0.16619844120183427,0.05638396833765741,0.26244186703555855
-1.5036077987105183,15.575758496865614,0.16649251457070177,0.057334487332031385,0.26329778281549193
-1.5036077987105183,15.926357531676443,0.16678947135060215,0.05478964750864143,0.26131060150274876
-1.5036077987105183,16.276956566487268,0.1670892266950273,0.05763008307070393,0.264351508211596
-1.5036077987105183,16.6275556012981,0.16739173702533092,0.057584207604565806,0.2642226196714633
-1.5036077987105183,16.978154636108926,0.16769700964061784,0.0574987677190965,0.26640187221360145
-1.5036077987105183,17.328753670919756,0.16800510778361452,0.056965422629594975,0.26636490873226537
-1.5036077987105183,17.679352705730587,0.16831614894102892,0.05402908744405625,0.2640175558578434
-1.5036077987105183,18.029951740541414,0.1686302953048241,0.05452685807964421,0.263725449919506
-1.5036077987105183,18.38055077535224,0.16894773708507055,0.055039737065689806,0.2636078615723527
-1.5036077987105183,18.73114981016307,0.1692686710217617,0.055103553656587576,0.2634936983620063
-1.5036077987105183,19.081748844973898,0.1695932774398732,0.05470383456476791,0.26370282224166103
-1.5036077987105183,19.432347879784725,0.1699216994462245,0.054329846250385894,0.2645808487142592
-1.5036077987105183,19.782946914595552,0.17025402750354723,0.057121008268628634,0.2697013712556899
-1.5036077987105183,20.133545949406383,0.1705902916428035,0.05706453858104892,0.27035643319844604
-1.5036077987105183,20.48414498421721,0.17093046200484407,0.05700724617710381,0.27023072185182945
-1.5036077987105183,20.834744019028037,0.1712744565925225,0.05675847573402163,0.27012377076579025
-1.5036077987105183,21.185343053838867,0.17162215371588832,0.056890459818940885,0.2716038286123855
-1.5036077987105183,21.535942088649698,0.1719734061319961,0.07595324106479234,0.2914344250911112
-1.5036077987105183,21.886541123460525,0.17232805433324472,0.07586740786022177,0.291553228788886
-1.5036077987105183,22.23714015827135,0.17268593742095767,0.07670234843553753,0.29252798461096496
-1.5036077987105183,22.587739193082182,0.17304690102091216,0.07845910985641244,0.29494986008255747
-1.5036077987105183,22.93833822789301,0.1734108024360468,0.0794770371510947,0.296244476639136
-1.5036077987105183,23.288937262703836,0.1737775136044945,0.07994144417732109,0.2973782318107566
-1.5036077987105183,23.639536297514667,0.17414692250999458,0.07820753153313718,0.29582306709651895
-1.5036077987105183,23.990135332325494,0.174518933600651,0.08093165085682819,0.2992077982905498
-1.5036077987105183,24.34073436713632,0.174893467619424,0.08118131731799029,0.30015504271684457
-1.5036077987105183,24.691333401947148,0.175270461101753,0.08180974677139281,0.3010885576379244
-1.5036077987105183,25.04193243675798,0.17564986567678018,0.08192623602724289,0.30211312102778204
-1.5036077987105183,25.392531471568805,0.17603164721721973,0.08204895104731577,0.30284365649767914
-1.5036077987105183,25.743130506379632,0.17641578481133557,0.08224646809100844,0.3036647576744982
-1.5036077987105183,26.093729541190463,0.17680226947952293,0.08083899963153059,0.30298672117965525
-1.5036077987105183,26.444328576001293,0.17719110253859904,0.08121188915575611,0.304112028153467
-1.5036077987105183,26.79492761081212,0.17758229353994096,0.08101133859242987,0.3051450332842344
-1.5036077987105183,27.145526645622947,0.17797585777096794,0.08142714872155968,0.30689279232261224
-1.5036077987105183,27.496125680433778,0.17837181339421357,0.08139006489564192,0.3076698521267002
-1.5036077987105183,27.846724715244605,0.17877017837697823,0.08135873998693444,0.3084282380457301
-1.5036077987105183,28.197323750055432,0.17917096741502958,0.08133360743517619,0.30929457525449455
-1.5036077987105183,28.54792278486626,0.17957418906741449,0.08131045341415209,0.31048078623615655
-1.5036077987105183,28.89852181967709,0.17997984330065564,0.08130386082768255,0.31189527881641294
-1.5036077987105183,29.249120854487916,0.18038791960063139,0.08118972062794928,0.3112614619254057
-1.5036077987105183,29.599719889298743,0.18079839576059628,0.08130513801845574,0.3119168309073288
-1.5036077987105183,29.950318924109574,0.18121123740194878,0.08120698673385852,0.31255009379599674
-1.5036077987105183,30.3009179589204,0.1816263982344285,0.08104092016499373,0.31316088701748146
-1.5036077987105183,30.651516993731228,0.18204382101582187,0.08085622371918962,0.31374890226878854
-1.5036077987105183,31.002116028542055,0.1824634391286459,0.08065271500611117,0.31431388407750055
-1.5036077987105183,31.352715063352885,0.18288517865400838,0.080430331909598,0.3148823918990582
-1.5036077987105183,31.703314098163716,0.18330896079337372,0.0801891321870006,0.3172411177492936
-1.5036077987105183,32.05391313297454,0.1837347044703938,0.07763816771967419,0.3168500846749492
-1.5036077987105183,32.40451216778537,0.18416232893979656,0.04473108665204054,0.2849772279565914
-1.5036077987105183,32.7551112025962,0.1845917562393489,0.044874018191451336,0.28463577239449345
-1.5036077987105183,33.105710237407024,0.18502291334278628,0.04584125003483896,0.285762377685497
-1.5036077987105183,33.45630927221785,0.1854557339033366,0.045163073055403256,0.285264404593377
-1.5036077987105183,33.806908307028685,0.1858901595153396,0.045069473197971326,0.2849578957100869
-1.5036077987105183,34.15750734183951,0.18632614046166307,0.04469569012225226,0.28641303536763313
-1.5036077987105183,34.50810637665034,0.18676363595345258,0.04560393218424839,0.2885527136177045
-1.5036077987105183,34.858705411461166,0.1872026139025999,0.04575262796606263,0.28936218444706435
-1.5036077987105183,35.20930444627199,0.18764305029264908,0.045902107649179645,0.29085580884579515
-1.4452714286110466,0.5,0.15700338601263927,0.05642481148561948,0.2647414576106681
-1.4452714286110466,0.8505990348108282,0.15712624092946026,0.05643673015535008,0.26427679972785423
-1.4452714286110466,1.2011980696216566,0.1572529647903198,0.05644847592474775,0.26374977700637753
-1.4452714286110466,1.5517971044324848,0.15738357353323149,0.056460110455890736,0.26322716428029813
-1.4452714286110466,1.9023961392433129,0.15751809739935613,0.056471699482074054,0.2628709372523987
-1.4452714286110466,2.2529951740541407,0.15765658043007355,0.0575063674132716,0.2629066331483115
-1.4452714286110466,2.6035942088649695,0.15779907898167148,0.05649502407622274,0.26168677193914014
-1.4452714286110466,2.954193243675798,0.15794565924619391,0.056506910749014566,0.26118273751332083
-1.4452714286110466,3.3047922784866257,0.15809639410588602,0.05868716517568405,0.2630130754058576
-1.4452714286110466,3.655391313297454,0.15825135989848033,0.05776184154048939,0.2630855886193556
-1.4452714286110466,4.005990348108282,0.15841063368490965,0.05786080165715665,0.26317465397625456
-1.4452714286110466,4.35658938291911,0.1585742913889883,0.05797489662521473,0.2632810595683198
-1.4452714286110466,4.707188417729939,0.1587424068468173,0.058104729208499774,0.2634055249927213
-1.4452714286110466,5.057787452540768,0.1589150514998573,0.06031135693669993,0.26549566946696807
-1.4452714286110466,5.408386487351596,0.15909229425789076,0.061103287024244134,0.2663449743176375
-1.4452714286110466,5.758985522162424,0.15927420096543338,0.060346510454283374,0.26469625350023834
-1.4452714286110466,6.109584556973252,0.1594608329598334,0.054197623101887644,0.2585006368609458
-1.4452714286110466,6.46018359178408,0.15965224446527204,0.05420259482206968,0.2575016692577388
-1.4452714286110466,6.810782626594908,0.15984847902622246,0.05505763461805921,0.25693864374478986
-1.4452714286110466,7.161381661405737,0.16004956571403453,0.056694806432998325,0.25792161193892077
-1.4452714286110466,7.511980696216565,0.1602555161906421,0.05773238229849511,0.2581432673768414
-1.4452714286110466,7.8625797310273935,0.16046632365916444,0.05674062356810655,0.2561245019597582
-1.4452714286110466,8.213178765838222,0.1606819642374247,0.058437570038124616,0.25785261661579517
-1.4452714286110466,8.56377780064905,0.16090240055193875,0.058415740161830564,0.2585914824453215
-1.4452714286110466,8.914376835459878,0.16112758667658703,0.06017806812722626,0.26018388150626226
-1.4452714286110466,9.264975870270705,0.16135747319375082,0.05836996392541171,0.2586923208131793
-1.4452714286110466,9.615574905081534,0.16159201125119244,0.05568366314671489,0.25644571023475565
-1.4452714286110466,9.96617393989236,0.16183115497142495,0.056451824319189006,0.25645166904652716
-1.4452714286110466,10.316772974703191,0.16207486222996828,0.056885263587647165,0.256433084703531
-1.4452714286110466,10.667372009514018,0.16232309433638428,0.05699127903177742,0.25661369543699575
-1.4452714286110466,11.017971044324847,0.16257581524239947,0.057740918507896706,0.2574678628524959
-1.4452714286110466,11.368570079135674,0.16283299051338296,0.058159115352775535,0.25830032825762583
-1.4452714286110466,11.719169113946503,0.16309458571828347,0.057118762931492754,0.25765640467366824
-1.4452714286110466,12.069768148757332,0.16336056359425474,0.05815361608372644,0.25990130997708766
-1.4452714286110466,12.420367183568159,0.16363087964250705,0.05721547471669083,0.25952724772053737
-1.4452714286110466,12.77096621837899,0.163905476592668,0.0572675448577705,0.25885807883194967
-1.4452714286110466,13.121565253189816,0.16418427894253376,0.05730812265707082,0.2592762077121
-1.4452714286110466,13.472164288000645,0.16446718905309562,0.057033220925847755,0.25969887015376986
-1.4452714286110466,13.822763322811472,0.16475408593718577,0.056761967955643484,0.26012345175915247
-1.4452714286110466,14.1733623576223,0.1650448272044782,0.06811247802266877,0.27215748692536523
-1.4452714286110466,14.523961392433128,0.16533925402119165,0.05756744056553083,0.2611977730601838
-1.4452714286110466,14.874560427243956,0.16563719864788154,0.05763571448768093,0.2620322245161609
-1.4452714286110466,15.225159462054787,0.1659384941066304,0.05717282253538899,0.26178712026858864
-1.4452714286110466,15.575758496865614,0.1662429855883293,0.05778095673904724,0.26218062052747343
-1.4452714286110466,15.926357531676443,0.16655054308530054,0.057747637545537224,0.2630622364366681
-1.4452714286110466,16.276956566487268,0.1668610742632493,0.06148754614170451,0.2678218672381194
-1.4452714286110466,16.6275556012981,0.16717453583858194,0.061325984376232476,0.2683246249907276
-1.4452714286110466,16.978154636108926,0.16749094107382936,0.05761285758524267,0.26520324147647667
-1.4452714286110466,17.328753670919756,0.16781036098851684,0.06973918705258338,0.2785783298831215
-1.4452714286110466,17.679352705730587,0.1681329178378567,0.0698652940198419,0.2789059035874261
-1.4452714286110466,18.029951740541414,0.16845877109345903,0.06683910444956134,0.2764102006679074
-1.4452714286110466,18.38055077535224,0.1687880978468675,0.06672489084189764,0.2764784774900443
-1.4452714286110466,18.73114981016307,0.16912107062902446,0.06794708959441222,0.27762406000815343
-1.4452714286110466,19.081748844973898,0.16945783600509337,0.06840158956614714,0.2790241583500272
-1.4452714286110466,19.432347879784725,0.1697984971661316,0.06816528314639025,0.28041866154933737
-1.4452714286110466,19.782946914595552,0.17014310311814873,0.057209726430404034,0.27011722048686354
-1.4452714286110466,20.133545949406383,0.1704916458249556,0.057155895981960206,0.26871286601961736
-1.4452714286110466,20.48414498421721,0.17084406493469922,0.05710156600173888,0.26934183208468737
-1.4452714286110466,20.834744019028037,0.17120025809583728,0.05704683374800701,0.2695925647622211
-1.4452714286110466,21.185343053838867,0.1715600939952641,0.05699180240594987,0.2709962322286533
-1.4452714286110466,21.535942088649698,0.17192342536948146,0.07584879232869145,0.2903006024758436
-1.4452714286110466,21.886541123460525,0.17229010008392215,0.0758522651189989,0.2908664888980762
-1.4452714286110466,22.23714015827135,0.17265996944145168,0.059770163434264896,0.27531528733525584
-1.4452714286110466,22.587739193082182,0.1730328937482433,0.059619207009985714,0.27660699255224946
-1.4452714286110466,22.93833822789301,0.1734087456529491,0.08129102215557002,0.2989499189097023
-1.4452714286110466,23.288937262703836,0.17378741191412148,0.07789107806092155,0.29625650583246105
-1.4452714286110466,23.639536297514667,0.17416879417069792,0.07827291806517517,0.29733113049189774
-1.4452714286110466,23.990135332325494,0.17455280912047566,0.08087635053790014,0.2994826273804268
-1.4452714286110466,24.34073436713632,0.1749393883359064,0.08155130232444172,0.3005414743767496
-1.4452714286110466,24.691333401947148,0.17532847780336897,0.07941771278910824,0.29905623119512387
-1.4452714286110466,25.04193243675798,0.17572003717223117,0.08102939389208914,0.30005052858780173
-1.4452714286110466,25.392531471568805,0.1761140386450437,0.08164775285407266,0.3010056939780394
-1.4452714286110466,25.743130506379632,0.17651046543046636,0.0805576463607107,0.3003703131762632
-1.4452714286110466,26.093729541190463,0.1769093097136869,0.08093568366116957,0.3018559132217617
-1.4452714286110466,26.444328576001293,0.1773105701651117,0.08131245065508276,0.3029233280669316
-1.4452714286110466,26.79492761081212,0.17771424908772482,0.08168777689236387,0.3044250501265598
-1.4452714286110466,27.145526645622947,0.1781203493737169,0.08139901076783694,0.3058300242459717
-1.4452714286110466,27.496125680433778,0.17852887148416308,0.0813670835994346,0.30728336727492284
-1.4452714286110466,27.846724715244605,0.1789398106752017,0.08076765908865774,0.30656065695006784
-1.4452714286110466,28.197323750055432,0.17935315467377844,0.08132418511434665,0.3071901322230248
-1.4452714286110466,28.54792278486626,0.17976888196346044,0.0810984813266123,0.30782959181198666
-1.4452714286110466,28.89852181967709,0.1801869607840819,0.08131247936790295,0.3088109730227569
-1.4452714286110466,29.249120854487916,0.1806073488853091,0.08131969693574492,0.31010316633244334
-1.4452714286110466,29.599719889298743,0.1810299940108557,0.08133644461437482,0.3117006581101471
-1.4452714286110466,29.950318924109574,0.1814548350340375,0.047526591437162355,0.2778160800705917
-1.4452714286110466,30.3009179589204,0.1818818036219187,0.047708138276525314,0.27787978870282654
-1.4452714286110466,30.651516993731228,0.18231082627689815,0.04395977951086102,0.27731660271319314
-1.4452714286110466,31.002116028542055,0.18274182659131483,0.044217753436781,0.27764734712279854
-1.4452714286110466,31.352715063352885,0.18317472755175407,0.044876812185343895,0.2793088040784753
-1.4452714286110466,31.703314098163716,0.18360945374454987,0.045352132122406685,0.28143787364685346
-1.4452714286110466,32.05391313297454,0.18404593334122116,0.04803199627022106,0.2841577643123933
-1.4452714286110466,32.40451216778537,0.1844840997788231,0.04774395323507993,0.28582829047089064
-1.4452714286110466,32.7551112025962,0.18492389308917315,0.044945616079598946,0.2834914966582865
-1.4452714286110466,33.105710237407024,0.1853652608648247,0.04509490247543918,0.2836796263180112
-1.4452714286110466,33.45630927221785,0.18580815887204116,0.04650930001860449,0.28556603868825164
-1.4452714286110466,33.806908307028685,0.18625255132927218,0.045396647766875804,0.2851610063430598
-1.4452714286110466,34.15750734183951,0.1866984108659541,0.04554896053571784,0.2861178329087975
-1.4452714286110466,34.50810637665034,0.18714571816656062,0.04535119563664708,0.2870550878763876
-1.4452714286110466,34.858705411461166,0.18759446129533602,0.0449810344948803,0.2882223676295914
-1.4452714286110466,35.20930444627199,0.18804463469307697,0.04461838626529454,0.2901089913671814
-1.386935058511575,0.5,0.15657684634197575,0.05850541530054082,0.2652119291789183
-1.386935058511575,0.8505990348108282,0.15670109813192679,0.060811485734196945,0.2669367996611947
-1.386935058511575,1.2011980696216566,0.15682935591445069,0.060993267443473824,0.2667359504046401
-1.386935058511575,1.5517971044324848,0.15696161754130844,0.056572934433880145,0.26200075101523423
-1.386935058511575,1.9023961392433129,0.15709789435256963,0.056592031951940173,0.2614957726442774
-1.386935058511575,2.2529951740541407,0.1572382111689837,0.05661123856347719,0.26099537463754613
-1.386935058511575,2.6035942088649695,0.15738260562212184,0.0566306170238989,0.2604996359402899
-1.386935058511575,2.954193243675798,0.15753112679089445,0.05665023370323267,0.2600086264874625
-1.386935058511575,3.3047922784866257,0.157683833388942,0.05667015861272597,0.2599646365607903
-1.386935058511575,3.655391313297454,0.15784079194405123,0.05763311648231006,0.26229365218264844
-1.386935058511575,4.005990348108282,0.1580020753829094,0.06078233565941922,0.2646316637116835
-1.386935058511575,4.35658938291911,0.15816776219174747,0.05787750548387705,0.261811418023641
-1.386935058511575,4.707188417729939,0.15833793600032534,0.06152262590105483,0.265431504891257
-1.386935058511575,5.057787452540768,0.15851268517030637,0.06168363592522393,0.2639878149267144
-1.386935058511575,5.408386487351596,0.1586921018291171,0.06170464614477778,0.2638904372770696
-1.386935058511575,5.758985522162424,0.15887627980937744,0.06359581054196388,0.26554558957950397
-1.386935058511575,6.109584556973252,0.1590653111721751,0.06382879751568188,0.26546023440685534
-1.386935058511575,6.46018359178408,0.1592592814282974,0.06379059473410677,0.2647800962832571
-1.386935058511575,6.810782626594908,0.1594582641355251,0.06344725326687294,0.26462410627010635
-1.386935058511575,7.161381661405737,0.15966231601279696,0.055482857911074136,0.2562696541324468
-1.386935058511575,7.511980696216565,0.15987147380782551,0.05635287519886016,0.2563274858542658
-1.386935058511575,7.8625797310273935,0.16008575376563772,0.056994435142580145,0.256365453515515
-1.386935058511575,8.213178765838222,0.16030515380599994,0.05702751684443935,0.25644304272016144
-1.386935058511575,8.56377780064905,0.1605296577408222,0.05848813981542223,0.2583442367082827
-1.386935058511575,8.914376835459878,0.16075924035525777,0.05977412460835341,0.25852191729835516
-1.386935058511575,9.264975870270705,0.16099387209710117,0.06105190816336854,0.25916791141475637
-1.386935058511575,9.615574905081534,0.16123352245246267,0.06080792270535135,0.2595051766781187
-1.386935058511575,9.96617393989236,0.16147816167650048,0.057219037309919646,0.25693148033646207
-1.386935058511575,10.316772974703191,0.1617277611369406,0.0583733381505435,0.2575476639575953
-1.386935058511575,10.667372009514018,0.16198229282109014,0.05834795380223121,0.25730600143957416
-1.386935058511575,11.017971044324847,0.1622417283866259,0.05735799793745753,0.2558010465579107
-1.386935058511575,11.368570079135674,0.1625060376367658,0.05829445043077563,0.2570332525143545
-1.386935058511575,11.719169113946503,0.16277518589246043,0.05826626152049958,0.25758470977567866
-1.386935058511575,12.069768148757332,0.16304912983359565,0.05751776651933611,0.25708155844658975
-1.386935058511575,12.420367183568159,0.16332781203600488,0.05820685443835507,0.2593189943369679
-1.386935058511575,12.77096621837899,0.16361115523888117,0.060995828853380986,0.26253241582729314
-1.386935058511575,13.121565253189816,0.16389905780012987,0.06135920929729392,0.2631264568007354
-1.386935058511575,13.472164288000645,0.1641913915941484,0.059887864235387445,0.2631603142699123
-1.386935058511575,13.822763322811472,0.16448800297999275,0.053810970937771964,0.25597372167288956
-1.386935058511575,14.1733623576223,0.16478871683544793,0.054822894531011274,0.25624310734149
-1.386935058511575,14.523961392433128,0.1650933433128973,0.05585418584032448,0.25756541231631247
-1.386935058511575,14.874560427243956,0.1654016869486603,0.056904239010175904,0.25890029043011953
-1.386935058511575,15.225159462054787,0.1657135578493709,0.05792616820450497,0.2602688457259994
-1.386935058511575,15.575758496865614,0.16602878460861795,0.05747987228322074,0.2616827432114409
-1.386935058511575,15.926357531676443,0.16634722816514808,0.05831492594051208,0.26309883918900917
-1.386935058511575,16.276956566487268,0.16666879500856047,0.061075501897080525,0.2667042981462327
-1.386935058511575,16.6275556012981,0.16699344730478366,0.06095070553925629,0.266637560183105
-1.386935058511575,16.978154636108926,0.1673212072402082,0.06355626471459565,0.26999772662747434
-1.386935058511575,17.328753670919756,0.16765215364291813,0.06446130023526059,0.2707534442991578
-1.386935058511575,17.679352705730587,0.16798641062464698,0.07064171412231966,0.277380078495032
-1.386935058511575,18.029951740541414,0.16832412985584672,0.07078168476123832,0.2779440360306992
-1.386935058511575,18.38055077535224,0.16866546933682375,0.07092314164377976,0.27647004883379184
-1.386935058511575,18.73114981016307,0.16901057193457542,0.06946081996287408,0.27559295914686366
-1.386935058511575,19.081748844973898,0.16935954681020457,0.06960467805041876,0.2756794529677412
-1.386935058511575,19.432347879784725,0.16971245638057633,0.06887237091351912,0.2772386810979071
-1.386935058511575,19.782946914595552,0.1700693105258178,0.07097439696943432,0.28096645026376504
-1.386935058511575,20.133545949406383,0.17043006831187868,0.07088797556140324,0.28162084028618883
-1.386935058511575,20.48414498421721,0.1707946459113725,0.057245596499664146,0.2688714883279571
-1.386935058511575,20.834744019028037,0.17116292828663138,0.05719757246826396,0.2690359182267503
-1.386935058511575,21.185343053838867,0.1715347819264504,0.05714988287074846,0.27034505807744114
-1.386935058511575,21.535942088649698,0.17191006642966014,0.05710267354162614,0.2716552043773077
-1.386935058511575,21.886541123460525,0.17228864363226618,0.058943053996130194,0.27425025841976913
-1.386935058511575,22.23714015827135,0.17267038388167164,0.08178285658482876,0.297238048835621
-1.386935058511575,22.587739193082182,0.17305516971556179,0.05696544972892353,0.27299826459844356
-1.386935058511575,22.93833822789301,0.17344289752662898,0.07110864309751212,0.2882176527395517
-1.386935058511575,23.288937262703836,0.1738334778432677,0.07181769029230564,0.2893661622108583
-1.386935058511575,23.639536297514667,0.17422683474563883,0.08205712014060738,0.3003349881720105
-1.386935058511575,23.990135332325494,0.1746229047741821,0.08197111441797136,0.3006964315894814
-1.386935058511575,24.34073436713632,0.17502163554115935,0.08139121028833966,0.3009669208702375
-1.386935058511575,24.691333401947148,0.17542298415064025,0.07953828230826936,0.2984474337453577
-1.386935058511575,25.04193243675798,0.17582691546836493,0.07947899732166405,0.2985833566219811
-1.386935058511575,25.392531471568805,0.1762334002521875,0.0780645154063106,0.29904153539134615
-1.386935058511575,25.743130506379632,0.1766424131505004,0.08068530112345025,0.3012944282132829
-1.386935058511575,26.093729541190463,0.17705393059630656,0.08106555682985166,0.3012223631018804
-1.386935058511575,26.444328576001293,0.17746792866157446,0.08144447044186981,0.3019631570063105
-1.386935058511575,26.79492761081212,0.1778843809778546,0.08147774452485039,0.3028528407549948
-1.386935058511575,27.145526645622947,0.17830325686044254,0.08031324717740317,0.3036995290177095
-1.386935058511575,27.496125680433778,0.17872451978380582,0.08123693779826087,0.30450284386254534
-1.386935058511575,27.846724715244605,0.17914812634126814,0.08140080584499028,0.30553139578074756
-1.386935058511575,28.197323750055432,0.17957402578369575,0.08320306133942731,0.3070741921458392
-1.386935058511575,28.54792278486626,0.1800021601760318,0.08298684569016652,0.30760857270788916
-1.386935058511575,28.89852181967709,0.18043246514628258,0.08369815616133677,0.30820702007263584
-1.386935058511575,29.249120854487916,0.18086487114064978,0.08378872465711283,0.3091566840983561
-1.386935058511575,29.599719889298743,0.18129930505232855,0.08387859433486558,0.31009099451368327
-1.386935058511575,29.950318924109574,0.18173569206757165,0.08396765727599702,0.31100984079224864
-1.386935058511575,30.3009179589204,0.18217395757234722,0.08405179981247636,0.31191312602882926
-1.386935058511575,30.651516993731228,0.18261402898214238,0.0836168073394997,0.3133924948868331
-1.386935058511575,31.002116028542055,0.18305583738928605,0.04829410872721717,0.2800233402389853
-1.386935058511575,31.352715063352885,0.1834993189596095,0.08178300061696621,0.31477733751359194
-1.386935058511575,31.703314098163716,0.1839444160474079,0.04685131183824784,0.28078904794165066
-1.386935058511575,32.05391313297454,0.1843910780292657,0.048412824463475355,0.28302568181264814
-1.386935058511575,32.40451216778537,0.18483926187845426,0.04786718908514038,0.282873147476479
-1.386935058511575,32.7551112025962,0.18528893250867387,0.04825530134728416,0.28402520899476374
-1.386935058511575,33.105710237407024,0.18574006290821785,0.04803686426275603,0.285593569709136
-1.386935058511575,33.45630927221785,0.1861926340667121,0.04761978580656593,0.28585417002267566
-1.386935058511575,33.806908307028685,0.18664663467344736,0.04721155271888601,0.286808266125647
-1.386935058511575,34.15750734183951,0.18710206054725786,0.04681191398165023,0.28774223566677
-1.386935058511575,34.50810637665034,0.18755891374956996,0.04642060594290733,0.28895608587943716
-1.386935058511575,34.858705411461166,0.18801720133787142,0.04599701732249079,0.28956505777863584
-1.386935058511575,35.20930444627199,0.18847693373617372,0.04987704996544544,0.2953028516160278
-1.3285986884121033,0.5,0.15615281241943152,0.06183637216973963,0.2671362065645728
-1.3285986884121033,0.8505990348108282,0.15627880405591824,0.062122475216813015,0.2667226414383937
-1.3285986884121033,1.2011980696216566,0.15640900910698882,0.06058823844876806,0.26514884090654006
-1.3285986884121033,1.5517971044324848,0.15654340735310343,0.06073147929030993,0.26502669736199436
-1.3285986884121033,1.9023961392433129,0.1566819894411569,0.06088030385767072,0.2643448257788483
-1.3285986884121033,2.2529951740541407,0.1568247573751538,0.06103264609945753,0.2640509921600689
-1.3285986884121033,2.6035942088649695,0.15697172488428912,0.06161658611644783,0.2647764901042356
-1.3285986884121033,2.954193243675798,0.1571229175617549,0.06134109862665577,0.2646113259315418
-1.3285986884121033,3.3047922784866257,0.15727837287038005,0.05985870793815733,0.26273881344322314
-1.3285986884121033,3.655391313297454,0.1574381402417629,0.06164635823718288,0.2634456049959989
-1.3285986884121033,4.005990348108282,0.15760228142431137,0.06179576501670921,0.2622908498511931
-1.3285986884121033,4.35658938291911,0.15777087099056017,0.060891506333440544,0.2620828897036211
-1.3285986884121033,4.707188417729939,0.15794399663371259,0.06208609602454915,0.26189031600134266
-1.3285986884121033,5.057787452540768,0.15812175869388956,0.0622267456160435,0.2617165848170417
-1.3285986884121033,5.408386487351596,0.15830426831960775,0.06214271224153201,0.2615649970270137
-1.3285986884121033,5.758985522162424,0.15849164382920805,0.06249938459202761,0.26143861982930194
-1.3285986884121033,6.109584556973252,0.15868400522498227,0.06263187358626468,0.2619799579302741
-1.3285986884121033,6.46018359178408,0.1588814673916498,0.06276230845925701,0.26140560969755167
-1.3285986884121033,6.810782626594908,0.15908413309393127,0.06282673761639335,0.26208753158718606
-1.3285986884121033,7.161381661405737,0.15929208718568713,0.06273706629438235,0.26278856579026405
-1.3285986884121033,7.511980696216565,0.15950539324347437,0.0551776423725845,0.25463729117972683
-1.3285986884121033,7.8625797310273935,0.15972409317453354,0.05601861058269265,0.25403219154248724
-1.3285986884121033,8.213178765838222,0.15994820950224076,0.05740837473027288,0.2554277002599886
-1.3285986884121033,8.56377780064905,0.1601777493543014,0.057455000057613705,0.25460624830346723
-1.3285986884121033,8.914376835459878,0.16041270890589435,0.05750340272911398,0.2549450269982275
-1.3285986884121033,9.264975870270705,0.16065307719824287,0.059534714804161414,0.2576289408393806
-1.3285986884121033,9.615574905081534,0.16089883873242794,0.05760591677917627,0.2553607427555028
-1.3285986884121033,9.96617393989236,0.16114997479750753,0.05747422134015303,0.2541662072976052
-1.3285986884121033,10.316772974703191,0.1614064638647565,0.0584764657351729,0.2546751391217058
-1.3285986884121033,10.667372009514018,0.16166828137076866,0.05777536288408859,0.25394014375652313
-1.3285986884121033,11.017971044324847,0.16193539884835437,0.05783639535275121,0.25361158586242055
-1.3285986884121033,11.368570079135674,0.16220778195965407,0.05789985543266472,0.2543515445039838
-1.3285986884121033,11.719169113946503,0.16248538696222153,0.05796583343894848,0.2553839595566416
-1.3285986884121033,12.069768148757332,0.16276815566843464,0.05803441890616985,0.25638617836669886
-1.3285986884121033,12.420367183568159,0.16305600975836246,0.05832038999724684,0.2573588225438264
-1.3285986884121033,12.77096621837899,0.16334884583821407,0.060750808473901345,0.260781413827168
-1.3285986884121033,13.121565253189816,0.16364653255987877,0.06061300579778028,0.2612638890613942
-1.3285986884121033,13.472164288000645,0.16394891055010555,0.05807403317935593,0.259166916271074
-1.3285986884121033,13.822763322811472,0.1642557952600525,0.05779355931573936,0.25834929215069224
-1.3285986884121033,14.1733623576223,0.16456698249248627,0.057517046493246536,0.25752568170924955
-1.3285986884121033,14.523961392433128,0.1648822563609506,0.05724453416657445,0.2566967466505658
-1.3285986884121033,14.874560427243956,0.165201399586426,0.05762201074870034,0.25645954336942284
-1.3285986884121033,15.225159462054787,0.16552420603829784,0.05759635715727069,0.25794983428097534
-1.3285986884121033,15.575758496865614,0.1658504950253307,0.056451382060083447,0.2589653891338081
-1.3285986884121033,15.926357531676443,0.16618012598593346,0.05798457563128271,0.2609268402826504
-1.3285986884121033,16.276956566487268,0.16651301119242423,0.05794648391908651,0.2624122175947708
-1.3285986884121033,16.6275556012981,0.16684912347217423,0.059202708038413744,0.26400419228752786
-1.3285986884121033,16.978154636108926,0.16718849637782787,0.062227722903470915,0.26778438429212803
-1.3285986884121033,17.328753670919756,0.16753121582341168,0.06213431023589647,0.2681648871519059
-1.3285986884121033,17.679352705730587,0.16787740429972395,0.06622139630696006,0.2721459234292885
-1.3285986884121033,18.029951740541414,0.16822720042644082,0.0662691615587167,0.27101115225054395
-1.3285986884121033,18.38055077535224,0.1685807372800609,0.0697440613112639,0.2748080414829158
-1.3285986884121033,18.73114981016307,0.16893812283590873,0.07171996838320886,0.2775292297000894
-1.3285986884121033,19.081748844973898,0.1692994253323233,0.07209867469185566,0.2780910051297449
-1.3285986884121033,19.432347879784725,0.169664665464838,0.07175046066953542,0.27866677997517425
-1.3285986884121033,19.782946914595552,0.17003381599348133,0.07112448943944168,0.28057293878393924
-1.3285986884121033,20.133545949406383,0.1704068078396029,0.06917430431113146,0.2798655637225229
-1.3285986884121033,20.48414498421721,0.1707835405749933,0.057007530833785895,0.26822111881103616
-1.3285986884121033,20.834744019028037,0.1711638947505718,0.05744085605719919,0.27064706653403436
-1.3285986884121033,21.185343053838867,0.17154774376878526,0.06101041648066375,0.2734867624075019
-1.3285986884121033,21.535942088649698,0.17193496368370847,0.061180961438192086,0.2753452282843567
-1.3285986884121033,21.886541123460525,0.1723254400985173,0.07109171638564132,0.2849833508838654
-1.3285986884121033,22.23714015827135,0.17271907201832182,0.05731118964084846,0.27183156995777547
-1.3285986884121033,22.587739193082182,0.1731157730131866,0.057283281943945205,0.27213235537746444
-1.3285986884121033,22.93833822789301,0.17351547032443254,0.07205423137858434,0.2882103464704773
-1.3285986884121033,23.288937262703836,0.1739181026293183,0.06117469304496092,0.27750993401014
-1.3285986884121033,23.639536297514667,0.1743236171228985,0.07332455211963862,0.2912465934138613
-1.3285986884121033,23.990135332325494,0.17473196644601913,0.060914398652339205,0.27949197685705246
-1.3285986884121033,24.34073436713632,0.1751431058318044,0.07808637009783816,0.29691921004203653
-1.3285986884121033,24.691333401947148,0.17555699068632194,0.05709066169988506,0.2768538431492995
-1.3285986884121033,25.04193243675798,0.17597357468137956,0.0565649292291829,0.2768216360352165
-1.3285986884121033,25.392531471568805,0.1763928083370487,0.08047052050211549,0.3005310348810418
-1.3285986884121033,25.743130506379632,0.17681463802134678,0.08085211418538969,0.3005704831426754
-1.3285986884121033,26.093729541190463,0.17723900529275885,0.08123255609985298,0.30055336428864093
-1.3285986884121033,26.444328576001293,0.17766584654046938,0.08161167416177086,0.3009206430548365
-1.3285986884121033,26.79492761081212,0.17809509291316947,0.08159252089594551,0.30201902694715227
-1.3285986884121033,27.145526645622947,0.17852667055112018,0.08156521251704958,0.3024759852013245
-1.3285986884121033,27.496125680433778,0.1789605011398953,0.08154645610750781,0.3030574363355136
-1.3285986884121033,27.846724715244605,0.1793965027895553,0.08301685435225928,0.30451837918740776
-1.3285986884121033,28.197323750055432,0.17983459121641068,0.08348173451158752,0.30551421563642495
-1.3285986884121033,28.54792278486626,0.18027468117372705,0.08384962321253146,0.30649313183003185
-1.3285986884121033,28.89852181967709,0.18071668805001556,0.08420053408318667,0.3074551265745474
-1.3285986884121033,29.249120854487916,0.18116052953489162,0.08429844314435012,0.3084002116150672
-1.3285986884121033,29.599719889298743,0.18160612724649008,0.08439503205326612,0.3093284162243895
-1.3285986884121033,29.950318924109574,0.18205340822185156,0.08449018206739438,0.3105654933305646
-1.3285986884121033,30.3009179589204,0.1825023061907544,0.08458377590266535,0.3119402004563274
-1.3285986884121033,30.651516993731228,0.1829527625806864,0.08467569841547055,0.3131976342132449
-1.3285986884121033,31.002116028542055,0.183404727231458,0.08476583722822416,0.31447764184056765
-1.3285986884121033,31.352715063352885,0.18385815882694453,0.048116478379641045,0.27884454040999396
-1.3285986884121033,31.703314098163716,0.1843130250727389,0.05023453069245551,0.282269104907184
-1.3285986884121033,32.05391313297454,0.18476930265721042,0.04882341368473652,0.28192206176297696
-1.3285986884121033,32.40451216778537,0.18522697702783436,0.04874087163529826,0.2829385787323197
-1.3285986884121033,32.7551112025962,0.18568604199748603,0.049175131658660116,0.2853008811133506
-1.3285986884121033,33.105710237407024,0.186146499173387,0.05077914706762274,0.28786647157570877
-1.3285986884121033,33.45630927221785,0.18660835718231245,0.04850632970884268,0.28621374983520415
-1.3285986884121033,33.806908307028685,0.1870716306551169,0.048343114328001396,0.2877116410038582
-1.3285986884121033,34.15750734183951,0.18753633893348584,0.04836033057043323,0.2891743961953667
-1.3285986884121033,34.50810637665034,0.18800250447117575,0.04977858996109939,0.29210582630359455
-1.3285986884121033,34.858705411461166,0.1884701509197342,0.049563019098941674,0.29237698939275997
-1.3285986884121033,35.20930444627199,0.1889393009156009,0.054288590543933715,0.2991090371994137
-1.2702623183126316,0.5,0.15573288594928417,0.056843000355530186,0.26027616440508433
-1.2702623183126316,0.8505990348108282,0.15586094346786467,0.05688388792149497,0.26020899345735526
-1.2702623183126316,1.2011980696216566,0.15599348283008935,0.057131266300120824,0.26014260937442835
-1.2702623183126316,1.5517971044324848,0.15613046213240855,0.05764677640237468,0.26007674293545846
-1.2702623183126316,1.9023961392433129,0.15627184834764826,0.057227387257064506,0.2591666403062519
-1.2702623183126316,2.2529951740541407,0.15641761811579405,0.05705179839378368,0.25874922993026267
-1.2702623183126316,2.6035942088649695,0.15656775882083526,0.057095117430629276,0.25857957311535523
-1.2702623183126316,2.954193243675798,0.1567222698873066,0.05713907421687505,0.25840529831267306
-1.2702623183126316,3.3047922784866257,0.15688116434435476,0.0571837212268539,0.2582263875815641
-1.2702623183126316,3.655391313297454,0.15704447073557257,0.05722911286078433,0.2580426100594985
-1.2702623183126316,4.005990348108282,0.15721223529770667,0.06028121027724164,0.2608606033638981
-1.2702623183126316,4.35658938291911,0.1573845240356533,0.06042854745612582,0.26085064781537803
-1.2702623183126316,4.707188417729939,0.15756142403043413,0.0588754222819074,0.258796119508551
-1.2702623183126316,5.057787452540768,0.1577430431726286,0.05619270164131153,0.2557603131387323
-1.2702623183126316,5.408386487351596,0.15792950760828744,0.058761729163385255,0.2574894060153579
-1.2702623183126316,5.758985522162424,0.15812095656605296,0.05883292444388445,0.2570373918730568
-1.2702623183126316,6.109584556973252,0.15831753487710615,0.0575728494380573,0.2565642987511833
-1.2702623183126316,6.46018359178408,0.15851938423511747,0.05762649873729836,0.2563139881070775
-1.2702623183126316,6.810782626594908,0.15872663476736207,0.05768151595983249,0.2568002878940193
-1.2702623183126316,7.161381661405737,0.15893939851370495,0.056770813290243,0.2557723026760555
-1.2702623183126316,7.511980696216565,0.1591577658694991,0.05726712966398714,0.2554785177267691
-1.2702623183126316,7.8625797310273935,0.159381805161591,0.05776975615761706,0.2551679349559376
-1.2702623183126316,8.213178765838222,0.15961156467164786,0.05746954776710169,0.2541288074894313
-1.2702623183126316,8.56377780064905,0.15984707592079356,0.058459538376330465,0.2544926253943303
-1.2702623183126316,8.914376835459878,0.16008835701384064,0.058691591354682784,0.25432260123988737
-1.2702623183126316,9.264975870270705,0.16033541523369718,0.0583440856084353,0.2537866515846486
-1.2702623183126316,9.615574905081534,0.16058824865013238,0.05818151926951244,0.2533364173529752
-1.2702623183126316,9.96617393989236,0.16084684696479432,0.060011748712678815,0.2553322132478692
-1.2702623183126316,10.316772974703191,0.16111119190883988,0.05861502879308062,0.2526094020134743
-1.2702623183126316,10.667372009514018,0.16138125720401517,0.05840264676209978,0.2521837291424876
-1.2702623183126316,11.017971044324847,0.16165700765635074,0.058481206721790496,0.25183724853900524
-1.2702623183126316,11.368570079135674,0.16193839680558156,0.05854982934110004,0.25147302078182426
-1.2702623183126316,11.719169113946503,0.1622253629634883,0.058526507377869325,0.25229771703493054
-1.2702623183126316,12.069768148757332,0.16251782425850902,0.058502382844148805,0.2534557019304367
-1.2702623183126316,12.420367183568159,0.16281567393864074,0.058822325679635294,0.2555384772496092
-1.2702623183126316,12.77096621837899,0.16311877724186344,0.05845176268817704,0.25616032897436625
-1.2702623183126316,13.121565253189816,0.1634269706483653,0.058963391452936546,0.2570460917331496
-1.2702623183126316,13.472164288000645,0.16374006369263427,0.05910915320686459,0.2577517373940537
-1.2702623183126316,13.822763322811472,0.16405784315359276,0.05837027910845298,0.2567717718233959
-1.2702623183126316,14.1733623576223,0.16438007947989333,0.05810978289193215,0.2566301582178192
-1.2702623183126316,14.523961392433128,0.1647065355544908,0.05711001236613127,0.2544659384334423
-1.2702623183126316,14.874560427243956,0.1650369780202184,0.05825084717458925,0.25633793161136265
-1.2702623183126316,15.225159462054787,0.16537119107490222,0.05698612324220308,0.2561872687663174
-1.2702623183126316,15.575758496865614,0.1657089917848628,0.058223148128228354,0.25937407952355856
-1.2702623183126316,15.926357531676443,0.16605024476426286,0.05676961281574704,0.2587146483254089
-1.2702623183126316,16.276956566487268,0.16639487309729337,0.07072418015391566,0.2738061774876862
-1.2702623183126316,16.6275556012981,0.16674286236295674,0.0711133085216361,0.2738939440265339
-1.2702623183126316,16.978154636108926,0.16709425591516658,0.0715006551966492,0.27435469003530805
-1.2702623183126316,17.328753670919756,0.16744914174402079,0.07188652531569341,0.27575545279314406
-1.2702623183126316,17.679352705730587,0.16780763329963394,0.07225228338733138,0.27636153541020453
-1.2702623183126316,18.029951740541414,0.16816984781544767,0.07161192375480382,0.2750147955375364
-1.2702623183126316,18.38055077535224,0.16853588585081786,0.07090810178234358,0.27421376530719943
-1.2702623183126316,18.73114981016307,0.16890581529644297,0.07190672876552048,0.2762868725600296
-1.2702623183126316,19.081748844973898,0.16927966210505963,0.06962142266139609,0.2745130896914727
-1.2702623183126316,19.432347879784725,0.1696574085464254,0.06894288418889905,0.2751350671702413
-1.2702623183126316,19.782946914595552,0.17003899812882856,0.07099220441170334,0.27821470675487087
-1.2702623183126316,20.133545949406383,0.17042434505968548,0.07086111210490958,0.2812325511321243
-1.2702623183126316,20.48414498421721,0.17081334566738182,0.057514488653859434,0.26820310382127527
-1.2702623183126316,20.834744019028037,0.1712058895301437,0.05738054961733862,0.2696572718171126
-1.2702623183126316,21.185343053838867,0.17160186876335562,0.06217589422688679,0.27461419505841855
-1.2702623183126316,21.535942088649698,0.17200118462414796,0.07308365993943249,0.2852389841496333
-1.2702623183126316,21.886541123460525,0.17240375114394427,0.07336437971843347,0.28517617619564334
-1.2702623183126316,22.23714015827135,0.17280949591947578,0.07305073552552878,0.285099713802609
-1.2702623183126316,22.587739193082182,0.17321835853201803,0.0727435569219038,0.2862429214508385
-1.2702623183126316,22.93833822789301,0.1736302873117931,0.07244270369900994,0.2856906001152088
-1.2702623183126316,23.288937262703836,0.17404523526910196,0.07512814686339923,0.2899733304429678
-1.2702623183126316,23.639536297514667,0.17446315595494727,0.07550949565686793,0.2900066800713106
-1.2702623183126316,23.990135332325494,0.17488399982900038,0.07548818159818295,0.29122196254700566
-1.2702623183126316,24.34073436713632,0.17530771147371535,0.0732911543505212,0.29112436672063896
-1.2702623183126316,24.691333401947148,0.1757342277702189,0.0777223149506261,0.29654642438472917
-1.2702623183126316,25.04193243675798,0.1761634769901739,0.07831251778469232,0.2962904771710859
-1.2702623183126316,25.392531471568805,0.17659537867319713,0.0789145036246575,0.296018306825158
-1.2702623183126316,25.743130506379632,0.17702984413936348,0.07952634562642527,0.29700925869561395
-1.2702623183126316,26.093729541190463,0.1774667775027737,0.07939442986654023,0.2973347165947889
-1.2702623183126316,26.444328576001293,0.17790607707689993,0.08067515001455368,0.2984622670081775
-1.2702623183126316,26.79492761081212,0.17834763707899404,0.08139817710284405,0.29974437370258794
-1.2702623183126316,27.145526645622947,0.17879134954648424,0.08176292669118429,0.300589584078316
-1.2702623183126316,27.496125680433778,0.1792371063778646,0.08265246862657034,0.30232566675333533
-1.2702623183126316,27.846724715244605,0.17968480140946394,0.08327527867962894,0.30333366410908624
-1.2702623183126316,28.197323750055432,0.18013433244063087,0.08368017127203406,0.30432351491198256
-1.2702623183126316,28.54792278486626,0.18058560312469968,0.08404688865148102,0.3052953630323008
-1.2702623183126316,28.89852181967709,0.18103852465279274,0.08441138641077602,0.3062493694485411
-1.2702623183126316,29.249120854487916,0.18149301717281377,0.08477355807244658,0.30718571459143873
-1.2702623183126316,29.599719889298743,0.1819490109060707,0.08513330952771699,0.3083751319512779
-1.2702623183126316,29.950318924109574,0.18240644694602406,0.08506274966435264,0.30909865070109427
-1.2702623183126316,30.3009179589204,0.18286527774383293,0.085160100509722,0.30989091137881325
-1.2702623183126316,30.651516993731228,0.1833254673003865,0.08500163062206963,0.3107588538895862
-1.2702623183126316,31.002116028542055,0.18378699109272695,0.08455782088258969,0.3116103696279044
-1.2702623183126316,31.352715063352885,0.18424983576421974,0.08413000474285458,0.3124457717154124
-1.2702623183126316,31.703314098163716,0.1847139986036677,0.08371820984103218,0.31354109501871624
-1.2702623183126316,32.05391313297454,0.18517948683052335,0.08275584621984985,0.3146769384595059
-1.2702623183126316,32.40451216778537,0.18564631669335852,0.08294250778081051,0.3158523292703338
-1.2702623183126316,32.7551112025962,0.1861145123783299,0.08257838160279024,0.3173335562323619
-1.2702623183126316,33.105710237407024,0.18658410471430845,0.08133435810076704,0.31812449850316477
-1.2702623183126316,33.45630927221785,0.18705512965195886,0.08155397023990091,0.3192210083725379
-1.2702623183126316,33.806908307028685,0.18752762648691654,0.08157865259026406,0.3202911501962965
-1.2702623183126316,34.15750734183951,0.1880016357968325,0.08127545941216058,0.32133505305377597
-1.2702623183126316,34.50810637665034,0.18847719707636332,0.08098680852330618,0.322352920233397
-1.2702623183126316,34.858705411461166,0.188954346091917,0.08071238295466795,0.32334501473635985
-1.2702623183126316,35.20930444627199,0.1894331120436115,0.08045185508240611,0.3243116466796162
-1.21192594821316,0.5,0.15532000220084854,0.05134857482913915,0.25315774740381064
-1.21192594821316,0.8505990348108282,0.155450328720826,0.051769918375220145,0.25341725091923123
-1.21192594821316,1.2011980696216566,0.15558547054840827,0.05165134232603047,0.2530282836413425
-1.21192594821316,1.5517971044324848,0.15572535919589092,0.051957531429586104,0.25358268159263964
-1.21192594821316,1.9023961392433129,0.15586993429280313,0.05731095822398947,0.2594839482483246
-1.21192594821316,2.2529951740541407,0.15601914467821795,0.05736989642897333,0.258410368804525
-1.21192594821316,2.6035942088649695,0.15617294984340085,0.057429797747739535,0.2579198100719252
-1.21192594821316,2.954193243675798,0.15633132184924187,0.057490712166746824,0.25781477334035185
-1.21192594821316,3.3047922784866257,0.15649424793805894,0.05755268925550926,0.2577036786356798
-1.21192594821316,3.655391313297454,0.15666173397045968,0.05870206633638691,0.25875076444447226
-1.21192594821316,4.005990348108282,0.15683380846028055,0.058220963771890094,0.25746109295757325
-1.21192594821316,4.35658938291911,0.15701052646358762,0.058432951131021316,0.257815302994862
-1.21192594821316,4.707188417729939,0.15719197215022296,0.05766300778821723,0.25718600271116593
-1.21192594821316,5.057787452540768,0.15737825879321127,0.05892275709718702,0.2575018414855745
-1.21192594821316,5.408386487351596,0.15756952527976484,0.05898454155036292,0.2578238888469087
-1.21192594821316,5.758985522162424,0.15776592903754294,0.058020612040779046,0.25669418994109444
-1.21192594821316,6.109584556973252,0.1579676362621067,0.057737463176713064,0.2556863088081706
-1.21192594821316,6.46018359178408,0.15817481116817844,0.057459954916484646,0.25528797233769046
-1.21192594821316,6.810782626594908,0.15838760630718485,0.05824257575703868,0.2560777837182148
-1.21192594821316,7.161381661405737,0.15860615562933447,0.058319905767511115,0.25583854857203325
-1.21192594821316,7.511980696216565,0.15883057106515122,0.053410175869258746,0.25104718935499426
-1.21192594821316,7.8625797310273935,0.15906094234353152,0.05415472463075305,0.2506507332451598
-1.21192594821316,8.213178765838222,0.159297338962264,0.054915456839869245,0.2516768553222393
-1.21192594821316,8.56377780064905,0.15953981293112116,0.05545437639706058,0.2515886902650885
-1.21192594821316,8.914376835459878,0.15978840113957188,0.05553498693112481,0.2510178744168298
-1.21192594821316,9.264975870270705,0.1600431267883401,0.05882457383337513,0.25396715390343544
-1.21192594821316,9.615574905081534,0.1603039999585501,0.05883568158020196,0.25357558302940647
-1.21192594821316,9.96617393989236,0.16057101773149035,0.05897610408898328,0.25320917870799226
-1.21192594821316,10.316772974703191,0.1608441641249581,0.05956881373589435,0.25276209004813077
-1.21192594821316,10.667372009514018,0.16112340962715768,0.059480823457536254,0.25242908645452083
-1.21192594821316,11.017971044324847,0.16140870974340996,0.05930835832777265,0.25257541515765175
-1.21192594821316,11.368570079135674,0.16170000214506117,0.058755131869989735,0.2517055470792028
-1.21192594821316,11.719169113946503,0.16199720270796836,0.05873742673313021,0.2515172506789715
-1.21192594821316,12.069768148757332,0.16230020146095828,0.05871924308478755,0.2521321909211393
-1.21192594821316,12.420367183568159,0.16260885969240504,0.05870062466792595,0.25353025040076216
-1.21192594821316,12.77096621837899,0.16292300907027119,0.05868162644101702,0.25552259374684
-1.21192594821316,13.121565253189816,0.16324245298744208,0.058662314877001194,0.2560602711880018
-1.21192594821316,13.472164288000645,0.16356696993708655,0.05864276818201761,0.25509291425755815
-1.21192594821316,13.822763322811472,0.16389631876575741,0.058623076428617374,0.25564761070104247
-1.21192594821316,14.1733623576223,0.1642302459898755,0.05639395042359418,0.2531576926655319
-1.21192594821316,14.523961392433128,0.16456849563106127,0.056442567728557234,0.25484590298829324
-1.21192594821316,14.874560427243956,0.1649108218701169,0.05376368173733506,0.25167317684132096
-1.21192594821316,15.225159462054787,0.16525700405198807,0.05426460153365106,0.25328804987702863
-1.21192594821316,15.575758496865614,0.165606862315196,0.05659430845191451,0.2566638018655644
-1.21192594821316,15.926357531676443,0.16596027087747978,0.05664766516483361,0.25651678311425324
-1.21192594821316,16.276956566487268,0.16631716554819892,0.05587237875055743,0.25615535435199777
-1.21192594821316,16.6275556012981,0.16667754291295933,0.05644633695932838,0.2576912647361365
-1.21192594821316,16.978154636108926,0.1670414506652668,0.05664272859476179,0.25930474144748494
-1.21192594821316,17.328753670919756,0.16740897082139733,0.06843531114291755,0.2716410658735344
-1.21192594821316,17.679352705730587,0.16778019909289885,0.07063800061045551,0.27322629730619535
-1.21192594821316,18.029951740541414,0.16815522421213938,0.07128362835451767,0.2739220524446015
-1.21192594821316,18.38055077535224,0.1685341107593497,0.07081015040809381,0.2741367062210437
-1.21192594821316,18.73114981016307,0.1689168882059443,0.06989616841016882,0.2735706100081194
-1.21192594821316,19.081748844973898,0.16930354744264123,0.07195573315411488,0.27717483336548526
-1.21192594821316,19.432347879784725,0.16969404421544096,0.0725463257185472,0.2786269178309853
-1.21192594821316,19.782946914595552,0.17008830730996163,0.07448829953696809,0.2821663539770094
-1.21192594821316,20.133545949406383,0.17048624867153278,0.07376172199942371,0.28204217866631437
-1.21192594821316,20.48414498421721,0.17088777304028485,0.06723772305214543,0.27736426517449597
-1.21192594821316,20.834744019028037,0.17129278565040063,0.07299428288863923,0.2834892264431249
-1.21192594821316,21.185343053838867,0.17170119748119425,0.07232883452193745,0.28315919928154004
-1.21192594821316,21.535942088649698,0.17211292811650947,0.07165952934661245,0.282808601396259
-1.21192594821316,21.886541123460525,0.17252790648461913,0.07098763962855502,0.28243740337453854
-1.21192594821316,22.23714015827135,0.17294606981099678,0.0703143172959675,0.28204567694451155
-1.21192594821316,22.587739193082182,0.17336736118639234,0.06964057592336556,0.28168214710652634
-1.21192594821316,22.93833822789301,0.1737917262606827,0.07454987337228898,0.28594873549633504
-1.21192594821316,23.288937262703836,0.1742191096443541,0.0723077712024052,0.28516157252845353
-1.21192594821316,23.639536297514667,0.174649451562292,0.07312141396711311,0.2869303330785403
-1.21192594821316,23.990135332325494,0.1750826851601961,0.07486333881666922,0.2896671761872965
-1.21192594821316,24.34073436713632,0.17551873467582346,0.07607905559698062,0.2908642267051709
-1.21192594821316,24.691333401947148,0.17595751452590147,0.07731724038823704,0.29204040339951076
-1.21192594821316,25.04193243675798,0.17639892926084091,0.07763074980702112,0.2931959216762173
-1.21192594821316,25.392531471568805,0.17684287429769052,0.07984858746760416,0.294331001629175
-1.21192594821316,25.743130506379632,0.17728923732823182,0.08113521757967727,0.2954458677867154
-1.21192594821316,26.093729541190463,0.17773790028629677,0.08169300860923095,0.2956880123482004
-1.21192594821316,26.444328576001293,0.17818874173613433,0.08206621830136863,0.2968657390388968
-1.21192594821316,26.79492761081212,0.17864163951923281,0.08243823016449367,0.299023059775034
-1.21192594821316,27.145526645622947,0.17909647348416172,0.08280890224655123,0.299707884861424
-1.21192594821316,27.496125680433778,0.17955312813144875,0.08317809286185035,0.30072526858851684
-1.21192594821316,27.846724715244605,0.18001149503246774,0.08354566247836777,0.30172393633856204
-1.21192594821316,28.197323750055432,0.18047147492036517,0.0839114755448602,0.3027041756140659
-1.21192594821316,28.54792278486626,0.1809329793933724,0.08427540221080046,0.30366628747136976
-1.21192594821316,28.89852181967709,0.18139593220966702,0.08463731989595304,0.30461058680057623
-1.21192594821316,29.249120854487916,0.1818602701841744,0.08499711467295794,0.3072357265827399
-1.21192594821316,29.599719889298743,0.18232594371904964,0.08535468243490561,0.30946423612351454
-1.21192594821316,29.950318924109574,0.18279291700986133,0.08556285631184862,0.3101502070107991
-1.21192594821316,30.3009179589204,0.18326116796890732,0.08247344036704105,0.3082164236759009
-1.21192594821316,30.651516993731228,0.18373068789767885,0.08259428111338063,0.3090768389939117
-1.21192594821316,31.002116028542055,0.18420148092599395,0.08273229270934618,0.3099215900456132
-1.21192594821316,31.352715063352885,0.18467356321980782,0.08288827205241663,0.3114429476615612
-1.21192594821316,31.703314098163716,0.18514696194604524,0.08198123617371655,0.31156566188033963
-1.21192594821316,32.05391313297454,0.18562171397196273,0.08221186109294475,0.3123657730687026
-1.21192594821316,32.40451216778537,0.18609786426836591,0.08244219621573835,0.31315179693897105
-1.21192594821316,32.7551112025962,0.1865754639808412,0.0822198014271093,0.31420886054167313
-1.21192594821316,33.105710237407024,0.18705456813388346,0.08266867418792029,0.3164500513103976
-1.21192594821316,33.45630927221785,0.18753523294585003,0.08231333446469198,0.31753903548934914
-1.21192594821316,33.806908307028685,0.18801751276697345,0.08122979800782673,0.3178869739135181
-1.21192594821316,34.15750734183951,0.18850145671554006,0.08093022381600855,0.3186107101089004
-1.21192594821316,34.50810637665034,0.18898710517821415,0.08064536836277,0.31933777009577363
-1.21192594821316,34.858705411461166,0.1894744864453268,0.08037491087152003,0.32006790432359433
-1.21192594821316,35.20930444627199,0.1899636138424067,0.08009276859786692,0.3207523113737544
-1.1535895781136882,0.5,0.15491906346759216,0.0562823532051192,0.25938485664292954
-1.1535895781136882,0.8505990348108282,0.155051624790925,0.05634969514854704,0.2589147862207211
-1.1535895781136882,1.2011980696216566,0.15518940697799222,0.05643608140344243,0.25918518062247076
-1.1535895781136882,1.5517971044324848,0.15533231432454453,0.05122978267955195,0.25376632475822075
-1.1535895781136882,1.9023961392433129,0.1554802583041786,0.05111335793300186,0.25345449929287733
-1.1535895781136882,2.2529951740541407,0.15563315938820477,0.05776186393418331,0.2600231641493553
-1.1535895781136882,2.6035942088649695,0.15579094922658823,0.05784149310238848,0.25872754033937384
-1.1535895781136882,2.954193243675798,0.1559535734741029,0.057922658855897126,0.2573540199251314
-1.1535895781136882,3.3047922784866257,0.1561209955881133,0.05800541240708027,0.2572568924675951
-1.1535895781136882,3.655391313297454,0.15629320168187216,0.058089803388772676,0.25665057898897065
-1.1535895781136882,4.005990348108282,0.15647020596970931,0.056696492661106386,0.25467226279751126
-1.1535895781136882,4.35658938291911,0.15665205568766905,0.057694319406690904,0.25531188659241066
-1.1535895781136882,4.707188417729939,0.15683883394189868,0.05633917880146127,0.2532944941503231
-1.1535895781136882,5.057787452540768,0.15703065900768312,0.056750948008173124,0.25289701238658063
-1.1535895781136882,5.408386487351596,0.1572276792683224,0.0571752561035988,0.25407501573478397
-1.1535895781136882,5.758985522162424,0.15743006409093394,0.058357620298698135,0.2556823008902983
-1.1535895781136882,6.109584556973252,0.157637992108323,0.05805942597791814,0.2550750181399149
-1.1535895781136882,6.46018359178408,0.15785163914459335,0.058446936858879764,0.2544722652643307
-1.1535895781136882,6.810782626594908,0.15807116805154925,0.058879709818511164,0.25546689327437866
-1.1535895781136882,7.161381661405737,0.1582967220009997,0.058445140986613936,0.2550738182520771
-1.1535895781136882,7.511980696216565,0.15852842162966213,0.05843519535023517,0.2548982655740593
-1.1535895781136882,7.8625797310273935,0.15876636533493463,0.05841927959518178,0.25472819489641296
-1.1535895781136882,8.213178765838222,0.15901063135605867,0.05839746432983633,0.2554108025168593
-1.1535895781136882,8.56377780064905,0.15926128019970948,0.05781189874429596,0.25483833765071723
-1.1535895781136882,8.914376835459878,0.15951835640203457,0.05833650652164358,0.2545065388082747
-1.1535895781136882,9.264975870270705,0.15978188930477494,0.058575926506077944,0.25476459774332
-1.1535895781136882,9.615574905081534,0.16005189310327977,0.05534488881320968,0.24965182735439548
-1.1535895781136882,9.96617393989236,0.1603283665793875,0.057621277182761145,0.251028635168575
-1.1535895781136882,10.316772974703191,0.16061129260205895,0.058148911999163284,0.25158363797331634
-1.1535895781136882,10.667372009514018,0.16090063699116092,0.0580893369260108,0.2505900016719691
-1.1535895781136882,11.017971044324847,0.16119634621443757,0.058025141944866354,0.24966795285887916
-1.1535895781136882,11.368570079135674,0.16149834387227097,0.05795660900918208,0.2499357881170778
-1.1535895781136882,11.719169113946503,0.1618065267082809,0.05903805860865681,0.2514211071211004
-1.1535895781136882,12.069768148757332,0.16212076135194156,0.057807847661682905,0.25051198218748444
-1.1535895781136882,12.420367183568159,0.16244088281162475,0.05772838069537924,0.25130035720446536
-1.1535895781136882,12.77096621837899,0.16276669511591071,0.057646101203999246,0.25217557720029704
-1.1535895781136882,13.121565253189816,0.1630979739718446,0.05756149599520559,0.2530961816222187
-1.1535895781136882,13.472164288000645,0.16343447122365623,0.05747509274562869,0.2527295776368635
-1.1535895781136882,13.822763322811472,0.16377592120894316,0.057387457402453275,0.2525040029378619
-1.1535895781136882,14.1733623576223,0.16412204948379722,0.05683138311458277,0.25313974003024026
-1.1535895781136882,14.523961392433128,0.164472584424766,0.05721092328334408,0.25412057571623137
-1.1535895781136882,14.874560427243956,0.16482727164517666,0.05712331159488655,0.2553330294199543
-1.1535895781136882,15.225159462054787,0.16518588999485365,0.06088455237209762,0.2595408077040249
-1.1535895781136882,15.575758496865614,0.16554826654323165,0.05610861688067049,0.25575909120185736
-1.1535895781136882,15.926357531676443,0.16591428711387163,0.05669270497387091,0.25643843064406696
-1.1535895781136882,16.276956566487268,0.16628389934205778,0.05679310771362872,0.25656290458587333
-1.1535895781136882,16.6275556012981,0.1666571069448361,0.05671909471157875,0.2576781503420954
-1.1535895781136882,16.978154636108926,0.16703395616285835,0.05664987496891584,0.2585539248011499
-1.1535895781136882,17.328753670919756,0.1674145171120214,0.07263592384381434,0.2735987579206839
-1.1535895781136882,17.679352705730587,0.16779886358087706,0.07254139827099514,0.2736199084819659
-1.1535895781136882,18.029951740541414,0.168187054825738,0.07198799229371396,0.27346807378801197
-1.1535895781136882,18.38055077535224,0.16857912240264258,0.07141677168658962,0.2733085759510131
-1.1535895781136882,18.73114981016307,0.16897506395215312,0.07152855718475075,0.27329612937794323
-1.1535895781136882,19.081748844973898,0.16937484409735637,0.07454760386758613,0.27690612714602986
-1.1535895781136882,19.432347879784725,0.16977840074535502,0.07492519546210749,0.27694366877299714
-1.1535895781136882,19.782946914595552,0.17018565393751428,0.07565448020013721,0.27953199910001436
-1.1535895781136882,20.133545949406383,0.17059651445383986,0.07404902985667694,0.2795447514414119
-1.1535895781136882,20.48414498421721,0.17101089040039938,0.07527905676581335,0.2816296793517323
-1.1535895781136882,20.834744019028037,0.1714286912918081,0.07491796273961476,0.281435423166334
-1.1535895781136882,21.185343053838867,0.1718498300475458,0.07432201195729421,0.2812214168105363
-1.1535895781136882,21.535942088649698,0.17227422361769068,0.07363550885664893,0.2809874079916217
-1.1535895781136882,21.886541123460525,0.1727017927934801,0.07294489946920635,0.2807332459695451
-1.1535895781136882,22.23714015827135,0.17313246145686678,0.07195897054510117,0.2801416296318266
-1.1535895781136882,22.587739193082182,0.17356615533478156,0.07311138597541511,0.2815462489889684
-1.1535895781136882,22.93833822789301,0.17400280032625573,0.07086075691408678,0.2809445933090925
-1.1535895781136882,23.288937262703836,0.1744423205842054,0.07437709127758592,0.28540954383500916
-1.1535895781136882,23.639536297514667,0.17488463662984824,0.07672455652924724,0.28701476004526616
-1.1535895781136882,23.990135332325494,0.17532966378601214,0.07797138069821329,0.2877922849104349
-1.1535895781136882,24.34073436713632,0.17577731114956852,0.07853181901783832,0.2889798008380603
-1.1535895781136882,24.691333401947148,0.17622748123242213,0.0787638843647262,0.29014569396710066
-1.1535895781136882,25.04193243675798,0.1766800703179915,0.08088719433657954,0.29270014680126405
-1.1535895781136882,25.392531471568805,0.17713496950985758,0.0812564847175765,0.2927860693854509
-1.1535895781136882,25.743130506379632,0.17759206638411365,0.08162514050474218,0.29351711520640617
-1.1535895781136882,26.093729541190463,0.1780512470979983,0.08199306146541094,0.2946000444682067
-1.1535895781136882,26.444328576001293,0.1785123987668965,0.08236013873645373,0.29566977163110403
-1.1535895781136882,26.79492761081212,0.17897541191255187,0.08529478533623308,0.29955735626309726
-1.1535895781136882,27.145526645622947,0.17944018280944726,0.08309129263848945,0.29815509436902826
-1.1535895781136882,27.496125680433778,0.1799066156029643,0.0834551223704818,0.2988376050383728
-1.1535895781136882,27.846724715244605,0.1803746241252044,0.08381761811789108,0.29988879434026094
-1.1535895781136882,28.197323750055432,0.18084413337813562,0.08417865227826489,0.3009711225307688
-1.1535895781136882,28.54792278486626,0.1813150806826187,0.08453809882919121,0.3033660514097654
-1.1535895781136882,28.89852181967709,0.18178741650647362,0.08256227346263144,0.3029954848671066
-1.1535895781136882,29.249120854487916,0.18226110498873083,0.08263723577072712,0.30393559175581175
-1.1535895781136882,29.599719889298743,0.1827361241736949,0.0827274995630466,0.3048266139262054
-1.1535895781136882,29.950318924109574,0.18321246595903484,0.08283376448104875,0.3056679308822294
-1.1535895781136882,30.3009179589204,0.18369013574815024,0.08295675251452189,0.30645902462313496
-1.1535895781136882,30.651516993731228,0.1841691517810916,0.08309720539176706,0.30719946449749075
-1.1535895781136882,31.002116028542055,0.1846495441041274,0.08305644165777107,0.30788889549647097
-1.1535895781136882,31.352715063352885,0.18513135312967394,0.08297541955937097,0.3090024113153669
-1.1535895781136882,31.703314098163716,0.18561462773910295,0.08281362133691025,0.310345210076982
-1.1535895781136882,32.05391313297454,0.18609942289352704,0.08259898451909302,0.31164187084855005
-1.1535895781136882,32.40451216778537,0.1865857967443899,0.08222455704117478,0.31289053644009435
-1.1535895781136882,32.7551112025962,0.18707380727906245,0.08047923901302695,0.31186942063224116
-1.1535895781136882,33.105710237407024,0.18756350859888782,0.08107006696919618,0.3130106973273066
-1.1535895781136882,33.45630927221785,0.18805494700793096,0.08119758953855159,0.31461573305177903
-1.1535895781136882,33.806908307028685,0.18854815718315313,0.0808865707123686,0.31618371089421543
-1.1535895781136882,34.15750734183951,0.18904315878326225,0.08155623545966979,0.3183728697080448
-1.1535895781136882,34.50810637665034,0.18953995390539452,0.08201453932175681,0.3198704684834362
-1.1535895781136882,34.858705411461166,0.19003852578291874,0.08134622832831147,0.3206821184748606
-1.1535895781136882,35.20930444627199,0.19053883901002905,0.08065298067569764,0.32120514532946326
-1.0952532080142166,0.5,0.15453712498634023,0.05602733090688127,0.25782992895741524
-1.0952532080142166,0.8505990348108282,0.15467166175996036,0.055190851384954095,0.2571172744185569
-1.0952532080142166,1.2011980696216566,0.1548118938854142,0.05495800953670247,0.2570939322501198
-1.0952532080142166,1.5517971044324848,0.1549577063389512,0.050875640776355584,0.25281330700347693
-1.0952532080142166,1.9023961392433129,0.1551089892048289,0.05397311512508282,0.25571969949772716
-1.0952532080142166,2.2529951740541407,0.15526564083470107,0.05450192250160437,0.25556383764673785
-1.0952532080142166,2.6035942088649695,0.15542757154152456,0.05481049515528432,0.25480889383529226
-1.0952532080142166,2.954193243675798,0.15559470796759184,0.055036999610410677,0.2543599258669114
-1.0952532080142166,3.3047922784866257,0.15576699823253393,0.055462236566549486,0.2539153037688807
-1.0952532080142166,3.655391313297454,0.15594441769053427,0.05580607090521402,0.2534750615091577
-1.0952532080142166,4.005990348108282,0.1561269746119908,0.0561622485034606,0.25259463903745805
-1.0952532080142166,4.35658938291911,0.15631471455206103,0.0565146248923339,0.2523133539770769
-1.0952532080142166,4.707188417729939,0.15650772188569986,0.05669122729876412,0.25218086323142413
-1.0952532080142166,5.057787452540768,0.15670611723648706,0.056803423959008295,0.25178481969382843
-1.0952532080142166,5.408386487351596,0.15691005036893635,0.05682212660652481,0.2515373634389256
-1.0952532080142166,5.758985522162424,0.15711968933304948,0.056835560888564056,0.2513009441328605
-1.0952532080142166,6.109584556973252,0.1573352077809771,0.056843677151746395,0.25182449505102905
-1.0952532080142166,6.46018359178408,0.1575567729122992,0.057636509678780465,0.2538694532824231
-1.0952532080142166,6.810782626594908,0.15778453618940302,0.056843839632390446,0.2533614153463951
-1.0952532080142166,7.161381661405737,0.15801862795357835,0.05941302710593127,0.255935514516149
-1.0952532080142166,7.511980696216565,0.1582591558327638,0.06516089532868356,0.2610992826868835
-1.0952532080142166,7.8625797310273935,0.15850620586376446,0.06581652377326926,0.259954929333004
-1.0952532080142166,8.213178765838222,0.15875984485171613,0.06576804700365559,0.2604122125748471
-1.0952532080142166,8.56377780064905,0.15902012267879095,0.06689560716554532,0.2623224499106831
-1.0952532080142166,8.914376835459878,0.15928707385327068,0.059200488884913464,0.25505190735840827
-1.0952532080142166,9.264975870270705,0.15956071822971318,0.05943086104449342,0.2542080082647749
-1.0952532080142166,9.615574905081534,0.15984106118772276,0.05972602773371537,0.25430945177398234
-1.0952532080142166,9.96617393989236,0.16012809345278822,0.05721040304198231,0.2509709125073813
-1.0952532080142166,10.316772974703191,0.16042179033273013,0.060297845830659565,0.25295221914021
-1.0952532080142166,10.667372009514018,0.16072210986763494,0.06060300174166001,0.2525657966430012
-1.0952532080142166,11.017971044324847,0.16102898962801646,0.06092193538794399,0.2522002819573907
-1.0952532080142166,11.368570079135674,0.1613423425799554,0.060354530830112496,0.2519263275361389
-1.0952532080142166,11.719169113946503,0.16166205306288234,0.06103185404971187,0.25222077272387283
-1.0952532080142166,12.069768148757332,0.1619879740120204,0.06171604744329821,0.2525277330861359
-1.0952532080142166,12.420367183568159,0.16231992609390855,0.06231395440721426,0.2529987188662628
-1.0952532080142166,12.77096621837899,0.16265769884596873,0.06146594232046724,0.25197743697451563
-1.0952532080142166,13.121565253189816,0.16300105367115778,0.06269966057525088,0.253516493792307
-1.0952532080142166,13.472164288000645,0.16334972874405385,0.06289915038465217,0.2565467265206038
-1.0952532080142166,13.822763322811472,0.16370344628216602,0.055802968091921444,0.24980636152935387
-1.0952532080142166,14.1733623576223,0.16406192281895093,0.055732319138761616,0.25059030210414796
-1.0952532080142166,14.523961392433128,0.164424882741883,0.05565481640665994,0.2510820055001647
-1.0952532080142166,14.874560427243956,0.1647920743240293,0.05959162594955388,0.2553441201670236
-1.0952532080142166,15.225159462054787,0.16516328604959726,0.05941181607955025,0.2557297704651581
-1.0952532080142166,15.575758496865614,0.16553835988407498,0.05913474775627921,0.2564592571044271
-1.0952532080142166,15.926357531676443,0.16591719806604113,0.05967245415846092,0.2577090249378077
-1.0952532080142166,16.276956566487268,0.166299761341259,0.05903348879055047,0.25693904156561687
-1.0952532080142166,16.6275556012981,0.16668605878257822,0.05972920155668916,0.2573169297618849
-1.0952532080142166,16.978154636108926,0.1670761313587047,0.06045237220098796,0.25834842912551537
-1.0952532080142166,17.328753670919756,0.1674700325033829,0.06083939430582441,0.2594698240532218
-1.0952532080142166,17.679352705730587,0.16786780916523292,0.06062461647369271,0.26057856348644876
-1.0952532080142166,18.029951740541414,0.16826948654421278,0.07388218254456166,0.27330541217336896
-1.0952532080142166,18.38055077535224,0.16867505894772278,0.07430387749852285,0.2732566537110272
-1.0952532080142166,18.73114981016307,0.1690844877449418,0.07468066219739902,0.2732088752043466
-1.0952532080142166,19.081748844973898,0.16949770550877263,0.07505529911944159,0.27316193459599797
-1.0952532080142166,19.432347879784725,0.1699146238801508,0.07542803877105557,0.2760357361795679
-1.0952532080142166,19.782946914595552,0.17033514218112536,0.07639645016327895,0.27964099647907825
-1.0952532080142166,20.133545949406383,0.1707591544470763,0.07603590403048197,0.28022974144872076
-1.0952532080142166,20.48414498421721,0.17118655384512008,0.07518061707004219,0.27955575777342145
-1.0952532080142166,20.834744019028037,0.17161723469438417,0.07529107009431164,0.27948673998076473
-1.0952532080142166,21.185343053838867,0.17205109301009452,0.07468272582713957,0.28003852088838527
-1.0952532080142166,21.535942088649698,0.1724880265480381,0.07275770223426695,0.27929319655268214
-1.0952532080142166,21.886541123460525,0.17292793494145228,0.07205083436395567,0.27813688691974053
-1.0952532080142166,22.23714015827135,0.17337072003642895,0.07383891627018999,0.2794432693695703
-1.0952532080142166,22.587739193082182,0.1738162862151279,0.07348504053320351,0.28072582085913816
-1.0952532080142166,22.93833822789301,0.17426454044896866,0.07280414724391952,0.281506426540145
-1.0952532080142166,23.288937262703836,0.1747153919774636,0.07881556676737372,0.2862053524935635
-1.0952532080142166,23.639536297514667,0.17516875170829607,0.07945397576014453,0.2858148207421899
-1.0952532080142166,23.990135332325494,0.17562453155589736,0.07969336500920252,0.2856766289928854
-1.0952532080142166,24.34073436713632,0.17608264394645448,0.07993385204812663,0.28701988371784265
-1.0952532080142166,24.691333401947148,0.17654300165375503,0.08017535955578138,0.288337867658357
-1.0952532080142166,25.04193243675798,0.17700551804131115,0.0804178097161166,0.28962934713925914
-1.0952532080142166,25.392531471568805,0.1774701077015426,0.08162351703536741,0.2912351622080297
-1.0952532080142166,25.743130506379632,0.1779366874163518,0.08198361811747319,0.29212765290205833
-1.0952532080142166,26.093729541190463,0.17840517732395028,0.08234319152661275,0.29333190309566437
-1.0952532080142166,26.444328576001293,0.17887550216883308,0.08270216184760151,0.29498929560737525
-1.0952532080142166,26.79492761081212,0.17934759253113203,0.08264430157948455,0.295878228585908
-1.0952532080142166,27.145526645622947,0.17982138596514008,0.08282829619964463,0.2971896398980128
-1.0952532080142166,27.496125680433778,0.18029682800928565,0.08284769239508002,0.2978227681635506
-1.0952532080142166,27.846724715244605,0.18077387305103185,0.08288025751957598,0.2993483652419897
-1.0952532080142166,28.197323750055432,0.18125248503739483,0.08262991016631854,0.29986216980702035
-1.0952532080142166,28.54792278486626,0.1817326380174079,0.08287779585989838,0.3009725431894124
-1.0952532080142166,28.89852181967709,0.18221431649083547,0.08306290734674625,0.3020360382990293
-1.0952532080142166,29.249120854487916,0.1826975155215661,0.08315420974379255,0.3030515473765206
-1.0952532080142166,29.599719889298743,0.18318224055834612,0.08326182808168331,0.3040181454524751
-1.0952532080142166,29.950318924109574,0.18366850689451558,0.083386455764477,0.3051347392678213
-1.0952532080142166,30.3009179589204,0.1841563386967961,0.08352880234385668,0.3065995795284668
-1.0952532080142166,30.651516993731228,0.18464576754399759,0.0836895902631908,0.30802326896417453
-1.0952532080142166,31.002116028542055,0.18513683044019907,0.08345686306034565,0.310114519186937
-1.0952532080142166,31.352715063352885,0.1856295673021678,0.0827866315040017,0.31073693152621124
-1.0952532080142166,31.703314098163716,0.18612401796613343,0.0797794429778591,0.3087563983171292
-1.0952532080142166,32.05391313297454,0.18662021881418378,0.07973283820411778,0.3093656981034825
-1.0952532080142166,32.40451216778537,0.18711819918532724,0.07970521790597507,0.30992292340286887
-1.0952532080142166,32.7551112025962,0.18761797780797276,0.0796964322454086,0.31042802887273424
-1.0952532080142166,33.105710237407024,0.1881195595606679,0.07970644734634373,0.31088103863448485
-1.0952532080142166,33.45630927221785,0.18862293291965745,0.07973535182730401,0.31202195168529384
-1.0952532080142166,33.806908307028685,0.18912806846111826,0.0797833579232192,0.31342278515489486
-1.0952532080142166,34.15750734183951,0.1896349187276453,0.07985079674328169,0.3149017570972415
-1.0952532080142166,34.50810637665034,0.1901434196282588,0.0799381075626884,0.3163568683259242
-1.0952532080142166,34.858705411461166,0.19065349332830928,0.08004582150089655,0.3180079206906456
-1.0952532080142166,35.20930444627199,0.19116505234029024,0.07985104499428541,0.3191739552853422
-1.0369168379147449,0.5,0.15418323180597152,0.0540334191804736,0.25387872469995026
-1.0369168379147449,0.8505990348108282,0.15431945124373597,0.056793527438638566,0.2567352946878887
-1.0369168379147449,1.2011980696216566,0.15446189649753653,0.05576629813493613,0.2560952022150661
-1.0369168379147449,1.5517971044324848,0.15461044760028794,0.05570540800544387,0.2559872628766084
-1.0369168379147449,1.9023961392433129,0.15476498751652307,0.05412624211417682,0.253256357543842
-1.0369168379147449,2.2529951740541407,0.15492540667491686,0.05470685460684463,0.2540887709680619
-1.0369168379147449,2.6035942088649695,0.15509160803065603,0.06221190090812425,0.2606830180850612
-1.0369168379147449,2.954193243675798,0.1552635125733037,0.062487712459463635,0.26130192074934777
-1.0369168379147449,3.3047922784866257,0.15544106517881964,0.058595789059906075,0.25686397557578544
-1.0369168379147449,3.655391313297454,0.15562424045431938,0.06600266670859058,0.2631758759173387
-1.0369168379147449,4.005990348108282,0.1558130477587101,0.05529250205274112,0.2518885145399551
-1.0369168379147449,4.35658938291911,0.15600753412528728,0.05531751872633323,0.2514613193620871
-1.0369168379147449,4.707188417729939,0.15620778369165736,0.055338215903234136,0.25103845704498506
-1.0369168379147449,5.057787452540768,0.15641391270734828,0.060972686860670894,0.2564250999395441
-1.0369168379147449,5.408386487351596,0.15662606023393347,0.06134259684787545,0.25637810912336445
-1.0369168379147449,5.758985522162424,0.15684437593508424,0.06898602030556723,0.2639099538426855
-1.0369168379147449,6.109584556973252,0.15706900731024387,0.05925458574302914,0.25390299877330497
-1.0369168379147449,6.46018359178408,0.157300088873382,0.05967867855927038,0.25329154535549125
-1.0369168379147449,6.810782626594908,0.15753773503057825,0.05977987758355516,0.2526853459954203
-1.0369168379147449,7.161381661405737,0.15778203713831157,0.05979465975435361,0.25334040222271487
-1.0369168379147449,7.511980696216565,0.15803306401216125,0.06526815083568795,0.25911793277324585
-1.0369168379147449,7.8625797310273935,0.1582908644591345,0.06625959453710858,0.25918023634281495
-1.0369168379147449,8.213178765838222,0.1585554703678279,0.06662290683997313,0.2587162759597576
-1.0369168379147449,8.56377780064905,0.1588268993566076,0.06733421520032273,0.25854821483302337
-1.0369168379147449,8.914376835459878,0.15910515662376795,0.06737567913995436,0.2588992114595359
-1.0369168379147449,9.264975870270705,0.15939023610216183,0.06710936638250173,0.25986760796908487
-1.0369168379147449,9.615574905081534,0.15968212106220778,0.06390938675459004,0.25632219961324487
-1.0369168379147449,9.96617393989236,0.15998078399725227,0.06440557757206326,0.2576084539301141
-1.0369168379147449,10.316772974703191,0.1602861853335124,0.06267414884042105,0.2548299529174723
-1.0369168379147449,10.667372009514018,0.16059827062981843,0.06288845355114411,0.2532648347489752
-1.0369168379147449,11.017971044324847,0.16091696651341625,0.06393406371058637,0.2535447915553958
-1.0369168379147449,11.368570079135674,0.1612421762392793,0.06360498956648414,0.2538379401438543
-1.0369168379147449,11.719169113946503,0.16157377597722136,0.06128877447889125,0.25134336012779634
-1.0369168379147449,12.069768148757332,0.16191161260462625,0.060995697571894034,0.250841673917647
-1.0369168379147449,12.420367183568159,0.16225550324385363,0.06167243007203794,0.25069705045391705
-1.0369168379147449,12.77096621837899,0.16260523648366562,0.062324129106778266,0.2507235683427986
-1.0369168379147449,13.121565253189816,0.16296057535836153,0.062013071231958476,0.2512859878749867
-1.0369168379147449,13.472164288000645,0.16332126255798807,0.06170578515372166,0.25312328418266683
-1.0369168379147449,13.822763322811472,0.16368702862471318,0.06397824485264694,0.25586319726907075
-1.0369168379147449,14.1733623576223,0.1640576036761347,0.06370861998545328,0.25678250878048553
-1.0369168379147449,14.523961392433128,0.16443273229796027,0.0650205734108118,0.2587777268936601
-1.0369168379147449,14.874560427243956,0.16481218982296705,0.05828888115352771,0.2524577487152994
-1.0369168379147449,15.225159462054787,0.1651957968431214,0.05895402291415604,0.25325991444820056
-1.0369168379147449,15.575758496865614,0.16558342832336476,0.05964530140848633,0.2540533449068857
-1.0369168379147449,15.926357531676443,0.16597501465381478,0.05966419651270442,0.2548391486941062
-1.0369168379147449,16.276956566487268,0.16637053410101602,0.06070826168663582,0.25561840587822726
-1.0369168379147449,16.6275556012981,0.16676999833881584,0.06188839381449129,0.2571818192223176
-1.0369168379147449,16.978154636108926,0.16717343408984706,0.061666359209708026,0.25725884561132883
-1.0369168379147449,17.328753670919756,0.16758086426214122,0.06353639497607988,0.26012796830770085
-1.0369168379147449,17.679352705730587,0.16799229176610683,0.06440908973191126,0.26053466489822413
-1.0369168379147449,18.029951740541414,0.1684076886492011,0.06497070445307766,0.2619198827416287
-1.0369168379147449,18.38055077535224,0.16882699208087368,0.06507234707277845,0.26295165867674275
-1.0369168379147449,18.73114981016307,0.1692501070379675,0.07179355889190658,0.2711242655272255
-1.0369168379147449,19.081748844973898,0.16967691383647918,0.0730258350413709,0.2722808822565584
-1.0369168379147449,19.432347879784725,0.17010727768891062,0.07534846243800425,0.2755577265008959
-1.0369168379147449,19.782946914595552,0.17054105758655988,0.07015143871242657,0.27046853601449394
-1.0369168379147449,20.133545949406383,0.17097811277246133,0.06957212333598839,0.27066487682785667
-1.0369168379147449,20.48414498421721,0.1714183063312747,0.07117742154604008,0.27292798135688895
-1.0369168379147449,20.834744019028037,0.1718615064622088,0.07263429885494219,0.27443805343901434
-1.0369168379147449,21.185343053838867,0.1723075865249223,0.0749148848495547,0.2776780233102436
-1.0369168379147449,21.535942088649698,0.17275642491725837,0.07213289047674146,0.2746000195495593
-1.0369168379147449,21.886541123460525,0.17320790542789666,0.07283787355507283,0.27589972843587085
-1.0369168379147449,22.23714015827135,0.17366191817754353,0.07421211370515128,0.2777102549083919
-1.0369168379147449,22.587739193082182,0.17411836086194998,0.0738417879887058,0.2785094690570408
-1.0369168379147449,22.93833822789301,0.1745771398656042,0.07418092981681398,0.27998140068363503
-1.0369168379147449,23.288937262703836,0.17503817091348442,0.0799411458943153,0.2858087932711419
-1.0369168379147449,23.639536297514667,0.17550137915167424,0.0802928519168354,0.2851403249914968
-1.0369168379147449,23.990135332325494,0.17596669875380927,0.0806441555695412,0.28478344685667295
-1.0369168379147449,24.34073436713632,0.1764340722555584,0.0809951096074178,0.285623358292833
-1.0369168379147449,24.691333401947148,0.1769034498214159,0.08105673575741329,0.2869673853627822
-1.0369168379147449,25.04193243675798,0.17737478858912045,0.08062684050151558,0.28828285037728046
-1.0369168379147449,25.392531471568805,0.17784805216009286,0.08204616795089006,0.28971362018416236
-1.0369168379147449,25.743130506379632,0.17832321023714987,0.08238191202581759,0.29082440058833886
-1.0369168379147449,26.093729541190463,0.1788002383673014,0.08263316772212133,0.2920487893010642
-1.0369168379147449,26.444328576001293,0.17927911773077176,0.08288502570843553,0.2940221233172625
-1.0369168379147449,26.79492761081212,0.17975983492195846,0.08313743936917206,0.2959940172721914
-1.0369168379147449,27.145526645622947,0.18024238168409162,0.08333946750734807,0.29600827268338187
-1.0369168379147449,27.496125680433778,0.18072675457793716,0.08337180311314529,0.2966216393996555
-1.0369168379147449,27.846724715244605,0.18121295457989015,0.08341823092022203,0.29768165909545574
-1.0369168379147449,28.197323750055432,0.18170098661181366,0.08347934166840378,0.29917711051027057
-1.0369168379147449,28.54792278486626,0.18219085900038332,0.08440652484970228,0.30109927059969027
-1.0369168379147449,28.89852181967709,0.18268258284616484,0.08466155310037221,0.30235838972760287
-1.0369168379147449,29.249120854487916,0.1831761712559326,0.08401891315900203,0.3022687938287878
-1.0369168379147449,29.599719889298743,0.18367163836561615,0.08464731575449423,0.30329945563614
-1.0369168379147449,29.950318924109574,0.18416899806883702,0.08402720464011837,0.30335444497511743
-1.0369168379147449,30.3009179589204,0.1846682623783563,0.08398178722817594,0.3052112700880094
-1.0369168379147449,30.651516993731228,0.18516943938932603,0.08352966383442269,0.3060911050861068
-1.0369168379147449,31.002116028542055,0.1856725308806562,0.08309446320506553,0.3069195878255617
-1.0369168379147449,31.352715063352885,0.18617752967496184,0.08267620884181505,0.30811424680009447
-1.0369168379147449,31.703314098163716,0.18668441696612853,0.08227486152709859,0.3095308313781186
-1.0369168379147449,32.05391313297454,0.18719315990216812,0.08189032513933499,0.3109314622412503
-1.0369168379147449,32.40451216778537,0.18770370976338216,0.08152245300067597,0.3123158662448599
-1.0369168379147449,32.7551112025962,0.1882160010844813,0.07797812303119664,0.31028340423510675
-1.0369168379147449,33.105710237407024,0.18872995201877796,0.07810816348954677,0.3107999207151049
-1.0369168379147449,33.45630927221785,0.18924546612475068,0.07825489161892854,0.31126450470310024
-1.0369168379147449,33.806908307028685,0.18976243557589528,0.07841836097757192,0.31200385909213874
-1.0369168379147449,34.15750734183951,0.19028074557847116,0.07859879578466508,0.31325891783817683
-1.0369168379147449,34.50810637665034,0.19080027957143986,0.07879657754736698,0.31451598091036864
-1.0369168379147449,34.858705411461166,0.1913209246302976,0.07901222444248807,0.3157756363401496
-1.0369168379147449,35.20930444627199,0.19184257644573882,0.07915042080857819,0.3178076001421739
-0.9785804678152729,0.5,0.1538683220552941,0.05362236140170985,0.2526477447326986
-0.9785804678152729,0.8505990348108282,0.154006159202296,0.05366861816154224,0.2521541695738799
-0.9785804678152729,1.2011980696216566,0.1541507941632551,0.053712737854329694,0.2524386157633088
-0.9785804678152729,1.5517971044324848,0.15430211466541716,0.055701750830118524,0.25378929246242427
-0.9785804678152729,1.9023961392433129,0.15446001003843318,0.05615250205819772,0.2544342141674648
-0.9785804678152729,2.2529951740541407,0.15462437647044236,0.05922888581375264,0.2565642633472207
-0.9785804678152729,2.6035942088649695,0.15479512265964906,0.059639403155799256,0.2560216453842308
-0.9785804678152729,2.954193243675798,0.1549721757039355,0.06505660403147916,0.2608376094231683
-0.9785804678152729,3.3047922784866257,0.15515548700850837,0.06554017693468461,0.2598118133148607
-0.9785804678152729,3.655391313297454,0.15534503768171146,0.06603055309122266,0.25949367071953294
-0.9785804678152729,4.005990348108282,0.15554084241237714,0.06652811240190029,0.25945142979503166
-0.9785804678152729,4.35658938291911,0.15574295047015685,0.06703327229769702,0.26020241848292297
-0.9785804678152729,4.707188417729939,0.1559514425971792,0.06754649606556738,0.26094768307178035
-0.9785804678152729,5.057787452540768,0.15616642334515146,0.06870545747355254,0.2618822666939555
-0.9785804678152729,5.408386487351596,0.15638800968260091,0.07001824150664655,0.26301417977124
-0.9785804678152729,5.758985522162424,0.15661631793813974,0.06954004759543814,0.26287686757669426
-0.9785804678152729,6.109584556973252,0.15685145175507184,0.06295563752734144,0.2558360733865188
-0.9785804678152729,6.46018359178408,0.1570934933805406,0.06340737973993715,0.25572639819416404
-0.9785804678152729,6.810782626594908,0.15734249945908937,0.06383900560174577,0.2555866266683607
-0.9785804678152729,7.161381661405737,0.1575985010970331,0.06427947411510342,0.2554156817253926
-0.9785804678152729,7.511980696216565,0.15786150691265793,0.06472690723683899,0.25521257700472955
-0.9785804678152729,7.8625797310273935,0.1581315074240568,0.06517930999409395,0.2549764321430883
-0.9785804678152729,8.213178765838222,0.15840847941962333,0.06682388362747442,0.2552219321660089
-0.9785804678152729,8.56377780064905,0.15869238959943763,0.06609054354527218,0.2549675854838449
-0.9785804678152729,8.914376835459878,0.15898319735721692,0.06654493971450036,0.2550035374676547
-0.9785804678152729,9.264975870270705,0.15928085676936582,0.06658756488698311,0.25539880296137724
-0.9785804678152729,9.615574905081534,0.15958531763489794,0.06623792327367466,0.2557692617076827
-0.9785804678152729,9.96617393989236,0.15989652509257865,0.06667227637968963,0.2576551381045
-0.9785804678152729,10.316772974703191,0.16021441739000658,0.06437736477416735,0.25513042709765754
-0.9785804678152729,10.667372009514018,0.16053892195505107,0.06464884095999526,0.255234550887345
-0.9785804678152729,11.017971044324847,0.16086995066246215,0.0657899449531947,0.2556705914649692
-0.9785804678152729,11.368570079135674,0.16120739551926508,0.06587623958633626,0.25596366428306505
-0.9785804678152729,11.719169113946503,0.161551125680713,0.05967043707669507,0.2494200244519478
-0.9785804678152729,12.069768148757332,0.16190098607985803,0.06033203945608002,0.24838826828206734
-0.9785804678152729,12.420367183568159,0.16225679754419003,0.06099695306011935,0.24903862136276347
-0.9785804678152729,12.77096621837899,0.1626183583538074,0.06109935998204601,0.2496418516239804
-0.9785804678152729,13.121565253189816,0.1629854476222093,0.06233645049078165,0.2513702998247247
-0.9785804678152729,13.472164288000645,0.16335783126212147,0.06124971234710235,0.25111518386880277
-0.9785804678152729,13.822763322811472,0.1637352712396227,0.06412920609666307,0.2551791118277307
-0.9785804678152729,14.1733623576223,0.16411753809428886,0.06425125677065427,0.25502290901593555
-0.9785804678152729,14.523961392433128,0.16450442538526935,0.06421059468067168,0.2561448046863391
-0.9785804678152729,14.874560427243956,0.16489576328612804,0.06039071022610471,0.25241519124466094
-0.9785804678152729,15.225159462054787,0.16529142779035338,0.06107981995953987,0.25253327347609245
-0.9785804678152729,15.575758496865614,0.165691342592823,0.060787944736121965,0.2511452184070139
-0.9785804678152729,15.926357531676443,0.16609547264131994,0.06271488665501514,0.25458396636884123
-0.9785804678152729,16.276956566487268,0.16650381066869283,0.06521583822615498,0.2575963652787256
-0.9785804678152729,16.6275556012981,0.16691635958778375,0.06442047896127961,0.2578030851361599
-0.9785804678152729,16.978154636108926,0.16733311408074736,0.0651344119157033,0.25835948163860656
-0.9785804678152729,17.328753670919756,0.16775404448713466,0.06502130530304072,0.2588615595916649
-0.9785804678152729,17.679352705730587,0.1681790856209326,0.06490603265311791,0.25930308952714404
-0.9785804678152729,18.029951740541414,0.1686081323108893,0.06822515802302627,0.2628187004906771
-0.9785804678152729,18.38055077535224,0.16904104203817083,0.06467245288376822,0.2601307497315875
-0.9785804678152729,18.73114981016307,0.1694776433364943,0.07241152039391087,0.26901757221082545
-0.9785804678152729,19.081748844973898,0.16991774734491763,0.07141184586828962,0.2689111740710977
-0.9785804678152729,19.432347879784725,0.1703611595927665,0.07348488020392979,0.27091149787687274
-0.9785804678152729,19.782946914595552,0.17080768971700597,0.07302725622398602,0.27120867580189256
-0.9785804678152729,20.133545949406383,0.17125715792961432,0.07032488914426036,0.2686205968126437
-0.9785804678152729,20.48414498421721,0.1717093981897972,0.06976069375366067,0.26842744273283486
-0.9785804678152729,20.834744019028037,0.1721642588791124,0.0697713090619053,0.2697104562913862
-0.9785804678152729,21.185343053838867,0.17262160218231248,0.07580533114509498,0.2758027497306572
-0.9785804678152729,21.535942088649698,0.17308130332640365,0.07465269912601415,0.27292571972123253
-0.9785804678152729,21.886541123460525,0.17354325042673455,0.07675416992211426,0.27574008266147304
-0.9785804678152729,22.23714015827135,0.174007345132321,0.07732090050864267,0.27600749346165454
-0.9785804678152729,22.587739193082182,0.17447350378059717,0.0776054402032555,0.27678254531295216
-0.9785804678152729,22.93833822789301,0.17494165852923307,0.07682390766992812,0.2782857726835618
-0.9785804678152729,23.288937262703836,0.1754117579744427,0.07604009948100475,0.2797636501685213
-0.9785804678152729,23.639536297514667,0.1758837670078473,0.08083264250106328,0.2849419114544924
-0.9785804678152729,23.990135332325494,0.17635766594596103,0.08117181279744554,0.28513808622067766
-0.9785804678152729,24.34073436713632,0.17683344914547103,0.08286926540277507,0.28795300686228503
-0.9785804678152729,24.691333401947148,0.1773111233467051,0.08113263269085602,0.2863796789876969
-0.9785804678152729,25.04193243675798,0.177790705911775,0.08171119667010686,0.2869774603954545
-0.9785804678152729,25.392531471568805,0.1782722230204004,0.08252550656321456,0.2882727072437617
-0.9785804678152729,25.743130506379632,0.17875570781356184,0.08286347747800629,0.2890760243987325
-0.9785804678152729,26.093729541190463,0.17924119845373987,0.08349577244521965,0.2908139658219497
-0.9785804678152729,26.444328576001293,0.17972873609089782,0.08353906029284396,0.29254051765359745
-0.9785804678152729,26.79492761081212,0.18021836276165337,0.08387666063645283,0.294251986257071
-0.9785804678152729,27.145526645622947,0.18071011928250466,0.08392523503637296,0.29594462106690866
-0.9785804678152729,27.496125680433778,0.1812040432132839,0.08455133701523747,0.29775206252216646
-0.9785804678152729,27.846724715244605,0.18170016696075755,0.0840342924597653,0.2975842127074325
-0.9785804678152729,28.197323750055432,0.18219851606687099,0.0841118701833406,0.2989704440637101
-0.9785804678152729,28.54792278486626,0.18269910768691405,0.08420561751246308,0.3004785461231791
-0.9785804678152729,28.89852181967709,0.18320194921839864,0.08431615619066642,0.3019692159028441
-0.9785804678152729,29.249120854487916,0.18370703700469865,0.08444412033456843,0.3034423207783023
-0.9785804678152729,29.599719889298743,0.18421435502466624,0.08275878304308547,0.3026952721321025
-0.9785804678152729,29.950318924109574,0.18472387350456085,0.08318857337033418,0.3041033837609773
-0.9785804678152729,30.3009179589204,0.18523554745677856,0.08361322101874348,0.3066978312448947
-0.9785804678152729,30.651516993731228,0.18574931525269858,0.08411979131677817,0.3092572495866951
-0.9785804678152729,31.002116028542055,0.18626509745277725,0.08462309427169357,0.3117791920972686
-0.9785804678152729,31.352715063352885,0.1867827962148109,0.08454793041533998,0.3135256897712487
-0.9785804678152729,31.703314098163716,0.18730229564725884,0.08411223317356542,0.3146813178715342
-0.9785804678152729,32.05391313297454,0.18782346344054832,0.07703761046700673,0.30885067482732037
-0.9785804678152729,32.40451216778537,0.18834615398254345,0.07725075484495379,0.3095221262141104
-0.9785804678152729,32.7551112025962,0.18887021295548914,0.07747777451068281,0.31014143483112894
-0.9785804678152729,33.105710237407024,0.18939548315736815,0.07771840111192183,0.3107087644889716
-0.9785804678152729,33.45630927221785,0.18992181104676967,0.0779725751187192,0.3117544316663328
-0.9785804678152729,33.806908307028685,0.19044905333704665,0.0782404447181107,0.3151660693332215
-0.9785804678152729,34.15750734183951,0.1909770829077634,0.08191512282710385,0.32212559994633844
-0.9785804678152729,34.50810637665034,0.19150579337522428,0.08887550756538348,0.32989963151583196
-0.9785804678152729,34.858705411461166,0.19203510185351455,0.08876726821703843,0.3305131305373038
-0.9785804678152729,35.20930444627199,0.1925649497037558,0.08931811413583789,0.33110756034420535
-0.9202440977158012,0.5,0.15360503872717843,0.056161409145205184,0.2540187766761138
-0.9202440977158012,0.8505990348108282,0.15374478606596706,0.0564578689439262,0.25360774514880063
-0.9202440977158012,1.2011980696216566,0.1538919317957646,0.05687369724095245,0.25389498352618556
-0.9202440977158012,1.5517971044324848,0.15404637652761188,0.057103873035225475,0.25384759739785867
-0.9202440977158012,1.9023961392433129,0.15420802149059018,0.05957402282813393,0.2558857639949849
-0.9202440977158012,2.2529951740541407,0.15437677423055424,0.06013059951647347,0.2545215834302446
-0.9202440977158012,2.6035942088649695,0.15455255464975248,0.06038002595701013,0.25508411168052997
-0.9202440977158012,2.954193243675798,0.15473530109253086,0.06046145385343022,0.25610404997413955
-0.9202440977158012,3.3047922784866257,0.1549249760255441,0.06346535628390156,0.25801314040571144
-0.9202440977158012,3.655391313297454,0.15512157050920064,0.06569409669358606,0.2599383930450818
-0.9202440977158012,4.005990348108282,0.15532510625773893,0.0662649092053142,0.25936632987678776
-0.9202440977158012,4.35658938291911,0.1555356339803786,0.06684430469571728,0.25981869033189053
-0.9202440977158012,4.707188417729939,0.15575322719763202,0.06743207683184795,0.2597761580663993
-0.9202440977158012,5.057787452540768,0.15597797184420592,0.06772603657471271,0.25974346982349916
-0.9202440977158012,5.408386487351596,0.15620995330805945,0.06794102604303755,0.2601186707070832
-0.9202440977158012,5.758985522162424,0.156449243494521,0.06779363750498528,0.25970272275811285
-0.9202440977158012,6.109584556973252,0.15669589056435074,0.06801637587342199,0.25969229949185096
-0.9202440977158012,6.46018359178408,0.15694991312972556,0.06855207350050738,0.25968699274847884
-0.9202440977158012,6.810782626594908,0.1572112993098493,0.06874398166779297,0.25968571042474636
-0.9202440977158012,7.161381661405737,0.15748000975680115,0.06366746618813485,0.2550632524574179
-0.9202440977158012,7.511980696216565,0.1577559830425848,0.06538336318323999,0.25589131640498963
-0.9202440977158012,7.8625797310273935,0.158039141795952,0.06579541724933896,0.2548948022179151
-0.9202440977158012,8.213178765838222,0.15832939849426209,0.0661611150494273,0.2550800416231815
-0.9202440977158012,8.56377780064905,0.15862666044617152,0.06597825423918649,0.25528041766793275
-0.9202440977158012,8.914376835459878,0.15893083384367993,0.06455830180348018,0.25377668928632585
-0.9202440977158012,9.264975870270705,0.15924182665541936,0.06502069475782739,0.25346429214619765
-0.9202440977158012,9.615574905081534,0.1595595498069221,0.06548943018542766,0.2531318980536457
-0.9202440977158012,9.96617393989236,0.1598839160437887,0.0654826489991488,0.2547883419771162
-0.9202440977158012,10.316772974703191,0.16021483642912107,0.0654029861344666,0.25509357165705393
-0.9202440977158012,10.667372009514018,0.16055221535821798,0.06498193068511461,0.2532818270889083
-0.9202440977158012,11.017971044324847,0.1608959456087617,0.06527865927982172,0.2535796815959243
-0.9202440977158012,11.368570079135674,0.16124590477744602,0.06522957801406845,0.25400181661847787
-0.9202440977158012,11.719169113946503,0.1616019536411386,0.06516209969661098,0.2542723979033214
-0.9202440977158012,12.069768148757332,0.16196393618851332,0.06173448041247411,0.2502534850653449
-0.9202440977158012,12.420367183568159,0.16233168085749866,0.06220291812582407,0.2497698990928292
-0.9202440977158012,12.77096621837899,0.16270500291437254,0.061037796844143254,0.2475841324311669
-0.9202440977158012,13.121565253189816,0.16308370850244974,0.06169616715877945,0.24832971242400834
-0.9202440977158012,13.472164288000645,0.16346760115193446,0.06235576367822922,0.24905760680469166
-0.9202440977158012,13.822763322811472,0.16385649113225184,0.0630163289243791,0.25035392789397015
-0.9202440977158012,14.1733623576223,0.16425020691201522,0.06279786075190896,0.25046586855835223
-0.9202440977158012,14.523961392433128,0.16464860653646246,0.06201112792153369,0.2486948119111224
-0.9202440977158012,14.874560427243956,0.16505158568380215,0.06020171472212785,0.24862360076664397
-0.9202440977158012,15.225159462054787,0.1654590793236727,0.0619565364631335,0.2501857063614186
-0.9202440977158012,15.575758496865614,0.16587105551312759,0.06336494839252119,0.2512010167058058
-0.9202440977158012,15.926357531676443,0.16628750220986688,0.06351992334827024,0.25115819912385345
-0.9202440977158012,16.276956566487268,0.16670840983430077,0.0635065987437146,0.2511175797234777
-0.9202440977158012,16.6275556012981,0.16713375297710403,0.0632254943956375,0.2515900330283666
-0.9202440977158012,16.978154636108926,0.16756347441386538,0.06829541755592801,0.2579386852391412
-0.9202440977158012,17.328753670919756,0.1679974740510641,0.06931952031052538,0.2591367364778764
-0.9202440977158012,17.679352705730587,0.16843560468599936,0.07037306968964112,0.25867772709757797
-0.9202440977158012,18.029951740541414,0.16887767524417024,0.07113716473736872,0.2601179868861643
-0.9202440977158012,18.38055077535224,0.16932346052291464,0.07234966808174913,0.26349674965005415
-0.9202440977158012,18.73114981016307,0.16977271502148644,0.07243558227185341,0.26536189791468107
-0.9202440977158012,19.081748844973898,0.17022518780921803,0.07245986145924742,0.2657561681912502
-0.9202440977158012,19.432347879784725,0.17068063572857142,0.07261921208828513,0.26878906927771423
-0.9202440977158012,19.782946914595552,0.17113883321512458,0.0716790732042893,0.2687181049782341
-0.9202440977158012,20.133545949406383,0.17159957815780777,0.07116193874119482,0.268640709410616
-0.9202440977158012,20.48414498421721,0.1720626941722542,0.07090101430254099,0.2685574310378834
-0.9202440977158012,20.834744019028037,0.17252803027285218,0.0730476084472789,0.26917326930739316
-0.9202440977158012,21.185343053838867,0.1729954591834964,0.07537045305186414,0.2715784958937722
-0.9202440977158012,21.535942088649698,0.1734648754454055,0.07591879606956004,0.27188669231645457
-0.9202440977158012,21.886541123460525,0.17393619412216105,0.07551462530749568,0.2723086170913131
-0.9202440977158012,22.23714015827135,0.17440935039196712,0.07688405085899996,0.2752935653012168
-0.9202440977158012,22.587739193082182,0.17488429982990805,0.07898390577879133,0.27693658358415685
-0.9202440977158012,22.93833822789301,0.17536101887689257,0.07877863788891984,0.2777954386382746
-0.9202440977158012,23.288937262703836,0.1758395049426744,0.07807935365997068,0.2795776514493527
-0.9202440977158012,23.639536297514667,0.17631977576191807,0.0838687168501306,0.28628350185819024
-0.9202440977158012,23.990135332325494,0.17680186788625657,0.08353576296497052,0.2850385997515181
-0.9202440977158012,24.34073436713632,0.17728583440516882,0.08437868584066938,0.28504472898791267
-0.9202440977158012,24.691333401947148,0.1777717420706455,0.08453541177224089,0.28648305724113465
-0.9202440977158012,25.04193243675798,0.1782596679826464,0.08450311171231109,0.2871021819089094
-0.9202440977158012,25.392531471568805,0.17874969595018786,0.08448302971440098,0.2888698885198405
-0.9202440977158012,25.743130506379632,0.1792419126305167,0.08338749822562912,0.28935648342567416
-0.9202440977158012,26.093729541190463,0.17973640357087958,0.08567210064888496,0.2923740441403368
-0.9202440977158012,26.444328576001293,0.18023324930640797,0.08593390515111925,0.2941026413782144
-0.9202440977158012,26.79492761081212,0.18073252167471135,0.08647970055897929,0.296199106707101
-0.9202440977158012,27.145526645622947,0.1812342804816958,0.0864606668069626,0.29839419836444514
-0.9202440977158012,27.496125680433778,0.18173857060173576,0.0867256515763386,0.2997933984555217
-0.9202440977158012,27.846724715244605,0.18224541953625129,0.08682628055998003,0.3013178689833932
-0.9202440977158012,28.197323750055432,0.18275483540529208,0.08566531517688465,0.30235415075592814
-0.9202440977158012,28.54792278486626,0.18326680531875975,0.08572207864811474,0.303900138498979
-0.9202440977158012,28.89852181967709,0.183781294074077,0.08506464980855204,0.3051635507617149
-0.9202440977158012,29.249120854487916,0.18429824315889176,0.08521320843369687,0.3068613417036781
-0.9202440977158012,29.599719889298743,0.18481757010045938,0.08538056433690659,0.3082711060777153
-0.9202440977158012,29.950318924109574,0.18533916828959998,0.08556732254447794,0.30963054422755065
-0.9202440977158012,30.3009179589204,0.1858629074968863,0.08577408186521306,0.31093775945395047
-0.9202440977158012,30.651516993731228,0.1863886353615938,0.08582661179956771,0.31219121297892
-0.9202440977158012,31.002116028542055,0.18691618013613256,0.08534512276121699,0.3133897279361104
-0.9202440977158012,31.352715063352885,0.18744535488450112,0.07697433952812244,0.30707952857640547
-0.9202440977158012,31.703314098163716,0.18797596315741838,0.07726403183440393,0.3078942965495473
-0.9202440977158012,32.05391313297454,0.18850780592263386,0.07756543378023069,0.30865636500376803
-0.9202440977158012,32.40451216778537,0.1890406892684261,0.0778780102895418,0.31035366609192017
-0.9202440977158012,32.7551112025962,0.18957443218924774,0.0746851336479064,0.3100228721524542
-0.9202440977158012,33.105710237407024,0.19010887366569756,0.07496674924586107,0.31062780399724443
-0.9202440977158012,33.45630927221785,0.19064387829723478,0.07525091020635223,0.31118099231230784
-0.9202440977158012,33.806908307028685,0.19117933992494726,0.07553760203780448,0.31233304237920595
-0.9202440977158012,34.15750734183951,0.19171518294915219,0.07582679053250155,0.3135397385479721
-0.9202440977158012,34.50810637665034,0.1922513613448265,0.07611842151901334,0.3147472856640683
-0.9202440977158012,34.858705411461166,0.19278785565490314,0.08882490048983283,0.32818832804489345
-0.9202440977158012,35.20930444627199,0.19332466846030544,0.08861350460371345,0.3282593406793142
-0.8619077276163295,0.5,0.15340698747979603,0.057787688202059706,0.25411509538671867
-0.8619077276163295,0.8505990348108282,0.15354926134031188,0.05802262814155669,0.25310076825887073
-0.8619077276163295,1.2011980696216566,0.15369953248078358,0.05826318824931865,0.25262540653377463
-0.8619077276163295,1.5517971044324848,0.15385771532862266,0.05850963919630254,0.2529046226099849
-0.8619077276163295,1.9023961392433129,0.15402372468337588,0.059190143039182484,0.2534785999595123
-0.8619077276163295,2.2529951740541407,0.15419748169230768,0.05783010701243169,0.25194291472395075
-0.8619077276163295,2.6035942088649695,0.1543789199797629,0.06100047018346855,0.2552794778590949
-0.8619077276163295,2.954193243675798,0.15456799145301367,0.05867889043811402,0.2537927092258661
-0.8619077276163295,3.3047922784866257,0.15476467108417022,0.059130644075362816,0.2541387674580952
-0.8619077276163295,3.655391313297454,0.1549689596553664,0.06242867262701385,0.25725509245694256
-0.8619077276163295,4.005990348108282,0.15518088325593252,0.06260513562524442,0.25702707521813506
-0.8619077276163295,4.35658938291911,0.1554004885614929,0.0626190122570107,0.256498072910403
-0.8619077276163295,4.707188417729939,0.1556278337845867,0.06552531491405492,0.258898269071915
-0.8619077276163295,5.057787452540768,0.15586297645932692,0.061370106803078174,0.25435459212285766
-0.8619077276163295,5.408386487351596,0.15610596035513255,0.0632812670346488,0.25572744741856823
-0.8619077276163295,5.758985522162424,0.15635680422732856,0.06771556622760452,0.25958169195558245
-0.8619077276163295,6.109584556973252,0.15661549457602925,0.06166258450989809,0.2528372952495364
-0.8619077276163295,6.46018359178408,0.15688198335862896,0.06473505274795557,0.25582549914719904
-0.8619077276163295,6.810782626594908,0.15715619024697663,0.0646964013833718,0.2559608023913273
-0.8619077276163295,7.161381661405737,0.1574380080695183,0.0653617965229875,0.2555046924961906
-0.8619077276163295,7.511980696216565,0.15772730979515923,0.0657857971529235,0.254830498015346
-0.8619077276163295,7.8625797310273935,0.158023955734411,0.06553768094791372,0.2545589642463869
-0.8619077276163295,8.213178765838222,0.1583278002288179,0.06447713532225366,0.2530719945647031
-0.8619077276163295,8.56377780064905,0.15863869754411844,0.06461170610194934,0.2531499507874256
-0.8619077276163295,8.914376835459878,0.15895650668903566,0.06499723409687198,0.25376170883124294
-0.8619077276163295,9.264975870270705,0.15928109453874423,0.0648714600584671,0.25329205709039443
-0.8619077276163295,9.615574905081534,0.15961233642285239,0.0647712410254591,0.25292708350177223
-0.8619077276163295,9.96617393989236,0.15995011373530865,0.064688881872782,0.25254248913120914
-0.8619077276163295,10.316772974703191,0.16029430914314752,0.06435014922426967,0.25213851364064505
-0.8619077276163295,10.667372009514018,0.16064480099761924,0.06457148874260653,0.25171559248010156
-0.8619077276163295,11.017971044324847,0.1610014588348472,0.06636867802881957,0.25297093554572564
-0.8619077276163295,11.368570079135674,0.16136414118019043,0.06558443975455541,0.25192823816301063
-0.8619077276163295,11.719169113946503,0.1617326957496067,0.06569531072594387,0.25228428541084436
-0.8619077276163295,12.069768148757332,0.1621069613499392,0.0635248973119356,0.24992880255902758
-0.8619077276163295,12.420367183568159,0.16248677075053872,0.06367236059722323,0.24997242397703393
-0.8619077276163295,12.77096621837899,0.16287195436668178,0.063117666926699,0.24886406648065923
-0.8619077276163295,13.121565253189816,0.16326234520334806,0.06368961798173794,0.24893973238146513
-0.8619077276163295,13.472164288000645,0.16365778559445776,0.061773546489242846,0.24646401040217158
-0.8619077276163295,13.822763322811472,0.16405813557619892,0.06295146221661388,0.24747815631457135
-0.8619077276163295,14.1733623576223,0.16446328144723754,0.06378103143284443,0.24919553194229166
-0.8619077276163295,14.523961392433128,0.16487314185260885,0.06348287059494394,0.2492907878060974
-0.8619077276163295,14.874560427243956,0.16528766845759438,0.06102493443471241,0.24637955748919016
-0.8619077276163295,15.225159462054787,0.16570683946024867,0.06274761381071323,0.24865469188309303
-0.8619077276163295,15.575758496865614,0.1661306464049888,0.06435694081141762,0.24960824995881198
-0.8619077276163295,15.926357531676443,0.16655907681346252,0.06433645407909917,0.2497250762631861
-0.8619077276163295,16.276956566487268,0.16699209606244858,0.06417551236271432,0.25063701084275675
-0.8619077276163295,16.6275556012981,0.1674296317306344,0.06428612616349914,0.25202965669819516
-0.8619077276163295,16.978154636108926,0.16787156296789918,0.06359072642771689,0.2516867467323885
-0.8619077276163295,17.328753670919756,0.16831771666672657,0.06330529927976077,0.2523214140362078
-0.8619077276163295,17.679352705730587,0.16876787114934352,0.06737059188956185,0.2561194012374685
-0.8619077276163295,18.029951740541414,0.1692217666254095,0.07013551942779742,0.2600334941449415
-0.8619077276163295,18.38055077535224,0.16967912024618317,0.06690816486706681,0.2578090424400122
-0.8619077276163295,18.73114981016307,0.17013964280233065,0.06713533205504457,0.25823784386067206
-0.8619077276163295,19.081748844973898,0.1706030542460178,0.06736542476863219,0.2594460714625793
-0.8619077276163295,19.432347879784725,0.1710690960361163,0.0675982205827149,0.26097408417834883
-0.8619077276163295,19.782946914595552,0.17153753936831215,0.07664010809161607,0.27124011822882205
-0.8619077276163295,20.133545949406383,0.17200818930379277,0.07669771027091284,0.2716553706712218
-0.8619077276163295,20.48414498421721,0.1724808854835578,0.07418128511940233,0.2688676584491843
-0.8619077276163295,20.834744019028037,0.17295550048831929,0.0759466185189315,0.27069551967456285
-0.8619077276163295,21.185343053838867,0.17343193701475362,0.07563755677940091,0.2710061648850932
-0.8619077276163295,21.535942088649698,0.1739101249239296,0.0764770457241852,0.27330028555652625
-0.8619077276163295,21.886541123460525,0.17439001890636777,0.07511178750586435,0.273699434632011
-0.8619077276163295,22.23714015827135,0.17487159706292263,0.0790566157823815,0.27810190471567603
-0.8619077276163295,22.587739193082182,0.17535486024059324,0.08015513034062756,0.2785357759984417
-0.8619077276163295,22.93833822789301,0.17583983162743136,0.08026822830233253,0.280351036433094
-0.8619077276163295,23.288937262703836,0.17632655599822142,0.07981355283697955,0.2816572200481777
-0.8619077276163295,23.639536297514667,0.17681509812383278,0.08418285234582597,0.2849912426864099
-0.8619077276163295,23.990135332325494,0.17730554012925903,0.08461070811008894,0.2856401667423625
-0.8619077276163295,24.34073436713632,0.17779797786920656,0.08488883379269807,0.2863161009093063
-0.8619077276163295,24.691333401947148,0.17829251657146566,0.08515889543336379,0.2866663227257718
-0.8619077276163295,25.04193243675798,0.17878926605174766,0.0833470415318438,0.2863953943417891
-0.8619077276163295,25.392531471568805,0.1792883357782869,0.08365824120748419,0.2864493020262079
-0.8619077276163295,25.743130506379632,0.1797898300188608,0.08396952250634009,0.28769310967862793
-0.8619077276163295,26.093729541190463,0.18029384326155856,0.08428098670286285,0.289498574749238
-0.8619077276163295,26.444328576001293,0.1808004560586312,0.08459271720510401,0.29079032391487375
-0.8619077276163295,26.79492761081212,0.18130973139084036,0.08490477929046068,0.2948367884609495
-0.8619077276163295,27.145526645622947,0.18182171159053762,0.08758032105852925,0.3002898614443532
-0.8619077276163295,27.496125680433778,0.18233641580921328,0.08932510700730614,0.3037772538608071
-0.8619077276163295,27.846724715244605,0.18285383798574162,0.08549002518707866,0.30205468704768473
-0.8619077276163295,28.197323750055432,0.18337394527553616,0.08560570193082655,0.30249960117056285
-0.8619077276163295,28.54792278486626,0.18389667693981013,0.08532722164861666,0.30253777887109967
-0.8619077276163295,28.89852181967709,0.18442194376136123,0.08480204366700071,0.30270480540308947
-0.8619077276163295,29.249120854487916,0.18494962813514057,0.08849102843442057,0.3089440111448729
-0.8619077276163295,29.599719889298743,0.18547958505766174,0.0879260285067098,0.3100408589047167
-0.8619077276163295,29.950318924109574,0.18601164428141745,0.0873786499844576,0.3109220673109477
-0.8619077276163295,30.3009179589204,0.186545613878759,0.08804543366576133,0.3126510655868787
-0.8619077276163295,30.651516993731228,0.18708128535216498,0.08836055824556253,0.31392079061123035
-0.8619077276163295,31.002116028542055,0.18761844023392976,0.0754725903094953,0.30302864129434776
-0.8619077276163295,31.352715063352885,0.18815685786764266,0.08751156990164288,0.3163910652565164
-0.8619077276163295,31.703314098163716,0.18869632381345952,0.0869501109008837,0.31793549971275914
-0.8619077276163295,32.05391313297454,0.18923663813739858,0.07686870568834632,0.30853261871099763
-0.8619077276163295,32.40451216778537,0.18977762278646726,0.07715270216016487,0.3092690889571119
-0.8619077276163295,32.7551112025962,0.19031912733593048,0.07743857803264004,0.3099525225180911
-0.8619077276163295,33.105710237407024,0.190861032600178,0.07772627499437582,0.31058333039579494
-0.8619077276163295,33.45630927221785,0.19140325187227542,0.07801571726085005,0.3125059255128308
-0.8619077276163295,33.806908307028685,0.19194572983997726,0.07830681203822887,0.31479760965933673
-0.8619077276163295,34.15750734183951,0.19248843947059763,0.07859945020435552,0.31720608224126634
-0.8619077276163295,34.50810637665034,0.19303137733637205,0.08218188474433313,0.32356567161042155
-0.8619077276163295,34.858705411461166,0.19357455795541928,0.08897412408680466,0.3298277761719002
-0.8619077276163295,35.20930444627199,0.1941180077519601,0.09188537187861949,0.3336355873345927
-0.8035713575168576,0.5,0.15328691221191781,0.06132636858606337,0.25901141391650556
-0.8035713575168576,0.8505990348108282,0.1534326052513366,0.0595223053673978,0.25669658952700425
-0.8035713575168576,1.2011980696216566,0.15358684535157854,0.058001292001839753,0.2543872688307998
-0.8035713575168576,1.5517971044324848,0.15374956022368977,0.058559022128089104,0.25355708897154533
-0.8035713575168576,1.9023961392433129,0.15392067944417423,0.05913400376940641,0.25296041686789766
-0.8035713575168576,2.2529951740541407,0.15410014040567,0.05789442929441868,0.2519600481853627
-0.8035713575168576,2.6035942088649695,0.1542878938028768,0.058341200399500026,0.2521924569461938
-0.8035713575168576,2.954193243675798,0.1544839080837644,0.05880538263291606,0.25239783487468453
-0.8035713575168576,3.3047922784866257,0.1546881721118853,0.058013272397945105,0.2525755456506756
-0.8035713575168576,3.655391313297454,0.15490069512807886,0.05796137509818512,0.25272489211988247
-0.8035713575168576,4.005990348108282,0.15512150316143186,0.06291598908691341,0.2576256317414033
-0.8035713575168576,4.35658938291911,0.15535063154938966,0.06321594391467758,0.25735056988437544
-0.8035713575168576,4.707188417729939,0.1555881142095582,0.0635223139752701,0.2570844573076588
-0.8035713575168576,5.057787452540768,0.15583397142007974,0.06383386648339213,0.2568434568262629
-0.8035713575168576,5.408386487351596,0.15608819854840597,0.06572213647396981,0.2574866207822301
-0.8035713575168576,5.758985522162424,0.1563507580135321,0.06723383438237206,0.25853190946187715
-0.8035713575168576,6.109584556973252,0.15662157581923078,0.06648324051852288,0.25714653994115594
-0.8035713575168576,6.46018359178408,0.1569005427129135,0.06282290167338207,0.2528085954653467
-0.8035713575168576,6.810782626594908,0.15718751896407063,0.06541978692708929,0.2556745272963617
-0.8035713575168576,7.161381661405737,0.15748234126621266,0.06558083572791094,0.25546993559444664
-0.8035713575168576,7.511980696216565,0.15778483037775898,0.0651795258360574,0.25486693945621175
-0.8035713575168576,7.8625797310273935,0.158094798603914,0.06332436096008255,0.25210337542816963
-0.8035713575168576,8.213178765838222,0.1584120567133848,0.06345961485480842,0.251770498300616
-0.8035713575168576,8.56377780064905,0.1587364200314074,0.06359900826592557,0.251518715004766
-0.8035713575168576,8.914376835459878,0.15906771316520016,0.06677563799008206,0.2545681039898392
-0.8035713575168576,9.264975870270705,0.15940577243187826,0.06719701149345951,0.2544104431617141
-0.8035713575168576,9.615574905081534,0.15975044514042733,0.06262069117571252,0.2508719016397015
-0.8035713575168576,9.96617393989236,0.160101585717853,0.06388309734645473,0.25091590774592115
-0.8035713575168576,10.316772974703191,0.16045904989596646,0.06436108169617104,0.2510183705612477
-0.8035713575168576,10.667372009514018,0.16082268898912414,0.06645804879810337,0.2525023655508187
-0.8035713575168576,11.017971044324847,0.16119234614674696,0.067765351125561,0.2537211902748582
-0.8035713575168576,11.368570079135674,0.16156785551358616,0.06658442400100252,0.25260055470429243
-0.8035713575168576,11.719169113946503,0.16194904413622513,0.06714652377274886,0.25348609634030644
-0.8035713575168576,12.069768148757332,0.16233573582792227,0.0652372500012297,0.2512614799882899
-0.8035713575168576,12.420367183568159,0.16272775622999985,0.06542641688272277,0.25143596032301413
-0.8035713575168576,12.77096621837899,0.16312493872465567,0.0636148596043131,0.24981571087818683
-0.8035713575168576,13.121565253189816,0.16352713116882867,0.06391402953735446,0.24960748222859588
-0.8035713575168576,13.472164288000645,0.1639342032090349,0.06431838927978199,0.24944416688852575
-0.8035713575168576,13.822763322811472,0.1643460531259616,0.06191190476587842,0.2468188102524904
-0.8035713575168576,14.1733623576223,0.16476261215549767,0.06254631136656487,0.24677800619072707
-0.8035713575168576,14.523961392433128,0.16518384381326298,0.06407063044206568,0.24819014720394067
-0.8035713575168576,14.874560427243956,0.16560973656288366,0.062035219604750245,0.2475436205985201
-0.8035713575168576,15.225159462054787,0.16604029010745602,0.062171899670307236,0.24679546469158103
-0.8035713575168576,15.575758496865614,0.1664754976513488,0.06231128265116463,0.24815421743345997
-0.8035713575168576,15.926357531676443,0.16691532755866817,0.06245357985441783,0.249583304607268
-0.8035713575168576,16.276956566487268,0.16735970766882297,0.06450554616974795,0.25243751212969234
-0.8035713575168576,16.6275556012981,0.16780851473580136,0.06451786142248354,0.25256949793508054
-0.8035713575168576,16.978154636108926,0.16826157060505512,0.06749818867995301,0.2567872806728927
-0.8035713575168576,17.328753670919756,0.1687186457893784,0.06810564202400296,0.25514348387686936
-0.8035713575168576,17.679352705730587,0.1691794698445215,0.06842569373452703,0.25649562160193295
-0.8035713575168576,18.029951740541414,0.16964374661113327,0.06899189209131566,0.2581787806616019
-0.8035713575168576,18.38055077535224,0.1701111715508228,0.06923965489649977,0.259390555884663
-0.8035713575168576,18.73114981016307,0.17058144839925074,0.06897694585782665,0.2604682250424197
-0.8035713575168576,19.081748844973898,0.1710543030383945,0.06799272367155815,0.260236517398684
-0.8035713575168576,19.432347879784725,0.17152949344472054,0.07082432767847863,0.26305295446817906
-0.8035713575168576,19.782946914595552,0.1720068154594913,0.07248257446444507,0.2644547666366337
-0.8035713575168576,20.133545949406383,0.1724861047947173,0.07307737194818456,0.26686708099233325
-0.8035713575168576,20.48414498421721,0.17296723609956136,0.077908634710178,0.2704480413871069
-0.8035713575168576,20.834744019028037,0.17345012008503216,0.0779612044569014,0.27163700857422785
-0.8035713575168576,21.185343053838867,0.17393469968391453,0.07724245298533446,0.27252941489000504
-0.8035713575168576,21.535942088649698,0.1744209460646023,0.07608147678502665,0.27182422342819107
-0.8035713575168576,21.886541123460525,0.17490885506889522,0.07666424866744179,0.273385767417626
-0.8035713575168576,22.23714015827135,0.1753984443412064,0.08056691395927426,0.27850710882608243
-0.8035713575168576,22.587739193082182,0.17588975110822244,0.08192748582211126,0.28012016880500523
-0.8035713575168576,22.93833822789301,0.1763828303220481,0.08195300421699228,0.28091108176516827
-0.8035713575168576,23.288937262703836,0.1768777527609337,0.08151565839000621,0.28056281285975604
-0.8035713575168576,23.639536297514667,0.17737460272015604,0.08105480237782108,0.28019351592769126
-0.8035713575168576,23.990135332325494,0.17787347509598864,0.08236486738691355,0.2833477727135493
-0.8035713575168576,24.34073436713632,0.17837447188438083,0.0827449601511347,0.2843014113478768
-0.8035713575168576,24.691333401947148,0.17887769828049144,0.08313295595723294,0.28451916146561257
-0.8035713575168576,25.04193243675798,0.17938325861947024,0.08352937410300353,0.2848865987492724
-0.8035713575168576,25.392531471568805,0.17989125235939343,0.08393476576331543,0.286015668551721
-0.8035713575168576,25.743130506379632,0.18040177022783965,0.08434971337969749,0.28769948252054456
-0.8035713575168576,26.093729541190463,0.18091489057849572,0.08477482912842173,0.2881263340248655
-0.8035713575168576,26.444328576001293,0.18143067595351847,0.08520676338587761,0.28962978739182593
-0.8035713575168576,26.79492761081212,0.18194916982720644,0.08550498486292953,0.29359688365441106
-0.8035713575168576,27.145526645622947,0.182470393518896,0.08580378595917465,0.2973861253997629
-0.8035713575168576,27.496125680433778,0.1829943433076999,0.08610323287426903,0.2984366433494398
-0.8035713575168576,27.846724715244605,0.18352098785406243,0.08601095640058312,0.2994824870252804
-0.8035713575168576,28.197323750055432,0.18405026612209627,0.08545902853698818,0.30052351041912045
-0.8035713575168576,28.54792278486626,0.18458208608411966,0.08492246348038375,0.3015593194134067
-0.8035713575168576,28.89852181967709,0.18511632455005736,0.08440176104229433,0.3025892912626656
-0.8035713575168576,29.249120854487916,0.18565282847132275,0.0869380392081128,0.30644254863858583
-0.8035713575168576,29.599719889298743,0.18619141799689912,0.08621549290709789,0.3066021850816824
-0.8035713575168576,29.950318924109574,0.1867318913981448,0.08555556190328968,0.30676358835968387
-0.8035713575168576,30.3009179589204,0.18727403174243068,0.08496146086904445,0.30882875814467237
-0.8035713575168576,30.651516993731228,0.18781761492618526,0.08204774641759202,0.30841793963764136
-0.8035713575168576,31.002116028542055,0.18836241843671694,0.08826449400417052,0.31600109765720447
-0.8035713575168576,31.352715063352885,0.1889082300604219,0.0885844752269562,0.3171699818615927
-0.8035713575168576,31.703314098163716,0.18945485573146606,0.08892669961602816,0.3183174462010273
-0.8035713575168576,32.05391313297454,0.1900021258227466,0.08929139957744235,0.32022091437385974
-0.8035713575168576,32.40451216778537,0.19054989938893255,0.09035809220654402,0.3223274551847605
-0.8035713575168576,32.7551112025962,0.19109806612952465,0.09008886852482302,0.32264186100649955
-0.8035713575168576,33.105710237407024,0.19164654609749862,0.09025883491147955,0.32426730792769387
-0.8035713575168576,33.45630927221785,0.19219528739785355,0.0909775360779432,0.3265197521848129
-0.8035713575168576,33.806908307028685,0.19274426227798253,0.09135594085742746,0.32875280346551444
-0.8035713575168576,34.15750734183951,0.19329346210040294,0.08909256915522672,0.326751316974206
-0.8035713575168576,34.50810637665034,0.19384289171263147,0.09008808551033333,0.3287803233601855
-0.8035713575168576,34.858705411461166,0.19439256370403551,0.09110014299281809,0.33159013393260095
-0.8035713575168576,35.20930444627199,0.1949424929864546,0.07787964666249544,0.3190791118596812
-0.7452349874173863,0.5,0.15325414223911826,0.06085745735200778,0.25804184699370764
-0.7452349874173863,0.8505990348108282,0.1534044051718072,0.0619846251552855,0.258533979238507
-0.7452349874173863,1.2011980696216566,0.153563690603387,0.06131881602613807,0.2572343933628872
-0.7452349874173863,1.5517971044324848,0.15373193565085252,0.06155588445364307,0.25649697083383427
-0.7452349874173863,1.9023961392433129,0.1539090809668766,0.06360111704190356,0.2593836851852368
-0.7452349874173863,2.2529951740541407,0.1540950768107401,0.06438888260754792,0.2598566762291931
-0.7452349874173863,2.6035942088649695,0.1542898878172949,0.06471284896417957,0.259543201957221
-0.7452349874173863,2.954193243675798,0.15449349581337593,0.06512180463447063,0.2592373722924742
-0.7452349874173863,3.3047922784866257,0.15470590001452691,0.059514904821655105,0.2529863577615097
-0.7452349874173863,3.655391313297454,0.15492711404166876,0.05937999497176749,0.25319656179403266
-0.7452349874173863,4.005990348108282,0.15515715952924647,0.04692819616913939,0.24133435862228855
-0.7452349874173863,4.35658938291911,0.15539605673861953,0.0611605105391953,0.254636718719411
-0.7452349874173863,4.707188417729939,0.15564381344202727,0.04764350026044536,0.2405483522079733
-0.7452349874173863,5.057787452540768,0.15590041404551108,0.06733224040632775,0.2593131263600254
-0.7452349874173863,5.408386487351596,0.1561658110528015,0.06761135761542822,0.2582873680818935
-0.7452349874173863,5.758985522162424,0.1564399203806735,0.06704402898639852,0.2583945853512799
-0.7452349874173863,6.109584556973252,0.15672262097363895,0.06497464080948992,0.25613460139297084
-0.7452349874173863,6.46018359178408,0.15701375812333715,0.06491648648321562,0.2544608285911369
-0.7452349874173863,6.810782626594908,0.15731314928972204,0.06550124420171223,0.2534805739596499
-0.7452349874173863,7.161381661405737,0.15762059117846325,0.0644739997984359,0.2530600553296699
-0.7452349874173863,7.511980696216565,0.15793586719479108,0.06464095172502515,0.2530852135433557
-0.7452349874173863,7.8625797310273935,0.15825875484177562,0.06481219154000158,0.25311365320289675
-0.7452349874173863,8.213178765838222,0.15858903281973946,0.06475811737401607,0.25314542720059263
-0.7452349874173863,8.56377780064905,0.1589264873432126,0.06461695787529574,0.25318059003444504
-0.7452349874173863,8.914376835459878,0.159270916704023,0.06535193271506609,0.2534492925379645
-0.7452349874173863,9.264975870270705,0.15962213288711052,0.0655405757446178,0.25326130868499047
-0.7452349874173863,9.615574905081534,0.1599799595603123,0.06731606338074417,0.25492541221446413
-0.7452349874173863,9.96617393989236,0.16034422694928108,0.06330357303938147,0.24844497028213536
-0.7452349874173863,10.316772974703191,0.1607147653060289,0.06433496357991965,0.24801278080961695
-0.7452349874173863,10.667372009514018,0.16109139913940915,0.06433970876822236,0.24855641965095368
-0.7452349874173863,11.017971044324847,0.16147394390478317,0.0665486622443941,0.25061419150090064
-0.7452349874173863,11.368570079135674,0.1618622058894897,0.06676290700202282,0.25117825054654536
-0.7452349874173863,11.719169113946503,0.16225598518664935,0.06698117111842213,0.2522672369145189
-0.7452349874173863,12.069768148757332,0.16265508122695904,0.06708356341051169,0.251734273791663
-0.7452349874173863,12.420367183568159,0.16305930025909404,0.06364862090022755,0.2487435726145624
-0.7452349874173863,12.77096621837899,0.16346846415909186,0.0642481360298059,0.24879588750842313
-0.7452349874173863,13.121565253189816,0.16388241972850048,0.06464918868650597,0.2484797906187604
-0.7452349874173863,13.472164288000645,0.16430104708536325,0.06548567498627801,0.24883920072221016
-0.7452349874173863,13.822763322811472,0.16472426505211282,0.06602967307548294,0.24935951926536068
-0.7452349874173863,14.1733623576223,0.16515203114699786,0.06568419113436778,0.2498638767080535
-0.7452349874173863,14.523961392433128,0.16558433449929263,0.06275485708480266,0.24694931572264678
-0.7452349874173863,14.874560427243956,0.16602118181741382,0.06437780797658028,0.24779110465072315
-0.7452349874173863,15.225159462054787,0.16646257866442454,0.06398486114639074,0.2483817960989265
-0.7452349874173863,15.575758496865614,0.16690850959303266,0.06433197043380053,0.24960316590793533
-0.7452349874173863,15.926357531676443,0.16735892066424893,0.0657684221709041,0.2527487142364365
-0.7452349874173863,16.276956566487268,0.16781370701729903,0.06524778109779522,0.2526468608461092
-0.7452349874173863,16.6275556012981,0.1682727071986396,0.0683192704716915,0.25569831404577437
-0.7452349874173863,16.978154636108926,0.1687357050354842,0.06911975025516261,0.25636926206965943
-0.7452349874173863,17.328753670919756,0.16920243869429513,0.0675454349093429,0.2554386326295382
-0.7452349874173863,17.679352705730587,0.16967261525162128,0.06812437042878318,0.25679442714389833
-0.7452349874173863,18.029951740541414,0.17014592814024326,0.06925908591257306,0.25845017375399787
-0.7452349874173863,18.38055077535224,0.17062207466728146,0.0700535798742525,0.2596064076544561
-0.7452349874173863,18.73114981016307,0.17110077138188248,0.07007258533537097,0.2592855799738074
-0.7452349874173863,19.081748844973898,0.17158176596959465,0.07221076718121511,0.2620724505052885
-0.7452349874173863,19.432347879784725,0.1720648451633646,0.0724762514807279,0.2633587525218725
-0.7452349874173863,19.782946914595552,0.17254983873494642,0.07457982031946142,0.26596580018775656
-0.7452349874173863,20.133545949406383,0.17303662000683656,0.07907495939493123,0.2712110044944871
-0.7452349874173863,20.48414498421721,0.1735251035733035,0.07889978680124597,0.271570785465547
-0.7452349874173863,20.834744019028037,0.17401524105699623,0.07868871101110002,0.27227705818608167
-0.7452349874173863,21.185343053838867,0.17450701575057534,0.07868540138228662,0.2735429997747321
-0.7452349874173863,21.535942088649698,0.17500043692106154,0.07772507833172189,0.27261799761108724
-0.7452349874173863,21.886541123460525,0.175495534424057,0.08146552093518833,0.27704316315128785
-0.7452349874173863,22.23714015827135,0.17599235410198524,0.08246923516745923,0.27893238304757356
-0.7452349874173863,22.587739193082182,0.17649095422238034,0.08409033145432383,0.2801534838331148
-0.7452349874173863,22.93833822789301,0.17699140296150784,0.08381185695578985,0.2798078670132582
-0.7452349874173863,23.288937262703836,0.17749377670105682,0.08333343830835815,0.28051815311844486
-0.7452349874173863,23.639536297514667,0.17799815874502792,0.08503763092037567,0.2833449615315042
-0.7452349874173863,23.990135332325494,0.17850463802867625,0.08063336960535422,0.2796569911856325
-0.7452349874173863,24.34073436713632,0.1790133074796298,0.08165517692133634,0.28081333126067043
-0.7452349874173863,24.691333401947148,0.1795242618426209,0.08446920422244376,0.2847434445343819
-0.7452349874173863,25.04193243675798,0.18003759491577245,0.08389581687090807,0.2842686498998039
-0.7452349874173863,25.392531471568805,0.180553396228491,0.08503446785448311,0.2867902657189332
-0.7452349874173863,25.743130506379632,0.18107174722980374,0.08643648604698263,0.2887018421375598
-0.7452349874173863,26.093729541190463,0.18159271708363772,0.08670867883827264,0.28881673910554223
-0.7452349874173863,26.444328576001293,0.1821163582087003,0.08660991141339425,0.2898265563560249
-0.7452349874173863,26.79492761081212,0.1826427017636751,0.08544978769594624,0.29100294148544564
-0.7452349874173863,27.145526645622947,0.1831717533576353,0.08433064515553924,0.2924582672569154
-0.7452349874173863,27.496125680433778,0.18370348934440317,0.08325832332788703,0.29285573657343417
-0.7452349874173863,27.846724715244605,0.18423785411490193,0.08461451731026248,0.2952797476584385
-0.7452349874173863,28.197323750055432,0.18477475880902655,0.08503692385652527,0.29663979713874933
-0.7452349874173863,28.54792278486626,0.1853140818084655,0.08450561519044328,0.297962009971562
-0.7452349874173863,28.89852181967709,0.18585567123456087,0.0839901577803052,0.29968627853826685
-0.7452349874173863,29.249120854487916,0.18639934946702996,0.08349094570566545,0.3021651523112849
-0.7452349874173863,29.599719889298743,0.18694491944775207,0.08172794045935096,0.3027164330053925
-0.7452349874173863,29.950318924109574,0.1874921722870161,0.08220187189406632,0.30411542370604416
-0.7452349874173863,30.3009179589204,0.1880408955047853,0.08098483046948154,0.3039103196304458
-0.7452349874173863,30.651516993731228,0.188590881162126,0.08885794915704828,0.3119893842926321
-0.7452349874173863,31.002116028542055,0.1891419331826695,0.08939030430557819,0.3142864481921356
-0.7452349874173863,31.352715063352885,0.1896938733095123,0.08673082858916066,0.31254260333001105
-0.7452349874173863,31.703314098163716,0.1902465453439854,0.08647970054773961,0.3128185128462143
-0.7452349874173863,32.05391313297454,0.19079981752130773,0.08869003794609064,0.3177486836313215
-0.7452349874173863,32.40451216778537,0.1913535830606845,0.06264007488607486,0.2924194330345231
-0.7452349874173863,32.7551112025962,0.1919077590690519,0.06270271117663051,0.29413578784485883
-0.7452349874173863,33.105710237407024,0.19246228407600438,0.06261167186794132,0.2961245226407066
-0.7452349874173863,33.45630927221785,0.1930171145350401,0.08483900354649178,0.32078715384057804
-0.7452349874173863,33.806908307028685,0.19357222064835355,0.09202557298099152,0.32829453288356264
-0.7452349874173863,34.15750734183951,0.19412758186844095,0.092162102903142,0.3283682945363411
-0.7452349874173863,34.50810637665034,0.19468318241271154,0.0780103175333977,0.31450240820035014
-0.7452349874173863,34.858705411461166,0.1952390071080237,0.07854355299966148,0.31550424754768447
-0.7452349874173863,35.20930444627199,0.1957950378627087,0.07887785135160612,0.3155385509244041
-0.6868986173179145,0.5,0.15331345775297153,0.061436450589208,0.25813145380747293
-0.6868986173179145,0.8505990348108282,0.15346956177300733,0.06182781169316558,0.2580708537177516
-0.6868986173179145,1.2011980696216566,0.15363510238607633,0.06199609639864458,0.2580162566418716
-0.6868986173179145,1.5517971044324848,0.15381001803422437,0.06404860539736337,0.2597077170546975
-0.6868986173179145,1.9023961392433129,0.15399425005116135,0.06337546119555287,0.2581419730071501
-0.6868986173179145,2.2529951740541407,0.1541877494926947,0.06361780313680059,0.25816839903479843
-0.6868986173179145,2.6035942088649695,0.15439048204146213,0.06383869236064917,0.25785445214672453
-0.6868986173179145,2.954193243675798,0.1546024301706352,0.06399003413966842,0.25782723506119154
-0.6868986173179145,3.3047922784866257,0.15482359193720732,0.06620954233652641,0.25955937203282503
-0.6868986173179145,3.655391313297454,0.1550539761785565,0.06662630238461137,0.2603707175450011
-0.6868986173179145,4.005990348108282,0.1552935944823067,0.06685052369146605,0.26050636161407453
-0.6868986173179145,4.35658938291911,0.15554245100175176,0.06502635025676186,0.2588794942271417
-0.6868986173179145,4.707188417729939,0.15580053179073428,0.06481195816587441,0.25786824610797304
-0.6868986173179145,5.057787452540768,0.1560677955477327,0.06498919711535538,0.25776002755527994
-0.6868986173179145,5.408386487351596,0.15634416730894138,0.06449846268834108,0.25686368786836455
-0.6868986173179145,5.758985522162424,0.15662953581537717,0.06390849895330317,0.2553038080385232
-0.6868986173179145,6.109584556973252,0.1569237543548558,0.0648067337395356,0.25532020265795746
-0.6868986173179145,6.46018359178408,0.15722664423697094,0.0655045193449146,0.25533981649890136
-0.6868986173179145,6.810782626594908,0.1575379999069851,0.06535472108770653,0.25385606418186774
-0.6868986173179145,7.161381661405737,0.1578575949866593,0.06555634430306696,0.2523417594758117
-0.6868986173179145,7.511980696216565,0.158185188968618,0.0653294243192898,0.2540620343310614
-0.6868986173179145,7.8625797310273935,0.15852053451936943,0.06593872539192808,0.25545099806429594
-0.6868986173179145,8.213178765838222,0.158863385113197,0.06499013793657303,0.2542606324799918
-0.6868986173179145,8.56377780064905,0.15921350209420185,0.06488238801224137,0.25384203307703196
-0.6868986173179145,8.914376835459878,0.15957065968920142,0.06481008387175576,0.25340100870070537
-0.6868986173179145,9.264975870270705,0.15993464654014314,0.06020218701591552,0.24819941496602527
-0.6868986173179145,9.615574905081534,0.1603052632260427,0.061035640704713325,0.2481645915325814
-0.6868986173179145,9.96617393989236,0.16068231660907636,0.06175386744396198,0.24811982215289416
-0.6868986173179145,10.316772974703191,0.16106561289339202,0.061009904827273725,0.246502729356125
-0.6868986173179145,10.667372009514018,0.1614549514968953,0.06154503298728696,0.24610599458280322
-0.6868986173179145,11.017971044324847,0.16185012130607046,0.06209214695542131,0.24568825526853275
-0.6868986173179145,11.368570079135674,0.16225090013474674,0.06490301145211276,0.2478365471531672
-0.6868986173179145,11.719169113946503,0.16265705766840696,0.06576252714550003,0.24965066263351957
-0.6868986173179145,12.069768148757332,0.16306836188513238,0.06516918324808486,0.2485686293800749
-0.6868986173179145,12.420367183568159,0.16348458865532386,0.0675701044041641,0.25101451813360304
-0.6868986173179145,12.77096621837899,0.16390553368081157,0.06782010052774279,0.25192327520763674
-0.6868986173179145,13.121565253189816,0.16433102507512018,0.0654918161192433,0.24917438048781035
-0.6868986173179145,13.472164288000645,0.16476093391859883,0.06560727162148637,0.24871382295860517
-0.6868986173179145,13.822763322811472,0.16519517955551447,0.06572506507306779,0.2491863207737463
-0.6868986173179145,14.1733623576223,0.1656337268886147,0.06584445085814095,0.2496426124094511
-0.6868986173179145,14.523961392433128,0.16607657475709592,0.06596481090096219,0.25008399119687763
-0.6868986173179145,14.874560427243956,0.16652373705909956,0.0630750199582457,0.24641001058196127
-0.6868986173179145,15.225159462054787,0.16697522032883352,0.0628309510327573,0.24714042768749422
-0.6868986173179145,15.575758496865614,0.16743100207610756,0.06472990882848714,0.24866966493863008
-0.6868986173179145,15.926357531676443,0.16789101351281974,0.06626524750094176,0.2501803566721501
-0.6868986173179145,16.276956566487268,0.16835512914329429,0.06967190308798042,0.2550776242974141
-0.6868986173179145,16.6275556012981,0.16882316454504856,0.07000311361817467,0.25472157745850804
-0.6868986173179145,16.978154636108926,0.16929488239801987,0.0703134937712278,0.25594891598249103
-0.6868986173179145,17.328753670919756,0.16977000537750572,0.06944207160478696,0.25565092358348707
-0.6868986173179145,17.679352705730587,0.1702482333232716,0.07028547201805893,0.2579671467575467
-0.6868986173179145,18.029951740541414,0.17072926166495078,0.07106974767653484,0.2583553314467459
-0.6868986173179145,18.38055077535224,0.17121279852620183,0.07203553305410693,0.25901036193286875
-0.6868986173179145,18.73114981016307,0.17169857885721512,0.07294348971511937,0.26042065037034284
-0.6868986173179145,19.081748844973898,0.172186374843381,0.07387430352001971,0.26180068133456397
-0.6868986173179145,19.432347879784725,0.17267600243055659,0.07437356891801791,0.26314870525002676
-0.6868986173179145,19.782946914595552,0.17316732412544736,0.0757099134494575,0.2648303165655949
-0.6868986173179145,20.133545949406383,0.17366024844229067,0.07681116547251678,0.2669202692200192
-0.6868986173179145,20.48414498421721,0.17415472658090983,0.0778408283692532,0.2689775084155294
-0.6868986173179145,20.834744019028037,0.17465074711257664,0.07889720205550167,0.27100136378408074
-0.6868986173179145,21.185343053838867,0.17514832954091752,0.08091801900979452,0.27384557390771164
-0.6868986173179145,21.535942088649698,0.17564751756682784,0.08109353416955382,0.27494676733395185
-0.6868986173179145,21.886541123460525,0.17614837275902595,0.08223528585865536,0.2768674908126045
-0.6868986173179145,22.23714015827135,0.17665096916202325,0.08337755837013723,0.2787531753929958
-0.6868986173179145,22.587739193082182,0.17715538916653858,0.08365487806115872,0.2790154333770055
-0.6868986173179145,22.93833822789301,0.1776617207114924,0.08486726654282663,0.2805162448691092
-0.6868986173179145,23.288937262703836,0.1781700556015995,0.08653844544069068,0.2826503074494809
-0.6868986173179145,23.639536297514667,0.17868048847727913,0.08447531830475445,0.28034212831935207
-0.6868986173179145,23.990135332325494,0.17919311584885422,0.08454569075389098,0.2809889994448441
-0.6868986173179145,24.34073436713632,0.17970803465517812,0.08374652384150953,0.28127080924276565
-0.6868986173179145,24.691333401947148,0.18022534000137086,0.08528479670970739,0.2831837119181703
-0.6868986173179145,25.04193243675798,0.1807451219788716,0.08309810116511361,0.28373008332609034
-0.6868986173179145,25.392531471568805,0.18126746168160526,0.0796415449002107,0.27981036334146336
-0.6868986173179145,25.743130506379632,0.18179242666921339,0.08003717693716367,0.2811662443113878
-0.6868986173179145,26.093729541190463,0.18232006620910712,0.08035219753619104,0.28362287636399697
-0.6868986173179145,26.444328576001293,0.18285040668374036,0.08647823205479707,0.2897518014520859
-0.6868986173179145,26.79492761081212,0.18338344759114159,0.08684786742886985,0.2911202848150902
-0.6868986173179145,27.145526645622947,0.18391915858512667,0.0862650480416876,0.2948022005357203
-0.6868986173179145,27.496125680433778,0.18445747797203657,0.08122733404752207,0.2911930978994162
-0.6868986173179145,27.846724715244605,0.18499831298014036,0.08179428370140537,0.2923600001898813
-0.6868986173179145,28.197323750055432,0.18554154194072808,0.08315010035487565,0.2950606332561037
-0.6868986173179145,28.54792278486626,0.18608701828804775,0.08361157905018136,0.2971172705229864
-0.6868986173179145,28.89852181967709,0.18663457604370653,0.0826639205737571,0.2977127375966178
-0.6868986173179145,29.249120854487916,0.18718403625438115,0.08295395403255054,0.29925315689391874
-0.6868986173179145,29.599719889298743,0.18773521374567925,0.08324387760863428,0.30205437093977894
-0.6868986173179145,29.950318924109574,0.18828792356247884,0.08555207089802382,0.3051833633762944
-0.6868986173179145,30.3009179589204,0.18884198657874704,0.08606002742829157,0.3077163683375601
-0.6868986173179145,30.651516993731228,0.18939723394135408,0.08657672949862528,0.31069529514407085
-0.6868986173179145,31.002116028542055,0.18995351021205795,0.0902241608504901,0.3154449965221836
-0.6868986173179145,31.352715063352885,0.1905106752433838,0.08046205002936169,0.3070587313342656
-0.6868986173179145,31.703314098163716,0.19106860493968372,0.09079569908056791,0.31860568979845144
-0.6868986173179145,32.05391313297454,0.19162719110799023,0.07787579071749755,0.3061902434287903
-0.6868986173179145,32.40451216778537,0.192186340603819,0.0644756975779296,0.2936436740121124
-0.6868986173179145,32.7551112025962,0.19274597394224754,0.06456052685579584,0.2943124677680017
-0.6868986173179145,33.105710237407024,0.19330602349516138,0.06379767194739196,0.2950016676581488
-0.6868986173179145,33.45630927221785,0.19386643135335196,0.06386408513339574,0.2957116390710253
-0.6868986173179145,33.806908307028685,0.19442714691615676,0.06329958021182117,0.2964427460063463
-0.6868986173179145,34.15750734183951,0.1949881242912576,0.07552865451122416,0.30920691072139256
-0.6868986173179145,34.50810637665034,0.19554931963820732,0.07389799378533433,0.30824602792750055
-0.6868986173179145,34.858705411461166,0.19611068865204243,0.07590454733614933,0.31107296724334776
-0.6868986173179145,35.20930444627199,0.19667218443103207,0.082421081543243,0.3186085204076183
-0.6285622472184427,0.5,0.1534663288259202,0.061519003048384854,0.25879353556323953
-0.6285622472184427,0.8505990348108282,0.1536293103207132,0.062154148092466256,0.2578351403556698
-0.6285622472184427,1.2011980696216566,0.1538021084373508,0.06230717998638478,0.25758654667574343
-0.6285622472184427,1.5517971044324848,0.15398465666485175,0.06245675580245074,0.2575619996118917
-0.6285622472184427,1.9023961392433129,0.1541768880103922,0.06380390829134885,0.2583056923032197
-0.6285622472184427,2.2529951740541407,0.15437874337778795,0.06391572714782083,0.257600199915865
-0.6285622472184427,2.6035942088649695,0.1545901775231834,0.06402937503663662,0.2575090886524659
-0.6285622472184427,2.954193243675798,0.15481116152131236,0.0654366788943612,0.2586317474623801
-0.6285622472184427,3.3047922784866257,0.15504168111831937,0.06544802141433267,0.258550747928033
-0.6285622472184427,3.655391313297454,0.15528173106654045,0.0669760589192345,0.26040485322221274
-0.6285622472184427,4.005990348108282,0.15553130637406182,0.06537407089730884,0.2582512821936042
-0.6285622472184427,4.35658938291911,0.15579039209935608,0.06534366965830145,0.2577316000184579
-0.6285622472184427,4.707188417729939,0.15605895360504268,0.06532065069637864,0.2574980990927856
-0.6285622472184427,5.057787452540768,0.15633692891244508,0.06667392072130983,0.2587018273367779
-0.6285622472184427,5.408386487351596,0.15662422407160273,0.0650469202059759,0.2575169385520207
-0.6285622472184427,5.758985522162424,0.15692071159421536,0.06711918785363297,0.2594000208560436
-0.6285622472184427,6.109584556973252,0.15722623134906408,0.06689766307983226,0.2580367875865112
-0.6285622472184427,6.46018359178408,0.15754059311172605,0.06484691920038861,0.2561388879668477
-0.6285622472184427,6.810782626594908,0.1578635801905299,0.06500611696545527,0.25514965611801327
-0.6285622472184427,7.161381661405737,0.15819495401076947,0.0651597849769182,0.25430093375125634
-0.6285622472184427,7.511980696216565,0.1585344598906024,0.06570210594241639,0.2550901272494834
-0.6285622472184427,7.8625797310273935,0.15888183416107107,0.06544882448066353,0.25469286553009846
-0.6285622472184427,8.213178765838222,0.15923681217964644,0.06039862237235791,0.24902279098147473
-0.6285622472184427,8.56377780064905,0.15959913595697514,0.06108280014933023,0.24865175022810085
-0.6285622472184427,8.914376835459878,0.1599685596251037,0.061791305846555095,0.2485663399933378
-0.6285622472184427,9.264975870270705,0.160344851272142,0.06240860346993749,0.2484698343484133
-0.6285622472184427,9.615574905081534,0.16072779071304327,0.06328552322767972,0.24836227327817764
-0.6285622472184427,9.96617393989236,0.1611171640171732,0.06407311971444939,0.24824375129574255
-0.6285622472184427,10.316772974703191,0.16151275644295118,0.06488876570349587,0.24811441681923654
-0.6285622472184427,10.667372009514018,0.1619143455977612,0.06566188806795277,0.24797447134148673
-0.6285622472184427,11.017971044324847,0.16232169637832303,0.0657842139762427,0.24782416832440143
-0.6285622472184427,11.368570079135674,0.16273455892632666,0.06592072153494757,0.24848545314596132
-0.6285622472184427,11.719169113946503,0.1631526706080154,0.06606908399663906,0.24883252182151389
-0.6285622472184427,12.069768148757332,0.16357576273481636,0.06622723542547843,0.24819807956608875
-0.6285622472184427,12.420367183568159,0.16400357209476127,0.06639335640177635,0.24755438621435671
-0.6285622472184427,12.77096621837899,0.1644358562031107,0.06588988622502155,0.24750581637802313
-0.6285622472184427,13.121565253189816,0.16487240966609773,0.06650904508778514,0.24795790303651868
-0.6285622472184427,13.472164288000645,0.1653130777232196,0.06692469130515037,0.24841059508813887
-0.6285622472184427,13.822763322811472,0.16575776268694606,0.0671088384433467,0.24825845156816675
-0.6285622472184427,14.1733623576223,0.16620642025710253,0.06729496116105887,0.24847978683857455
-0.6285622472184427,14.523961392433128,0.16665904537759635,0.06724323935108578,0.24869005972841618
-0.6285622472184427,14.874560427243956,0.16711565028018466,0.06688471277069119,0.2489809101057117
-0.6285622472184427,15.225159462054787,0.16757623926801218,0.06652891055882451,0.2504329637650393
-0.6285622472184427,15.575758496865614,0.16804078511751558,0.06617597377264678,0.2508397481929678
-0.6285622472184427,15.926357531676443,0.16850921118314646,0.06906319686536323,0.2532205804462892
-0.6285622472184427,16.276956566487268,0.1689813819841134,0.06842235396779478,0.25157470355054523
-0.6285622472184427,16.6275556012981,0.16945710341912662,0.06990530098690581,0.2529921968237997
-0.6285622472184427,16.978154636108926,0.16993613186726114,0.06879514452730502,0.25249360810616456
-0.6285622472184427,17.328753670919756,0.17041818972034034,0.06896671312898772,0.2524932914574073
-0.6285622472184427,17.679352705730587,0.17090298397857995,0.07620456814218218,0.2609350391781219
-0.6285622472184427,18.029951740541414,0.17139022470754542,0.07625703976733776,0.2610076997010329
-0.6285622472184427,18.38055077535224,0.17187964111272883,0.07677536245611565,0.26142015251979495
-0.6285622472184427,18.73114981016307,0.17237099414237317,0.07706147494284059,0.2622368441371465
-0.6285622472184427,19.081748844973898,0.1728640853870636,0.07734811080793987,0.26272668644269254
-0.6285622472184427,19.432347879784725,0.1733587624464778,0.07755180357037636,0.264400204185383
-0.6285622472184427,19.782946914595552,0.1738549210220291,0.07745225406888935,0.26513838032030573
-0.6285622472184427,20.133545949406383,0.1743525040200458,0.07886303514323108,0.2677726170957798
-0.6285622472184427,20.48414498421721,0.17485149807039205,0.08043625144832851,0.26990206737891914
-0.6285622472184427,20.834744019028037,0.17535192806070227,0.07442316348883081,0.26552464280734667
-0.6285622472184427,21.185343053838867,0.17585385043447435,0.08352816923095342,0.2746851148251599
-0.6285622472184427,21.535942088649698,0.1763573460152066,0.08372454666659024,0.2747049741311158
-0.6285622472184427,21.886541123460525,0.17686251301515782,0.0840834013903112,0.27595068504620823
-0.6285622472184427,22.23714015827135,0.17736946073634066,0.08478406703537848,0.27820656293672763
-0.6285622472184427,22.587739193082182,0.1778783043088572,0.08590194987127281,0.2804106944004856
-0.6285622472184427,22.93833822789301,0.17838916061936702,0.08661906291975369,0.2814650676595947
-0.6285622472184427,23.288937262703836,0.17890214534336063,0.08514263367697432,0.2810207689954845
-0.6285622472184427,23.639536297514667,0.17941737074646222,0.08608360406422784,0.28160276858519234
-0.6285622472184427,23.990135332325494,0.17993494375017569,0.08566004405704569,0.2810870060905468
-0.6285622472184427,24.34073436713632,0.18045496375058429,0.08587830674025745,0.2819450152452361
-0.6285622472184427,24.691333401947148,0.18097751984986715,0.08491388091427107,0.28282443278279756
-0.6285622472184427,25.04193243675798,0.18150268743544248,0.08396050979513515,0.28392015104190044
-0.6285622472184427,25.392531471568805,0.1820305243082747,0.08050669466093731,0.28180481203159896
-0.6285622472184427,25.743130506379632,0.1825610667479284,0.082093685865797,0.2844923394328775
-0.6285622472184427,26.093729541190463,0.18309432599674771,0.08240808923027106,0.28555206187650967
-0.6285622472184427,26.444328576001293,0.18363028566469966,0.08337002207543828,0.2863739145139133
-0.6285622472184427,26.79492761081212,0.18416890050457227,0.08380119832242476,0.28886708188827864
-0.6285622472184427,27.145526645622947,0.18471009687524553,0.08409716426913867,0.29068287138922644
-0.6285622472184427,27.496125680433778,0.18525377499771736,0.0843926121862101,0.29241805912940777
-0.6285622472184427,27.846724715244605,0.185799812842701,0.0846793555499493,0.2941333135596318
-0.6285622472184427,28.197323750055432,0.1863480712294777,0.08414581025654624,0.2960968472246288
-0.6285622472184427,28.54792278486626,0.18689839953396484,0.08591181174126088,0.2990281996795691
-0.6285622472184427,28.89852181967709,0.1874506413500995,0.08587154975769883,0.30190114864256273
-0.6285622472184427,29.249120854487916,0.18800463953042026,0.08263777766900758,0.30090054641956604
-0.6285622472184427,29.599719889298743,0.18856024021413104,0.0807547467786183,0.30066889919110007
-0.6285622472184427,29.950318924109574,0.18911729567545468,0.07857634722592033,0.29920864329199964
-0.6285622472184427,30.3009179589204,0.1896756660342293,0.0782165027179063,0.29912274309779063
-0.6285622472184427,30.651516993731228,0.19023522002474877,0.07825383290271007,0.2992830294952811
-0.6285622472184427,31.002116028542055,0.19079583510051445,0.07828498332922895,0.29946031337560924
-0.6285622472184427,31.352715063352885,0.19135739716260053,0.07831002566314813,0.299985259966265
-0.6285622472184427,31.703314098163716,0.19191980014922744,0.07832901973590534,0.3011187020004793
-0.6285622472184427,32.05391313297454,0.19248294563146146,0.07834201412819368,0.3022217651209604
-0.6285622472184427,32.40451216778537,0.19304674244727235,0.07834904695619441,0.3032937828192144
-0.6285622472184427,32.7551112025962,0.1936111063005,0.07835014683874984,0.30433416598643115
-0.6285622472184427,33.105710237407024,0.19417595918053077,0.07834533402488672,0.30620885234765577
-0.6285622472184427,33.45630927221785,0.19474122844460134,0.08403007433717963,0.31197425521832856
-0.6285622472184427,33.806908307028685,0.19530684545611707,0.08464672945121628,0.31307589338426506
-0.6285622472184427,34.15750734183951,0.19587274377947061,0.08527221798692149,0.3162436056142162
-0.6285622472184427,34.50810637665034,0.19643885706694342,0.08588774969327137,0.3152841410255632
-0.6285622472184427,34.858705411461166,0.1970051168974463,0.08574254426817567,0.31841543843078146
-0.6285622472184427,35.20930444627199,0.19757145090204276,0.07503326314766688,0.31156858184455555
-0.570225877118971,0.5,0.15371249650882413,0.05390177145416997,0.2514960403690624
-0.570225877118971,0.8505990348108282,0.1538828786746975,0.06247033328085124,0.25973476444165805
-0.570225877118971,1.2011980696216566,0.1540634297115399,0.0635105583695383,0.2597053950652293
-0.570225877118971,1.5517971044324848,0.15425408530403528,0.06362343128206731,0.25928303456675106
-0.570225877118971,1.9023961392433129,0.1544547760221914,0.06265736757334728,0.25764457685965664
-0.570225877118971,2.2529951740541407,0.15466543661056345,0.06278347151242934,0.25693847122540014
-0.570225877118971,2.6035942088649695,0.15488601246440545,0.0629130144159719,0.2568203904919612
-0.570225877118971,2.954193243675798,0.15511646204142748,0.06304534285317924,0.2567961224124793
-0.570225877118971,3.3047922784866257,0.15535675468561017,0.06737792626441867,0.2604519988215623
-0.570225877118971,3.655391313297454,0.15560686435713708,0.06761654012462875,0.26017049786647306
-0.570225877118971,4.005990348108282,0.1558667607645409,0.06345235014392506,0.25676078739543495
-0.570225877118971,4.35658938291911,0.15613639997253975,0.06266235167712578,0.25556322868385345
-0.570225877118971,4.707188417729939,0.1564157164392605,0.06254969582009996,0.2545604296113657
-0.570225877118971,5.057787452540768,0.15670461768791785,0.06385996513800081,0.2561350210345125
-0.570225877118971,5.408386487351596,0.15700298182475297,0.06399276867122444,0.2559024204171049
-0.570225877118971,5.758985522162424,0.15731065733456848,0.06513022888861977,0.2568146318801331
-0.570225877118971,6.109584556973252,0.15762746429844554,0.06527739321280226,0.25726514235474424
-0.570225877118971,6.46018359178408,0.15795319639545294,0.06679215880251213,0.258108064537212
-0.570225877118971,6.810782626594908,0.15828762356014175,0.05794970680113728,0.24911906486709426
-0.570225877118971,7.161381661405737,0.15863049564319598,0.057954280614580404,0.24783912223931945
-0.570225877118971,7.511980696216565,0.15898154754381805,0.05886305380162291,0.2483788240628964
-0.570225877118971,7.8625797310273935,0.15934050588752802,0.05726730627146964,0.24637752738431473
-0.570225877118971,8.213178765838222,0.15970709654789544,0.05880666043846961,0.2469379612984534
-0.570225877118971,8.56377780064905,0.16008105158148433,0.06319209863773473,0.25060562161936306
-0.570225877118971,8.914376835459878,0.16046211393508225,0.0629426266803067,0.24850040083180058
-0.570225877118971,9.264975870270705,0.1608500387718614,0.06481558953170224,0.24921028002724746
-0.570225877118971,9.615574905081534,0.16124459119248552,0.0653050421329629,0.2490783152656032
-0.570225877118971,9.96617393989236,0.16164554102378773,0.0662566923806125,0.25048950319799024
-0.570225877118971,10.316772974703191,0.16205265589856743,0.06732192653390595,0.25168455421121005
-0.570225877118971,10.667372009514018,0.16246569408062994,0.06342800462876692,0.24754195456362782
-0.570225877118971,11.017971044324847,0.16288439859845655,0.06397989419044321,0.24718332153258638
-0.570225877118971,11.368570079135674,0.16330849433251096,0.06579449564144103,0.24937727658169057
-0.570225877118971,11.719169113946503,0.16373768963204477,0.06511217223274254,0.24852264986094094
-0.570225877118971,12.069768148757332,0.16417168357361034,0.06569306189451969,0.24785715306656123
-0.570225877118971,12.420367183568159,0.1646101789256932,0.06617956476205426,0.2471822228487888
-0.570225877118971,12.77096621837899,0.16505289928719913,0.06633719841912876,0.2469175242198223
-0.570225877118971,13.121565253189816,0.1654996071196974,0.0665142113859299,0.24783051542855228
-0.570225877118971,13.472164288000645,0.16595011823947176,0.06812076693818828,0.24976146185042347
-0.570225877118971,13.822763322811472,0.16640430853248653,0.06693934523714436,0.24880882307690985
-0.570225877118971,14.1733623576223,0.1668621104021458,0.06719459216681506,0.24888095318041592
-0.570225877118971,14.523961392433128,0.16732349909201502,0.06748351954136525,0.24934223958514026
-0.570225877118971,14.874560427243956,0.16778847144161152,0.06781045059160232,0.25073102958094506
-0.570225877118971,15.225159462054787,0.16825702112749089,0.06233321754701878,0.24614964130194628
-0.570225877118971,15.575758496865614,0.16872911500007787,0.06196091621187994,0.2463092477621925
-0.570225877118971,15.926357531676443,0.16920467491081786,0.0665204247687206,0.2505997672321525
-0.570225877118971,16.276956566487268,0.16968356833387774,0.06419876776721799,0.24807756800171596
-0.570225877118971,16.6275556012981,0.1701656090777313,0.07017607781755039,0.25247937365123263
-0.570225877118971,16.978154636108926,0.17065056697406977,0.06945975688482828,0.25277347288811175
-0.570225877118971,17.328753670919756,0.1711381835598915,0.07496965459506784,0.2588321063137258
-0.570225877118971,17.679352705730587,0.1716281901120554,0.07639528713366428,0.2591486239202446
-0.570225877118971,18.029951740541414,0.17212032494074073,0.07713493124563428,0.25951732001409805
-0.570225877118971,18.38055077535224,0.1726143480445208,0.07917532730499094,0.2628411161140189
-0.570225877118971,18.73114981016307,0.1731100524148377,0.07862303582145813,0.26301950668315394
-0.570225877118971,19.081748844973898,0.17360727202729398,0.07885618226803601,0.2641343499852898
-0.570225877118971,19.432347879784725,0.17410588679437672,0.07840192215480955,0.2637850337807664
-0.570225877118971,19.782946914595552,0.17460582467583344,0.07986033998348348,0.2652368421645515
-0.570225877118971,20.133545949406383,0.1751070610409409,0.08010679113876312,0.26698952102714163
-0.570225877118971,20.48414498421721,0.17560961544529005,0.07176409508473994,0.259269568703601
-0.570225877118971,20.834744019028037,0.17611354621817502,0.07373768457427242,0.26177431896544695
-0.570225877118971,21.185343053838867,0.1766189435026281,0.07281629602902284,0.26135694728899156
-0.570225877118971,21.535942088649698,0.17712592150033835,0.07335395907408068,0.262592622619385
-0.570225877118971,21.886541123460525,0.17763461061949173,0.07489831962450001,0.2654060382749219
-0.570225877118971,22.23714015827135,0.1781451500804359,0.07446349904207883,0.26517865665225704
-0.570225877118971,22.587739193082182,0.1786576813763972,0.07486322099504827,0.26572296836335646
-0.570225877118971,22.93833822789301,0.17917234281978078,0.07435584890661277,0.26741292257885624
-0.570225877118971,23.288937262703836,0.17968926520029846,0.08343266364697134,0.2779719408507195
-0.570225877118971,23.639536297514667,0.18020856835267943,0.08640496903379952,0.2815942801536162
-0.570225877118971,23.990135332325494,0.1807303582579311,0.08665144785005609,0.2828274475106919
-0.570225877118971,24.34073436713632,0.1812547242778366,0.08489013307528584,0.2821438046957993
-0.570225877118971,24.691333401947148,0.1817817362823635,0.0849584853512782,0.2829385826954243
-0.570225877118971,25.04193243675798,0.1823114417093763,0.084486514406629,0.2831352550113284
-0.570225877118971,25.392531471568805,0.18284386286768495,0.08515535666572338,0.28547441297534476
-0.570225877118971,25.743130506379632,0.18337899494998988,0.08564846597454857,0.28756781783757435
-0.570225877118971,26.093729541190463,0.18391680522562986,0.08571695187811117,0.2890686370740223
-0.570225877118971,26.444328576001293,0.184457233756974,0.08644017312706553,0.2907135605039556
-0.570225877118971,26.79492761081212,0.18500019577063867,0.08585996147848832,0.29089112843277404
-0.570225877118971,27.145526645622947,0.18554558555947342,0.08529345211674165,0.2913163049982239
-0.570225877118971,27.496125680433778,0.186093281541358,0.08599943419266894,0.29483281636481007
-0.570225877118971,27.846724715244605,0.1866431519100012,0.08419928718992406,0.29620693206359916
-0.570225877118971,28.197323750055432,0.18719506022887092,0.08367353816044856,0.29755070539132394
-0.570225877118971,28.54792278486626,0.18774887036395982,0.07737342692587179,0.29227478608226803
-0.570225877118971,28.89852181967709,0.18830445030783857,0.07659958279681771,0.29236307367567066
-0.570225877118971,29.249120854487916,0.18886167466787285,0.07879287219239707,0.2959284721048499
-0.570225877118971,29.599719889298743,0.1894204258171106,0.07883058031082318,0.29671310790696936
-0.570225877118971,29.950318924109574,0.18998059389138053,0.07890261666379013,0.2974809148338494
-0.570225877118971,30.3009179589204,0.1905420759374366,0.0790081174482185,0.29823117699074075
-0.570225877118971,30.651516993731228,0.19110477456992472,0.07914618345785945,0.29896319822606476
-0.570225877118971,31.002116028542055,0.19166859648428006,0.07931588986285072,0.2996763106606364
-0.570225877118971,31.352715063352885,0.19223345110710666,0.07951629309877738,0.3003698826868779
-0.570225877118971,31.703314098163716,0.19279924955812483,0.07928377375670224,0.3010433263880362
-0.570225877118971,32.05391313297454,0.19336590396797987,0.08434338845981508,0.3096675400800597
-0.570225877118971,32.40451216778537,0.19393332707040623,0.0767008565528421,0.30232773568336513
-0.570225877118971,32.7551112025962,0.19450143189491656,0.07753184296534311,0.3043022728310198
-0.570225877118971,33.105710237407024,0.19507013135318918,0.08550821604032244,0.31281671750765977
-0.570225877118971,33.45630927221785,0.19563933755221766,0.08590881979177445,0.3125450327348883
-0.570225877118971,33.806908307028685,0.19620896077372296,0.07997156942149271,0.31123575118295055
-0.570225877118971,34.15750734183951,0.19677890820410623,0.07717672738166206,0.30725444709958405
-0.570225877118971,34.50810637665034,0.1973490826393981,0.07892049621419511,0.3091730072038381
-0.570225877118971,34.858705411461166,0.1979193814820576,0.07990980959879167,0.31176106553930044
-0.570225877118971,35.20930444627199,0.19848969636277017,0.08251172381360235,0.31489694303217725
-0.5118895070194992,0.5,0.15405067961651628,0.05533047384389429,0.2521706823809953
-0.5118895070194992,0.8505990348108282,0.15422868341786952,0.055045137791398024,0.25166215042243945
-0.5118895070194992,1.2011980696216566,0.154417145999863,0.054841895237109646,0.2511491359070465
-0.5118895070194992,1.5517971044324848,0.1546160169215414,0.06681962783750055,0.262529076633201
-0.5118895070194992,1.9023961392433129,0.15482523968537823,0.06704627893175696,0.26250781015730335
-0.5118895070194992,2.2529951740541407,0.15504475926886158,0.06259164056241895,0.25749899082292904
-0.5118895070194992,2.6035942088649695,0.1552745264628723,0.06268654779466891,0.2566276837692606
-0.5118895070194992,2.954193243675798,0.1555144979718042,0.06278385038174888,0.2562376678890378
-0.5118895070194992,3.3047922784866257,0.15576463218934425,0.0628830000367854,0.25622030486764513
-0.5118895070194992,3.655391313297454,0.15602488174842255,0.06842283848294399,0.261606514947707
-0.5118895070194992,4.005990348108282,0.15629518489882874,0.06876048052166943,0.2616065471686013
-0.5118895070194992,4.35658938291911,0.15657545799868022,0.0691173634131174,0.26180109239489274
-0.5118895070194992,4.707188417729939,0.15686559075576426,0.04871839890900805,0.24127804846360867
-0.5118895070194992,5.057787452540768,0.15716544465807272,0.049650584350615735,0.24143784221853398
-0.5118895070194992,5.408386487351596,0.15747485391323118,0.05901803205692181,0.25101072755835907
-0.5118895070194992,5.758985522162424,0.1577936276811823,0.059652195736204665,0.2504320517308146
-0.5118895070194992,6.109584556973252,0.15812155256195415,0.060304720964911754,0.249865915671229
-0.5118895070194992,6.46018359178408,0.1584583949544921,0.060976993265606176,0.24930741791734295
-0.5118895070194992,6.810782626594908,0.15880390360816907,0.06157037694941842,0.250384966730557
-0.5118895070194992,7.161381661405737,0.15915781303664583,0.05954113033996676,0.2485754040954602
-0.5118895070194992,7.511980696216565,0.15951984824645812,0.06001295817751134,0.2483672252925854
-0.5118895070194992,7.8625797310273935,0.15988973055538322,0.06049276598225327,0.248214559176497
-0.5118895070194992,8.213178765838222,0.16026718351823968,0.06022795155515141,0.2479802252009555
-0.5118895070194992,8.56377780064905,0.1606519375888385,0.05993718428476748,0.24777433776097935
-0.5118895070194992,8.914376835459878,0.16104373236591277,0.06197625103840979,0.24785860766940224
-0.5118895070194992,9.264975870270705,0.16144231596429562,0.062484822910278556,0.2473397222350694
-0.5118895070194992,9.615574905081534,0.16184744181883864,0.06300039630735929,0.2472936689033205
-0.5118895070194992,9.96617393989236,0.16225886372015305,0.06352308100060457,0.24858679661250827
-0.5118895070194992,10.316772974703191,0.16267633005648513,0.06615467247006532,0.25081324664591137
-0.5118895070194992,10.667372009514018,0.1630995783019211,0.06645828874262129,0.25114173649647126
-0.5118895070194992,11.017971044324847,0.16352833092898666,0.06496283907581543,0.24912806910950702
-0.5118895070194992,11.368570079135674,0.16396229409340032,0.0650958715851821,0.2488835134983049
-0.5118895070194992,11.719169113946503,0.16440116041014805,0.06524451435427567,0.24824796235821775
-0.5118895070194992,12.069768148757332,0.16484461665600073,0.06541148465802941,0.2478169425143877
-0.5118895070194992,12.420367183568159,0.16529235617393154,0.06559971347547348,0.24739159486558412
-0.5118895070194992,12.77096621837899,0.16574409428143033,0.06581236021328644,0.24754323248408774
-0.5118895070194992,13.121565253189816,0.1661995836240254,0.06605283175484021,0.2480309644464766
-0.5118895070194992,13.472164288000645,0.1666586258842191,0.06910862198301908,0.2504132889716195
-0.5118895070194992,13.822763322811472,0.16712107694781034,0.06929461510511287,0.2495658613049456
-0.5118895070194992,14.1733623576223,0.16758684418387845,0.0694821175478004,0.2511040749148115
-0.5118895070194992,14.523961392433128,0.16805587607190653,0.069671262901298,0.25346228722815767
-0.5118895070194992,14.874560427243956,0.1685281455325578,0.06287740422116307,0.24554378349422995
-0.5118895070194992,15.225159462054787,0.1690036292472689,0.0638748822445731,0.24635997226594114
-0.5118895070194992,15.575758496865614,0.16948228631943102,0.06790368578849816,0.24881206101852074
-0.5118895070194992,15.926357531676443,0.16996404043990093,0.06771853579102172,0.25002333706041374
-0.5118895070194992,16.276956566487268,0.1704487693911234,0.07019460770533094,0.2523996999517656
-0.5118895070194992,16.6275556012981,0.1709363039254819,0.06981649205123781,0.25218041895403986
-0.5118895070194992,16.978154636108926,0.17142643550521325,0.07185797966887429,0.2547877163195018
-0.5118895070194992,17.328753670919756,0.17191893029665964,0.07416910462233665,0.257026542790963
-0.5118895070194992,17.679352705730587,0.17241354595578892,0.07393384775602045,0.2573139550694891
-0.5118895070194992,18.029951740541414,0.17291004812349656,0.07490737356053405,0.2584745877877812
-0.5118895070194992,18.38055077535224,0.17340822463094221,0.07878296031360012,0.26170809350151203
-0.5118895070194992,18.73114981016307,0.17390789656292516,0.07951764938632284,0.263816263573329
-0.5118895070194992,19.081748844973898,0.1744089261089556,0.07971909662547884,0.26428217986191166
-0.5118895070194992,19.432347879784725,0.1749112214218915,0.0815956713226606,0.26564122337505164
-0.5118895070194992,19.782946914595552,0.17541473864812365,0.08155947631327969,0.26572814734500505
-0.5118895070194992,20.133545949406383,0.17591948117009557,0.08245836036625223,0.26820331541394793
-0.5118895070194992,20.48414498421721,0.17642549613843062,0.07694793286275711,0.26323569133893
-0.5118895070194992,20.834744019028037,0.17693286860841087,0.07656494953532704,0.2627380383830139
-0.5118895070194992,21.185343053838867,0.17744171389599686,0.0774613122002539,0.26299590610967644
-0.5118895070194992,21.535942088649698,0.17795216895028565,0.07770785795899351,0.26328957670229947
-0.5118895070194992,21.886541123460525,0.17846438352309985,0.07734202356113178,0.26414447175279177
-0.5118895070194992,22.23714015827135,0.17897851175924173,0.07689204389809313,0.2654541155921322
-0.5118895070194992,22.587739193082182,0.17949470463751202,0.07781730715945638,0.26748344393605805
-0.5118895070194992,22.93833822789301,0.18001310351537916,0.07583505310914686,0.2680989945820203
-0.5118895070194992,23.288937262703836,0.18053383486159358,0.08674423975943735,0.28032300621829165
-0.5118895070194992,23.639536297514667,0.18105700609875203,0.08537334192964913,0.27906846781591327
-0.5118895070194992,23.990135332325494,0.18158270236540647,0.0863079728309327,0.28042677937395866
-0.5118895070194992,24.34073436713632,0.18211098400428113,0.0874723652177886,0.2820425763927563
-0.5118895070194992,24.691333401947148,0.1826418847048392,0.08798285975073253,0.28258027776633954
-0.5118895070194992,25.04193243675798,0.18317541041481733,0.08828825820804219,0.2849377794416145
-0.5118895070194992,25.392531471568805,0.18371153927778913,0.08736292294947183,0.28586016142695825
-0.5118895070194992,25.743130506379632,0.1842502228645935,0.08642052886403202,0.28589797961380053
-0.5118895070194992,26.093729541190463,0.1847913888342138,0.08912042782946814,0.29061960886350297
-0.5118895070194992,26.444328576001293,0.1853349449440234,0.08935056722893786,0.2912448839310301
-0.5118895070194992,26.79492761081212,0.18588078411102052,0.08958094325462489,0.2943635064260341
-0.5118895070194992,27.145526645622947,0.18642879006339047,0.09007926788826331,0.29745986270344915
-0.5118895070194992,27.496125680433778,0.1869788430404622,0.09002015124808901,0.29891084068151563
-0.5118895070194992,27.846724715244605,0.18753082500049306,0.0899420833932874,0.30036098900537195
-0.5118895070194992,28.197323750055432,0.18808462387064628,0.0899077658854115,0.3020442913834385
-0.5118895070194992,28.54792278486626,0.18864013650775374,0.08927545391350988,0.3032094956829305
-0.5118895070194992,28.89852181967709,0.1891972702118605,0.08998557464077833,0.3049049193011993
-0.5118895070194992,29.249120854487916,0.18975594281998845,0.09010450678405525,0.3072800561002962
-0.5118895070194992,29.599719889298743,0.1903160815739015,0.08406335239440602,0.3032032021378018
-0.5118895070194992,29.950318924109574,0.19087762107521752,0.07875824411063638,0.29881453381411577
-0.5118895070194992,30.3009179589204,0.19144050069786953,0.07965365839733914,0.2999244014634311
-0.5118895070194992,30.651516993731228,0.19200466182085482,0.07998916147282317,0.30153331105386433
-0.5118895070194992,31.002116028542055,0.19257004518561363,0.09129513085036976,0.312887682076785
-0.5118895070194992,31.352715063352885,0.19313658859144425,0.09080565448551946,0.31407345045883434
-0.5118895070194992,31.703314098163716,0.1937042250397021,0.08158422396318733,0.3063901735102793
-0.5118895070194992,32.05391313297454,0.1942728813423912,0.08264757812877425,0.30824140257155724
-0.5118895070194992,32.40451216778537,0.19484247713996095,0.08437138708506338,0.31175849606125394
-0.5118895070194992,32.7551112025962,0.19541292423946557,0.09109745572751624,0.31930383232786735
-0.5118895070194992,33.105710237407024,0.19598412619310984,0.08167300927975919,0.3126261402022449
-0.5118895070194992,33.45630927221785,0.19655597808337227,0.07664534725769372,0.3080171570232523
-0.5118895070194992,33.806908307028685,0.1971283665481418,0.07703784526948265,0.3089323833557091
-0.5118895070194992,34.15750734183951,0.1977011701442546,0.07601128510468569,0.3076617277313728
-0.5118895070194992,34.50810637665034,0.19827426018672686,0.08151705720872295,0.31129549262563294
-0.5118895070194992,34.858705411461166,0.19884750219687589,0.08406753768652986,0.31411834497685664
-0.5118895070194992,35.20930444627199,0.19942075803984116,0.08472334315151162,0.31569952136042173
-0.4535531369200274,0.5,0.15447909834359985,0.05647149532541954,0.25392663465315596
-0.4535531369200274,0.8505990348108282,0.1546648999100786,0.056545881231213076,0.2529070470170937
-0.4535531369200274,1.2011980696216566,0.15486137109437353,0.06188310354853519,0.2578654268842711
-0.4535531369200274,1.5517971044324848,0.1550684691629401,0.06187323657372371,0.25778542539448823
-0.4535531369200274,1.9023961392433129,0.15528615095232814,0.054737026144351615,0.25002178918516627
-0.4535531369200274,2.2529951740541407,0.1555143767703236,0.05529473095954592,0.24990767740189723
-0.4535531369200274,2.6035942088649695,0.1557531103116892,0.06432459748088057,0.25843734335052004
-0.4535531369200274,2.954193243675798,0.1560023142747359,0.06415931306648143,0.257560438968468
-0.4535531369200274,3.3047922784866257,0.15626194252268794,0.0684200945669991,0.26093693426925135
-0.4535531369200274,3.655391313297454,0.15653193073898725,0.06792256137740053,0.2606614838543672
-0.4535531369200274,4.005990348108282,0.1568121880855816,0.07069773275979938,0.26359317356925854
-0.4535531369200274,4.35658938291911,0.15710259201208318,0.07110816826656036,0.26365566740128343
-0.4535531369200274,4.707188417729939,0.1574029871704916,0.07139890891076349,0.2637319154414015
-0.4535531369200274,5.057787452540768,0.15771318793354844,0.05819569307222649,0.25010930614665233
-0.4535531369200274,5.408386487351596,0.15803298299486335,0.05860815566598923,0.24915980685269293
-0.4535531369200274,5.758985522162424,0.15836214035633092,0.05903665865737875,0.24844738959470763
-0.4535531369200274,6.109584556973252,0.15870041161246537,0.059478450700404216,0.24825220257334488
-0.4535531369200274,6.46018359178408,0.1590475353731686,0.06294051518642496,0.25083562064297305
-0.4535531369200274,6.810782626594908,0.15940324036709885,0.06315688738190589,0.25068508753321894
-0.4535531369200274,7.161381661405737,0.15976724886025587,0.05988130646513694,0.24615994469524846
-0.4535531369200274,7.511980696216565,0.16013928051793788,0.06134110639557986,0.24601204963869955
-0.4535531369200274,7.8625797310273935,0.1605190561240721,0.061824635463747946,0.24716637607108796
-0.4535531369200274,8.213178765838222,0.16090630017072285,0.06231390850091866,0.24814272335380191
-0.4535531369200274,8.56377780064905,0.16130074154181642,0.061246213986186154,0.24668771785524382
-0.4535531369200274,8.914376835459878,0.1617021122166517,0.06184774462307815,0.24703377286856631
-0.4535531369200274,9.264975870270705,0.16211014466344703,0.06372499743013105,0.2473622027806054
-0.4535531369200274,9.615574905081534,0.16252456893742184,0.06382879704874947,0.2459323207980331
-0.4535531369200274,9.96617393989236,0.16294511031826095,0.0636404124453506,0.2458096257985735
-0.4535531369200274,10.316772974703191,0.16337148787049166,0.06407026195576467,0.2459149057412674
-0.4535531369200274,10.667372009514018,0.16380341398208786,0.06421232273719334,0.24606796150044402
-0.4535531369200274,11.017971044324847,0.16424059496334262,0.06437184862769173,0.24775446413296134
-0.4535531369200274,11.368570079135674,0.16468273308905618,0.07364244655738436,0.2568660700194392
-0.4535531369200274,11.719169113946503,0.16512953071220252,0.07633162722614238,0.2582611430834139
-0.4535531369200274,12.069768148757332,0.16558069689441116,0.0781975076050716,0.2575871221796559
-0.4535531369200274,12.420367183568159,0.16603595623570352,0.07856854832642855,0.2571764700007807
-0.4535531369200274,12.77096621837899,0.16649505850774626,0.07894186880389577,0.25915908271503535
-0.4535531369200274,13.121565253189816,0.16695778693363902,0.06794135339530083,0.24867181905576322
-0.4535531369200274,13.472164288000645,0.16742396309410906,0.06939437026870769,0.25123733022294076
-0.4535531369200274,13.822763322811472,0.1678934474424827,0.08005840958758485,0.259691574662639
-0.4535531369200274,14.1733623576223,0.16836613553386318,0.06943484034340193,0.2501438843570457
-0.4535531369200274,14.523961392433128,0.16884195055446674,0.06990983727102705,0.2506983282351965
-0.4535531369200274,14.874560427243956,0.16932083262579173,0.06980993300519156,0.24917709987367148
-0.4535531369200274,15.225159462054787,0.16980272544146094,0.06888463925781341,0.24829841330703947
-0.4535531369200274,15.575758496865614,0.17028756161904396,0.06906046578314387,0.2493552463625939
-0.4535531369200274,15.926357531676443,0.17077524932026628,0.07241339952306079,0.25235690918806863
-0.4535531369200274,16.276956566487268,0.17126566323113895,0.07135642050713646,0.2522655411058087
-0.4535531369200274,16.6275556012981,0.17175864225939624,0.07377267445398893,0.2547858572033931
-0.4535531369200274,16.978154636108926,0.17225399453020152,0.07448703408140375,0.2557147286968565
-0.4535531369200274,17.328753670919756,0.17275150830915725,0.07470813215975662,0.25555773104053076
-0.4535531369200274,17.679352705730587,0.17325096622118816,0.07594502349138721,0.2569476392992584
-0.4535531369200274,18.029951740541414,0.17375215993839457,0.07768200776390621,0.25926235877026377
-0.4535531369200274,18.38055077535224,0.17425490318156062,0.07824597614486611,0.2607627592126385
-0.4535531369200274,18.73114981016307,0.17475904189914818,0.07838571937763672,0.2617340226298866
-0.4535531369200274,19.081748844973898,0.1752644613464679,0.07921648301903626,0.263001279546259
-0.4535531369200274,19.432347879784725,0.17577109022090334,0.08005689477974229,0.2645157563625254
-0.4535531369200274,19.782946914595552,0.1762789020528869,0.08096231013113615,0.2662920198978545
-0.4535531369200274,20.133545949406383,0.17678791394445792,0.08165208940726817,0.26780772844522904
-0.4535531369200274,20.48414498421721,0.17729818273685613,0.08150337380330418,0.2683354346060352
-0.4535531369200274,20.834744019028037,0.1778097988719302,0.08141420887784602,0.2696336743630977
-0.4535531369200274,21.185343053838867,0.17832287849605197,0.08139355016031159,0.2710149280815391
-0.4535531369200274,21.535942088649698,0.17883755456284983,0.07825146416933566,0.26889368673862635
-0.4535531369200274,21.886541123460525,0.17935396771329037,0.08598338398080704,0.27758028808861945
-0.4535531369200274,22.23714015827135,0.1798722575769375,0.08684058903416952,0.27927187474588233
-0.4535531369200274,22.587739193082182,0.1803925549553941,0.08731513345432729,0.2789265761435002
-0.4535531369200274,22.93833822789301,0.1809149751992083,0.08764200577955772,0.279364715587193
-0.4535531369200274,23.288937262703836,0.18143961298049113,0.08953076614215391,0.2806469040611071
-0.4535531369200274,23.639536297514667,0.18196653856889922,0.09010738510407934,0.2810898136850054
-0.4535531369200274,23.990135332325494,0.1824957956309742,0.09041571666585066,0.2825742865952694
-0.4535531369200274,24.34073436713632,0.18302740050795221,0.08890221221570052,0.2831547915443918
-0.4535531369200274,24.691333401947148,0.18356134289675424,0.08935392091406484,0.28556516633723683
-0.4535531369200274,25.04193243675798,0.18409758785061908,0.08644246079429606,0.28330313274791047
-0.4535531369200274,25.392531471568805,0.18463607899646764,0.08963225563702025,0.288576667515834
-0.4535531369200274,25.743130506379632,0.1851767428057434,0.09001885490343643,0.2902135701305531
-0.4535531369200274,26.093729541190463,0.18571949365584958,0.09100478883240716,0.2935482427523485
-0.4535531369200274,26.444328576001293,0.1862642393157115,0.08791293451860226,0.2928480858963149
-0.4535531369200274,26.79492761081212,0.18681088642298724,0.08831536251021394,0.29461964610825087
-0.4535531369200274,27.145526645622947,0.18735934551309955,0.087538351032032,0.2961270537873809
-0.4535531369200274,27.496125680433778,0.18790953520838768,0.08178375857650089,0.2912408927660963
-0.4535531369200274,27.846724715244605,0.18846138526388515,0.08127822278970452,0.291892572820319
-0.4535531369200274,28.197323750055432,0.18901483827858426,0.08175253114158819,0.2930087296835955
-0.4535531369200274,28.54792278486626,0.18956985000535287,0.08173804365295367,0.2944108995753969
-0.4535531369200274,28.89852181967709,0.19012638831897144,0.08955480653467297,0.3035843819312159
-0.4535531369200274,29.249120854487916,0.19068443101857435,0.09097450444890856,0.3054004500485232
-0.4535531369200274,29.599719889298743,0.19124396273392433,0.09149112192451324,0.306510230181756
-0.4535531369200274,29.950318924109574,0.19180497126159632,0.09268835792128544,0.3079616917156775
-0.4535531369200274,30.3009179589204,0.19236744367199893,0.09291944263153344,0.3094094742936685
-0.4535531369200274,30.651516993731228,0.19293136250547493,0.09313317676660558,0.31084948291938197
-0.4535531369200274,31.002116028542055,0.1934967023255621,0.08968960139155197,0.30837800029677986
-0.4535531369200274,31.352715063352885,0.19406342683057226,0.09313976697231868,0.3137097444899141
-0.4535531369200274,31.703314098163716,0.19463148664994753,0.09188266707820127,0.31513172143169527
-0.4535531369200274,32.05391313297454,0.19520081787765306,0.09234423769437405,0.3170846744799981
-0.4535531369200274,32.40451216778537,0.19577134133032545,0.0931685435814738,0.31796348214773734
-0.4535531369200274,32.7551112025962,0.1963429624729428,0.09318337380332782,0.31937482775162934
-0.4535531369200274,33.105710237407024,0.19691557193718745,0.09320095486997917,0.3208277734223934
-0.4535531369200274,33.45630927221785,0.1974890465685149,0.09322138987287151,0.3230887850105664
-0.4535531369200274,33.806908307028685,0.19806325096828553,0.08046071710143286,0.31187221950389155
-0.4535531369200274,34.15750734183951,0.19863803952925715,0.08158359939652776,0.3122073535482822
-0.4535531369200274,34.50810637665034,0.19921325897538303,0.08157905523591971,0.31261257516643126
-0.4535531369200274,34.858705411461166,0.19978875139421795,0.0878305634303618,0.3200443897156602
-0.4535531369200274,35.20930444627199,0.20036435768682,0.08950237113465924,0.3202466494540923
-0.3952167668205556,0.5,0.15499672149329222,0.058475669700506515,0.25611062562303166
-0.3952167668205556,0.8505990348108282,0.15519014514222518,0.060846784574355835,0.25693011280529576
-0.3952167668205556,1.2011980696216566,0.15539442052322774,0.06089231205494572,0.2566431198994015
-0.3952167668205556,1.5517971044324848,0.15560949455051803,0.06090258013083273,0.25663489705608805
-0.3952167668205556,1.9023961392433129,0.15583532006015083,0.06168958207784502,0.2567865248179984
-0.3952167668205556,2.2529951740541407,0.15607185675178253,0.06810951185096507,0.2623909161952604
-0.3952167668205556,2.6035942088649695,0.15631906728762862,0.06860881638265609,0.2619380493062637
-0.3952167668205556,2.954193243675798,0.1565769090294095,0.06881512775975741,0.2615650858246683
-0.3952167668205556,3.3047922784866257,0.1568453233040529,0.0689267562487432,0.2611898796069553
-0.3952167668205556,3.655391313297454,0.15712422495376524,0.06930889680897769,0.2608122873172169
-0.3952167668205556,4.005990348108282,0.15741349487398995,0.06934647331870766,0.26051497300873494
-0.3952167668205556,4.35658938291911,0.15771297723217048,0.06867535471408596,0.2602469208841765
-0.3952167668205556,4.707188417729939,0.1580224814977703,0.05895812575836233,0.24921308014044358
-0.3952167668205556,5.057787452540768,0.15834178798144863,0.059651888852149566,0.24839127495001498
-0.3952167668205556,5.408386487351596,0.15867065486861232,0.06007290818599804,0.2477065987034473
-0.3952167668205556,5.758985522162424,0.1590088249276182,0.06050805522182039,0.24736209744609655
-0.3952167668205556,6.109584556973252,0.15935603089321057,0.06095624880078467,0.24713373843127834
-0.3952167668205556,6.46018359178408,0.1597119994172705,0.06141480668611148,0.2468999254882456
-0.3952167668205556,6.810782626594908,0.1600764539551456,0.06188163087598388,0.24666101860032769
-0.3952167668205556,7.161381661405737,0.16044911687337401,0.061347075628707504,0.24445336748498417
-0.3952167668205556,7.511980696216565,0.16082971067355042,0.06259674827009187,0.2447921468155637
-0.3952167668205556,7.8625797310273935,0.1612179579693284,0.06268034047800365,0.2451231068756396
-0.3952167668205556,8.213178765838222,0.16161358003759768,0.06325764795655547,0.2456617537613285
-0.3952167668205556,8.56377780064905,0.16201629433702047,0.06287118436095705,0.24576033497623095
-0.3952167668205556,8.914376835459878,0.16242581197313644,0.06298166459581635,0.24606657178107372
-0.3952167668205556,9.264975870270705,0.16284183628297727,0.0631046375653693,0.2469126902275278
-0.3952167668205556,9.615574905081534,0.16326406337669142,0.06819328414186387,0.25149813513143665
-0.3952167668205556,9.96617393989236,0.16369218481057715,0.06833620569802101,0.2512182338569553
-0.3952167668205556,10.316772974703191,0.1641258919321717,0.06444699037444813,0.2472162114461654
-0.3952167668205556,10.667372009514018,0.16456488110914846,0.0736861938959279,0.25571125302746195
-0.3952167668205556,11.017971044324847,0.16500885910301263,0.06688481191268675,0.2487651251488683
-0.3952167668205556,11.368570079135674,0.16545754814265984,0.0683689185296936,0.2500349797188039
-0.3952167668205556,11.719169113946503,0.16591069051593033,0.07201792406014544,0.253038879849716
-0.3952167668205556,12.069768148757332,0.16636805246474595,0.07603353090746824,0.2566305590793213
-0.3952167668205556,12.420367183568159,0.16682942681575916,0.07666862301569449,0.25674959768041355
-0.3952167668205556,12.77096621837899,0.16729463343952028,0.07383836012150338,0.25479916192561103
-0.3952167668205556,13.121565253189816,0.16776351680517343,0.08064485295652862,0.2608053519265529
-0.3952167668205556,13.472164288000645,0.16823594077398524,0.07861908605175888,0.25711901308200846
-0.3952167668205556,13.822763322811472,0.16871178191296368,0.07926497720026462,0.2576247527016926
-0.3952167668205556,14.1733623576223,0.16919092319823878,0.07206114818616231,0.2506545098741859
-0.3952167668205556,14.523961392433128,0.16967324953253018,0.07118379379869273,0.25019569840634376
-0.3952167668205556,14.874560427243956,0.17015864529365676,0.0739596371573075,0.2526647063320984
-0.3952167668205556,15.225159462054787,0.17064699293020666,0.07466638242243073,0.2529011094848665
-0.3952167668205556,15.575758496865614,0.17113817113288535,0.07529120896601273,0.2553446745465763
-0.3952167668205556,15.926357531676443,0.17163205164003215,0.07202254678280562,0.2527815567326348
-0.3952167668205556,16.276956566487268,0.1721284950518732,0.07316603662448762,0.2534879920891209
-0.3952167668205556,16.6275556012981,0.17262734736230242,0.07210614172988278,0.25358871224909674
-0.3952167668205556,16.978154636108926,0.17312843934891373,0.07330062145590056,0.2554421481998742
-0.3952167668205556,17.328753670919756,0.1736315901263905,0.07681496845675409,0.25854175705824634
-0.3952167668205556,17.679352705730587,0.17413661459824714,0.07671896296489461,0.25764678027807003
-0.3952167668205556,18.029951740541414,0.17464333321579553,0.07851926898458353,0.2591886797701525
-0.3952167668205556,18.38055077535224,0.1751515820175995,0.077751048603561,0.2601876648511975
-0.3952167668205556,18.73114981016307,0.17566122133408885,0.0769920464013555,0.26140529502497545
-0.3952167668205556,19.081748844973898,0.17617214230143213,0.07836800761530976,0.2635532476891273
-0.3952167668205556,19.432347879784725,0.17668427093876177,0.07861240306873468,0.2637284042111393
-0.3952167668205556,19.782946914595552,0.17719756980124757,0.07897158916759343,0.2648315703156234
-0.3952167668205556,20.133545949406383,0.17771203723321538,0.07926659158659989,0.2659660522589573
-0.3952167668205556,20.48414498421721,0.1782277042448043,0.07889504707713793,0.2672269708956079
-0.3952167668205556,20.834744019028037,0.1787446291815675,0.07984001765241625,0.2700073602214999
-0.3952167668205556,21.185343053838867,0.1792628906338311,0.08011742954758715,0.2702223723967188
-0.3952167668205556,21.535942088649698,0.17978257930076552,0.08634940024857186,0.2772602715956068
-0.3952167668205556,21.886541123460525,0.18030378964760127,0.08760147719955898,0.2783460774512175
-0.3952167668205556,22.23714015827135,0.18082661214118415,0.08742957448694803,0.2778694178816708
-0.3952167668205556,22.587739193082182,0.18135112668427128,0.08795025348667877,0.2793908478900566
-0.3952167668205556,22.93833822789301,0.18187739767491493,0.08776358177927075,0.27896415979552264
-0.3952167668205556,23.288937262703836,0.18240547092973838,0.08876850600359518,0.2796960385926869
-0.3952167668205556,23.639536297514667,0.1829353725235478,0.08924677954098638,0.2806233138986067
-0.3952167668205556,23.990135332325494,0.18346710940896319,0.08884979511958067,0.2828687631875733
-0.3952167668205556,24.34073436713632,0.18400067151023275,0.08824510486066185,0.28312704206013145
-0.3952167668205556,24.691333401947148,0.18453603487234166,0.08764554887559894,0.2847569711909903
-0.3952167668205556,25.04193243675798,0.1850731654182516,0.08705218545750644,0.2875727982514435
-0.3952167668205556,25.392531471568805,0.1856120229201294,0.09105632348788197,0.29272771179472473
-0.3952167668205556,25.743130506379632,0.18615256488556076,0.08659193279297686,0.28965853608373515
-0.3952167668205556,26.093729541190463,0.1866947501471434,0.08531923877475077,0.2904889238204796
-0.3952167668205556,26.444328576001293,0.18723854199581902,0.08469339290548608,0.29084215471929126
-0.3952167668205556,26.79492761081212,0.187783910719293,0.08351814975857798,0.29027108330148044
-0.3952167668205556,27.145526645622947,0.18833083541938395,0.08366478355247957,0.2904956909245229
-0.3952167668205556,27.496125680433778,0.18887930500720412,0.08735513419405823,0.2970708225061667
-0.3952167668205556,27.846724715244605,0.1894293183201515,0.08925404812868898,0.2992021323524425
-0.3952167668205556,28.197323750055432,0.1899808833623456,0.09023903002673694,0.29985526959257
-0.3952167668205556,28.54792278486626,0.19053401572681108,0.09042249681361883,0.3022239234652002
-0.3952167668205556,28.89852181967709,0.19108873630504492,0.09218641691058713,0.3067145388922193
-0.3952167668205556,29.249120854487916,0.19164506842769408,0.08776083703503124,0.30449930972132583
-0.3952167668205556,29.599719889298743,0.19220303461175275,0.08886443027642268,0.3060741031918847
-0.3952167668205556,29.950318924109574,0.19276265311430096,0.09014312167507646,0.30764136663116515
-0.3952167668205556,30.3009179589204,0.1933239345058649,0.0921191757327993,0.3111307720464524
-0.3952167668205556,30.651516993731228,0.1938868784726353,0.09322290720827725,0.3144767726921456
-0.3952167668205556,31.002116028542055,0.19445147103229138,0.09447654006584658,0.31741553217101387
-0.3952167668205556,31.352715063352885,0.19501768230259425,0.09210273470112079,0.3157788865410719
-0.3952167668205556,31.703314098163716,0.19558546490064926,0.09210396125517675,0.3163518442226551
-0.3952167668205556,32.05391313297454,0.19615475298683646,0.09210868817109219,0.3169303970678051
-0.3952167668205556,32.40451216778537,0.19672546191913534,0.09211703171927878,0.3184663854134365
-0.3952167668205556,32.7551112025962,0.1972974884666951,0.09212912553964557,0.32000074467925493
-0.3952167668205556,33.105710237407024,0.1978707115500676,0.07888547860547533,0.3080219818258923
-0.3952167668205556,33.45630927221785,0.19844499351712974,0.08211509662722162,0.310353502462295
-0.3952167668205556,33.806908307028685,0.1990201820030754,0.0850575179049573,0.3147675577989237
-0.3952167668205556,34.15750734183951,0.1995961124317921,0.0872710059110472,0.3162080357736059
-0.3952167668205556,34.50810637665034,0.20017261117452775,0.09194393234821413,0.31933406567818
-0.3952167668205556,34.858705411461166,0.20074949928523472,0.09186027331124762,0.31953645127922836
-0.3952167668205556,35.20930444627199,0.20132659659167704,0.09181046158595543,0.32177146197789924
-0.3368803967210843,0.5,0.15560540325355865,0.05953756991368154,0.25634432961910947
-0.3368803967210843,0.8505990348108282,0.15580547913211523,0.05996172422372105,0.25563001359088255
-0.3368803967210843,1.2011980696216566,0.15601661991478682,0.05975193814822521,0.25519957214141403
-0.3368803967210843,1.5517971044324848,0.1562387526518759,0.059379739291077795,0.25466890678920084
-0.3368803967210843,1.9023961392433129,0.15647180836365857,0.06014517916969157,0.2547960255598892
-0.3368803967210843,2.2529951740541407,0.1567157217745538,0.06092431662065049,0.25487686260053666
-0.3368803967210843,2.6035942088649695,0.15697042673689832,0.058819270986126604,0.2520211102449666
-0.3368803967210843,2.954193243675798,0.15723584794156314,0.05948407510863506,0.2512969253829282
-0.3368803967210843,3.3047922784866257,0.15751189104868196,0.06016485494867681,0.2508946174046307
-0.3368803967210843,3.655391313297454,0.15779843411318964,0.06072020330577168,0.2504926623510241
-0.3368803967210843,4.005990348108282,0.1580953228036591,0.060187401072204466,0.24913763972350522
-0.3368803967210843,4.35658938291911,0.15840237058115472,0.060520931070152294,0.2484264334690043
-0.3368803967210843,4.707188417729939,0.1587193633032872,0.06132581249844441,0.24895216853425076
-0.3368803967210843,5.057787452540768,0.15904606637942986,0.06128879062856108,0.24824637858011714
-0.3368803967210843,5.408386487351596,0.15938223214248418,0.06151861813634804,0.24820614099187124
-0.3368803967210843,5.758985522162424,0.1597276055804998,0.06075619927022435,0.24734125563679424
-0.3368803967210843,6.109584556973252,0.16008192760452214,0.06136472831168436,0.24772574162325023
-0.3368803967210843,6.46018359178408,0.16044493604409138,0.06116549286134933,0.24650008953115346
-0.3368803967210843,6.810782626594908,0.1608163651284545,0.06090469943232096,0.24584156265762347
-0.3368803967210843,7.161381661405737,0.16119594424187694,0.06188466735095781,0.24631283505965967
-0.3368803967210843,7.511980696216565,0.16158339646011477,0.061028138768687706,0.24515732413851785
-0.3368803967210843,7.8625797310273935,0.1619784371230753,0.06112749041844206,0.24488212692851155
-0.3368803967210843,8.213178765838222,0.1623807726934168,0.06129550920076722,0.24465453532113246
-0.3368803967210843,8.56377780064905,0.16279010033721947,0.06152989056295502,0.24516802034997584
-0.3368803967210843,8.914376835459878,0.16320610878182537,0.06913247816226294,0.2516432314551132
-0.3368803967210843,9.264975870270705,0.16362848085442852,0.07040277034672165,0.2511337285892933
-0.3368803967210843,9.615574905081534,0.16405689773269,0.0688561996121824,0.25059535228960034
-0.3368803967210843,9.96617393989236,0.16449104456512245,0.06897744411517041,0.25006590507240345
-0.3368803967210843,10.316772974703191,0.16493061689461633,0.06909904486555946,0.24957876454010458
-0.3368803967210843,10.667372009514018,0.16537532722703388,0.07639686167562385,0.25565089380830075
-0.3368803967210843,11.017971044324847,0.1658249110485775,0.07747641557855531,0.2567300915689415
-0.3368803967210843,11.368570079135674,0.16627913157116575,0.08019992943679038,0.25844346979825844
-0.3368803967210843,11.719169113946503,0.16673778246778534,0.08055553110499043,0.25757185363164614
-0.3368803967210843,12.069768148757332,0.1672006878619782,0.08091388904100424,0.25670515367848984
-0.3368803967210843,12.420367183568159,0.1676676989487453,0.08127468513515956,0.2575669402610655
-0.3368803967210843,12.77096621837899,0.16813868703756374,0.08314060932639383,0.259777985307987
-0.3368803967210843,13.121565253189816,0.16861353364122453,0.07998613933456407,0.2565388546787979
-0.3368803967210843,13.472164288000645,0.16909211929400045,0.08059164200695197,0.25753652070283245
-0.3368803967210843,13.822763322811472,0.16957431357218247,0.08119407679462931,0.2595219490273811
-0.3368803967210843,14.1733623576223,0.17005996885282143,0.08179399554556781,0.259359976406954
-0.3368803967210843,14.523961392433128,0.1705489195706828,0.0727596776338961,0.25213743301567065
-0.3368803967210843,14.874560427243956,0.1710409872815209,0.07539843165031433,0.2551390471066619
-0.3368803967210843,15.225159462054787,0.17153598997126104,0.07552979032228549,0.2553764948658985
-0.3368803967210843,15.575758496865614,0.17203375226663994,0.07565167645656903,0.2564375211267396
-0.3368803967210843,15.926357531676443,0.17253411244044584,0.07657496052838729,0.25770427301969046
-0.3368803967210843,16.276956566487268,0.17303692326690792,0.07694614400882721,0.25889538945551177
-0.3368803967210843,16.6275556012981,0.17354204671036313,0.0772659752651125,0.2600175423384054
-0.3368803967210843,16.978154636108926,0.17404934552590684,0.06946598749647472,0.2537198790978346
-0.3368803967210843,17.328753670919756,0.17455867617130405,0.07412718807645663,0.25827744514250583
-0.3368803967210843,17.679352705730587,0.17506988631051032,0.07541980680292089,0.2596866531422253
-0.3368803967210843,18.029951740541414,0.17558281768863215,0.07856936241149338,0.2639934541815773
-0.3368803967210843,18.38055077535224,0.17609731296188322,0.07889607471968403,0.2649118826175204
-0.3368803967210843,18.73114981016307,0.17661322415041186,0.07922121125817727,0.2658231453198504
-0.3368803967210843,19.081748844973898,0.17713042063622617,0.07694114924497715,0.2640292522665213
-0.3368803967210843,19.432347879784725,0.17764879538001563,0.08391205486131927,0.2708427100292802
-0.3368803967210843,19.782946914595552,0.17816826870555313,0.08361006957489349,0.2711928632169567
-0.3368803967210843,20.133545949406383,0.17868878941182637,0.08314760313801292,0.2720074156628456
-0.3368803967210843,20.48414498421721,0.17921033323108843,0.08373302353899274,0.2731343720818706
-0.3368803967210843,20.834744019028037,0.17973289892322455,0.08774050619441492,0.27718508734519287
-0.3368803967210843,21.185343053838867,0.18025650263085946,0.08799298953877593,0.27752094603741206
-0.3368803967210843,21.535942088649698,0.18078117141843325,0.08801668473096465,0.27757702682634655
-0.3368803967210843,21.886541123460525,0.1813069370379063,0.08854871168823066,0.27914683935997514
-0.3368803967210843,22.23714015827135,0.18183383083165658,0.08885202047341713,0.28109951878721606
-0.3368803967210843,22.587739193082182,0.18236188034830456,0.08552275388794892,0.2786178997044719
-0.3368803967210843,22.93833822789301,0.1828911078373154,0.08950781615975312,0.28277869782518095
-0.3368803967210843,23.288937262703836,0.18342153042771955,0.0893430713346737,0.2826290846080326
-0.3368803967210843,23.639536297514667,0.18395316155295272,0.08844544272251385,0.28318990551940887
-0.3368803967210843,23.990135332325494,0.18448601306913665,0.08945861961858673,0.28623510859228485
-0.3368803967210843,24.34073436713632,0.18502009751241197,0.08993783876020639,0.2885232260294624
-0.3368803967210843,24.691333401947148,0.18555543003269073,0.08786641940202884,0.2887112624936743
-0.3368803967210843,25.04193243675798,0.18609202970603725,0.08624083130459556,0.2889602443155358
-0.3368803967210843,25.392531471568805,0.1866299201320319,0.08429359754613952,0.2872871031722107
-0.3368803967210843,25.743130506379632,0.18716912941155128,0.08448241012611965,0.28875297549151446
-0.3368803967210843,26.093729541190463,0.18770968971760843,0.0835993936575439,0.288951948534929
-0.3368803967210843,26.444328576001293,0.18825163669076048,0.08415650821968522,0.2915260207799338
-0.3368803967210843,26.79492761081212,0.18879500882910824,0.09063618604038463,0.2977593116495253
-0.3368803967210843,27.145526645622947,0.18933984694619313,0.08971959044093622,0.29782633011102844
-0.3368803967210843,27.496125680433778,0.18988619368044304,0.08898315460887993,0.2980709203137446
-0.3368803967210843,27.846724715244605,0.19043409297806965,0.09117515561176724,0.30081964272203776
-0.3368803967210843,28.197323750055432,0.19098358943810104,0.09136990757979598,0.3012547204904891
-0.3368803967210843,28.54792278486626,0.19153472739819588,0.0914157243550644,0.30163010896378784
-0.3368803967210843,28.89852181967709,0.1920875496532052,0.09179675639927685,0.304109406911971
-0.3368803967210843,29.249120854487916,0.19264209573933572,0.0946892657632783,0.3113179144334521
-0.3368803967210843,29.599719889298743,0.19319839978323747,0.0948942273351728,0.31352906370845907
-0.3368803967210843,29.950318924109574,0.19375648799340456,0.09510054185813147,0.31669055469652196
-0.3368803967210843,30.3009179589204,0.19431637593977819,0.09126197063688092,0.3143405269521779
-0.3368803967210843,30.651516993731228,0.19487806580819733,0.09161054308232507,0.31479795786008213
-0.3368803967210843,31.002116028542055,0.19544154382175133,0.0912291367892007,0.3150608333691357
-0.3368803967210843,31.352715063352885,0.19600677799617278,0.09121919562291564,0.3156201632069971
-0.3368803967210843,31.703314098163716,0.19657371635620569,0.09121375214665257,0.3162603312525027
-0.3368803967210843,32.05391313297454,0.19714228570330014,0.09121296757866407,0.31792970869215936
-0.3368803967210843,32.40451216778537,0.19771239100668367,0.09121702155961331,0.31959797690116803
-0.3368803967210843,32.7551112025962,0.19828391549286167,0.08126599012120612,0.310190654819179
-0.3368803967210843,33.105710237407024,0.19885672152150607,0.0833063367052869,0.31306093747438624
-0.3368803967210843,33.45630927221785,0.1994306523364324,0.08671226521865445,0.3158257778765398
-0.3368803967210843,33.806908307028685,0.20000553474525426,0.09128572376514509,0.31907517293521653
-0.3368803967210843,34.15750734183951,0.20058118269510286,0.09131713177936986,0.31862647588567056
-0.3368803967210843,34.50810637665034,0.20115740157434261,0.09135469225626151,0.31882877466697546
-0.3368803967210843,34.858705411461166,0.2017339928978298,0.09139863177149882,0.3189987514331563
-0.3368803967210843,35.20930444627199,0.20231075885615415,0.09144916845257493,0.3219717292179444
-0.2785440266216125,0.5,0.1563108344415754,0.05639416900481481,0.25038447872649533
-0.2785440266216125,0.8505990348108282,0.15651579027762397,0.057029075574194586,0.25049013996081876
-0.2785440266216125,1.2011980696216566,0.15673202029051322,0.05767513227731544,0.2505697038098245
-0.2785440266216125,1.5517971044324848,0.15695944061847764,0.0583338486102394,0.25061819579889605
-0.2785440266216125,1.9023961392433129,0.15719795994380467,0.06055549256448626,0.2521423723251614
-0.2785440266216125,2.2529951740541407,0.15744747796899317,0.060566150605411546,0.2512750118825376
-0.2785440266216125,2.6035942088649695,0.15770788248828554,0.06058280425101772,0.2506027597753433
-0.2785440266216125,2.954193243675798,0.15797904532882998,0.06029999362283987,0.24980809472618054
-0.2785440266216125,3.3047922784866257,0.15826081844714754,0.06043505095233934,0.24940646872608135
-0.2785440266216125,3.655391313297454,0.1585530319032955,0.060667625731440515,0.24999041584057569
-0.2785440266216125,4.005990348108282,0.15885549496764845,0.060962921442667996,0.25038757826566166
-0.2785440266216125,4.35658938291911,0.15916800040186857,0.06489270797279624,0.25413616889582286
-0.2785440266216125,4.707188417729939,0.15949033057329298,0.06385169747176508,0.25196217256696385
-0.2785440266216125,5.057787452540768,0.15982226321527965,0.0630849424733363,0.25091846066852275
-0.2785440266216125,5.408386487351596,0.16016357478352208,0.0668947781276887,0.2538950514074449
-0.2785440266216125,5.758985522162424,0.16051404041755032,0.0678366166032935,0.25392749492895733
-0.2785440266216125,6.109584556973252,0.1608734309532756,0.06855933145049561,0.2539676769384903
-0.2785440266216125,6.46018359178408,0.16124150852667168,0.0635981423468237,0.24830138243678687
-0.2785440266216125,6.810782626594908,0.161618022577161,0.06369928978419635,0.2482095381169734
-0.2785440266216125,7.161381661405737,0.1620027075148521,0.063738991815528,0.24780301694049078
-0.2785440266216125,7.511980696216565,0.1623952824105321,0.06439365812320584,0.24743780034146784
-0.2785440266216125,7.8625797310273935,0.16279545237119122,0.06463430524684807,0.24711618463185334
-0.2785440266216125,8.213178765838222,0.16320291108998178,0.0649276888693504,0.24684051170917762
-0.2785440266216125,8.56377780064905,0.1636173442815005,0.07664214210247416,0.25709317345458194
-0.2785440266216125,8.914376835459878,0.16403843393123985,0.07750014485670619,0.25747765546281476
-0.2785440266216125,9.264975870270705,0.1644658632327313,0.07820215380727298,0.25796383323737493
-0.2785440266216125,9.615574905081534,0.16489932186454154,0.07844918136871992,0.2584765046648648
-0.2785440266216125,9.96617393989236,0.1653385111697362,0.07694409324758555,0.25603468557210707
-0.2785440266216125,10.316772974703191,0.1657831489528399,0.07840105587569018,0.2565271897479025
-0.2785440266216125,10.667372009514018,0.16623297381368615,0.0795522997955111,0.2563195522879953
-0.2785440266216125,11.017971044324847,0.16668774893374108,0.08089752697506211,0.25694628110144596
-0.2785440266216125,11.368570079135674,0.16714726494271695,0.08159324441557111,0.2572413444577125
-0.2785440266216125,11.719169113946503,0.16761134107684206,0.08194880779939237,0.25753245873981434
-0.2785440266216125,12.069768148757332,0.1680798235772397,0.08265072150995112,0.258005743972749
-0.2785440266216125,12.420367183568159,0.16855258044543095,0.08333733443792411,0.2581032729585644
-0.2785440266216125,12.77096621837899,0.1690294924038251,0.08303014719445609,0.25838298379957625
-0.2785440266216125,13.121565253189816,0.1695104410445717,0.0831939016078198,0.25865879807509473
-0.2785440266216125,13.472164288000645,0.1699952962501812,0.08296644345453673,0.2593764514173007
-0.2785440266216125,13.822763322811472,0.1704839055797085,0.08618719045454967,0.2640143560551415
-0.2785440266216125,14.1733623576223,0.1709760882773336,0.08449388130773677,0.2636275776724322
-0.2785440266216125,14.523961392433128,0.1714716359671842,0.07315812353809355,0.2535253284346684
-0.2785440266216125,14.874560427243956,0.17197032093538936,0.07274450031902444,0.2527930447763176
-0.2785440266216125,15.225159462054787,0.17247191097868989,0.07663860766580086,0.2572408111346778
-0.2785440266216125,15.575758496865614,0.17297618726637207,0.07049735041930597,0.25129767483529425
-0.2785440266216125,15.926357531676443,0.17348295954176338,0.07534400119147586,0.2573764663939436
-0.2785440266216125,16.276956566487268,0.17399207289594604,0.07126148777847063,0.2540925686770643
-0.2785440266216125,16.6275556012981,0.17450340322460345,0.07825415477699357,0.2612912742502149
-0.2785440266216125,16.978154636108926,0.17501684333144346,0.07859373041266936,0.2622685235998867
-0.2785440266216125,17.328753670919756,0.17553228572641746,0.07014111104660431,0.2552462954590117
-0.2785440266216125,17.679352705730587,0.17604960900458555,0.07205380830052821,0.25809484274904615
-0.2785440266216125,18.029951740541414,0.1765686721032505,0.07923411574466892,0.2659341994309274
-0.2785440266216125,18.38055077535224,0.17708931679023912,0.0799674104752041,0.2660628141672383
-0.2785440266216125,18.73114981016307,0.17761137581061567,0.07870681557181525,0.26698854557504337
-0.2785440266216125,19.081748844973898,0.17813468321026033,0.08437144938015016,0.2727600585192121
-0.2785440266216125,19.432347879784725,0.17865908399170038,0.08503867186843397,0.2733991802469348
-0.2785440266216125,19.782946914595552,0.1791844414421181,0.07601871591698925,0.2653280232593952
-0.2785440266216125,20.133545949406383,0.17971064150089505,0.08822751447105631,0.27843628471915394
-0.2785440266216125,20.48414498421721,0.1802375942069104,0.0819661487708494,0.2721792904734828
-0.2785440266216125,20.834744019028037,0.18076523268728506,0.0834204494287609,0.2741060294630813
-0.2785440266216125,21.185343053838867,0.18129351044645767,0.0825900328042547,0.2734651496446914
-0.2785440266216125,21.535942088649698,0.18182239790006083,0.08222834584249444,0.27439897614801245
-0.2785440266216125,21.886541123460525,0.18235187909828213,0.08308896185433531,0.275686677212728
-0.2785440266216125,22.23714015827135,0.1828819493483586,0.08347049057555035,0.2773570235432842
-0.2785440266216125,22.587739193082182,0.183412614032487,0.08842392450476974,0.2829932268846065
-0.2785440266216125,22.93833822789301,0.18394388847923013,0.08011747428909409,0.2751536853852098
-0.2785440266216125,23.288937262703836,0.1844757984436773,0.08671596556341968,0.28292760266613814
-0.2785440266216125,23.639536297514667,0.18500838065859918,0.08767125085947236,0.28535406944575187
-0.2785440266216125,23.990135332325494,0.18554168300252666,0.08859024263594494,0.288409568925774
-0.2785440266216125,24.34073436713632,0.18607576400322115,0.08172674715489384,0.2825224381065242
-0.2785440266216125,24.691333401947148,0.18661069158221433,0.0806469996032903,0.2831924345587967
-0.2785440266216125,25.04193243675798,0.18714654111604057,0.08329138761893291,0.2871376654157935
-0.2785440266216125,25.392531471568805,0.18768339303413403,0.0830727682415265,0.28772872181400727
-0.2785440266216125,25.743130506379632,0.18822133027543547,0.0837287286959444,0.2893907532903863
-0.2785440266216125,26.093729541190463,0.1887604359544438,0.08406648382377613,0.2898938308017788
-0.2785440266216125,26.444328576001293,0.18930079152300391,0.08353349613613986,0.29027402000952185
-0.2785440266216125,26.79492761081212,0.18984247557314707,0.08083467170579237,0.2893162592575067
-0.2785440266216125,27.145526645622947,0.19038556325702644,0.09104991742708146,0.3010305785876801
-0.2785440266216125,27.496125680433778,0.19093012615377344,0.09097595583437201,0.302034172583788
-0.2785440266216125,27.846724715244605,0.19147623232026842,0.08980240224852402,0.30181025485652596
-0.2785440266216125,28.197323750055432,0.19202394622972604,0.08971089636367224,0.30421470078473956
-0.2785440266216125,28.54792278486626,0.19257332832371188,0.08895893390747346,0.3052713384116519
-0.2785440266216125,28.89852181967709,0.1931244339738969,0.08727566559085345,0.3046875102724111
-0.2785440266216125,29.249120854487916,0.19367731176083103,0.08739528602376456,0.3062396386929227
-0.2785440266216125,29.599719889298743,0.1942320011090388,0.08576780943171586,0.3059189939547285
-0.2785440266216125,29.950318924109574,0.1947885294410955,0.08608822306486065,0.3068644777081582
-0.2785440266216125,30.3009179589204,0.19534690909946165,0.08540069311672263,0.30777100707973754
-0.2785440266216125,30.651516993731228,0.1959071343197873,0.09053363644272956,0.3142735784865353
-0.2785440266216125,31.002116028542055,0.19646917852809034,0.09051000521126767,0.3148597236159223
-0.2785440266216125,31.352715063352885,0.19703299219424678,0.09266567671531871,0.3177050274377461
-0.2785440266216125,31.703314098163716,0.19759850142541488,0.09298702762012966,0.31794685104659864
-0.2785440266216125,32.05391313297454,0.19816560743888412,0.09331991230419236,0.3196063485049674
-0.2785440266216125,32.40451216778537,0.19873418701729528,0.09366431771819765,0.32141826297723936
-0.2785440266216125,32.7551112025962,0.19930409401251786,0.08615087117272784,0.3150494843931928
-0.2785440266216125,33.105710237407024,0.19987516191353416,0.09036102305234875,0.31881799918253695
-0.2785440266216125,33.45630927221785,0.2004472074148573,0.09051301406489298,0.31950636880379374
-0.2785440266216125,33.806908307028685,0.20102003480924324,0.08826117657204002,0.3178878107392385
-0.2785440266216125,34.15750734183951,0.2015934408873992,0.0882738417666533,0.3180893042968849
-0.2785440266216125,34.50810637665034,0.20216721987594247,0.08844359611365804,0.3182577651908487
-0.2785440266216125,34.858705411461166,0.2027411678114485,0.08990149696439494,0.31946774731985733
-0.2785440266216125,35.20930444627199,0.203315085669795,0.08826478207507989,0.32022858258525533
-0.22020765652214075,0.5,0.15711977849847936,0.06137353490460391,0.2538348770038327
-0.22020765652214075,0.8505990348108282,0.15732753653594742,0.06261548186310537,0.254867646447085
-0.22020765652214075,1.2011980696216566,0.15754666190856814,0.06344265160135498,0.254548304373119
-0.22020765652214075,1.5517971044324848,0.15777706701995542,0.06327143527576173,0.25373161725637566
-0.22020765652214075,1.9023961392433129,0.15801864496352705,0.06310120372690314,0.2534842614174118
-0.22020765652214075,2.2529951740541407,0.15827126692059476,0.06293194253890555,0.25235386663078596
-0.22020765652214075,2.6035942088649695,0.15853478209430072,0.0600507379297816,0.24895272951962627
-0.22020765652214075,2.954193243675798,0.15880902015177825,0.060076516845165816,0.24864540796224435
-0.22020765652214075,3.3047922784866257,0.15909379593009418,0.060109951813057706,0.24907491832226591
-0.22020765652214075,3.655391313297454,0.15938891579905298,0.06035146627151441,0.24950624757846623
-0.22020765652214075,4.005990348108282,0.15969418451992787,0.05847124792834357,0.24604892218094798
-0.22020765652214075,4.35658938291911,0.1600094109664242,0.05829649155025619,0.2460142708399326
-0.22020765652214075,4.707188417729939,0.16033441105350307,0.0603259165985014,0.24748642901148205
-0.22020765652214075,5.057787452540768,0.16066900685077082,0.06040298214333249,0.24690673412933659
-0.22020765652214075,5.408386487351596,0.16101302200357087,0.06049079154767666,0.24634776714534304
-0.22020765652214075,5.758985522162424,0.1613662747922857,0.0605903762199081,0.24708529328271878
-0.22020765652214075,6.109584556973252,0.1617285708750661,0.05947286985426457,0.24641298729178912
-0.22020765652214075,6.46018359178408,0.1620996976497163,0.0681576890070467,0.25340613260045725
-0.22020765652214075,6.810782626594908,0.1624794213375178,0.06961121648319023,0.2534943644004234
-0.22020765652214075,7.161381661405737,0.1628674868049718,0.06967879235794805,0.2539475124978904
-0.22020765652214075,7.511980696216565,0.16326361935097866,0.06809594568895974,0.25137634173984413
-0.22020765652214075,7.8625797310273935,0.163667527523608,0.0768995813201783,0.2587148570440247
-0.22020765652214075,8.213178765838222,0.1640789064242228,0.07789075613439247,0.2583451216414782
-0.22020765652214075,8.56377780064905,0.16449744149024373,0.07844255795216926,0.2579902330408886
-0.22020765652214075,8.914376835459878,0.16492281295186767,0.07981688261160326,0.25911667719689524
-0.22020765652214075,9.264975870270705,0.16535470091060767,0.07962394219818461,0.258695635768329
-0.22020765652214075,9.615574905081534,0.16579279062710536,0.08025546148090013,0.25845941979053827
-0.22020765652214075,9.96617393989236,0.16623677756250893,0.08091386135567885,0.2582261981497936
-0.22020765652214075,10.316772974703191,0.16668637204484257,0.080863232534948,0.2562748454039777
-0.22020765652214075,10.667372009514018,0.16714130376355718,0.08138613875293721,0.2568311848700391
-0.22020765652214075,11.017971044324847,0.1676013262284965,0.08089383233320417,0.2555502904751979
-0.22020765652214075,11.368570079135674,0.16806622078053288,0.080393470356705,0.2554461836582863
-0.22020765652214075,11.719169113946503,0.16853579899885446,0.08337418497338148,0.25783636549414823
-0.22020765652214075,12.069768148757332,0.1690099018955548,0.08343196764656699,0.2583314255279339
-0.22020765652214075,12.420367183568159,0.16948839453937015,0.08574690360960835,0.2602327544349622
-0.22020765652214075,12.77096621837899,0.16997115580634015,0.08679452377804361,0.2613985432334813
-0.22020765652214075,13.121565253189816,0.1704580644612639,0.0875937316757488,0.2628653006738477
-0.22020765652214075,13.472164288000645,0.1709489840865597,0.08880605204440296,0.2650214473390094
-0.22020765652214075,13.822763322811472,0.17144375000072729,0.08812741604869445,0.2657689676249621
-0.22020765652214075,14.1733623576223,0.17194216121058736,0.08538572717590863,0.26426131168125544
-0.22020765652214075,14.523961392433128,0.17244397984903834,0.08521085571062635,0.2645337950438565
-0.22020765652214075,14.874560427243956,0.17294893950587903,0.07511020145095387,0.25563128722368106
-0.22020765652214075,15.225159462054787,0.17345676211597008,0.0777723902333471,0.25852396571721237
-0.22020765652214075,15.575758496865614,0.17396718051562568,0.07127254129243987,0.2522850656819414
-0.22020765652214075,15.926357531676443,0.17447996098659396,0.0717661884232146,0.2528013915952439
-0.22020765652214075,16.276956566487268,0.17499491849517404,0.071749195393369,0.25460465781643293
-0.22020765652214075,16.6275556012981,0.17551191857724666,0.07185731203574061,0.25553901257165623
-0.22020765652214075,16.978154636108926,0.1760308644565751,0.07112641827730672,0.2553904082451858
-0.22020765652214075,17.328753670919756,0.1765516741633193,0.07111241309609802,0.2569565986618453
-0.22020765652214075,17.679352705730587,0.17707425654855274,0.06925796544229584,0.25547113372361324
-0.22020765652214075,18.029951740541414,0.17759849460822277,0.07738284600001832,0.26343662775220605
-0.22020765652214075,18.38055077535224,0.17812424015952172,0.07803866684049689,0.2640811379836457
-0.22020765652214075,18.73114981016307,0.17865131882701152,0.07778432275640312,0.2650889935433372
-0.22020765652214075,19.081748844973898,0.17917954127069546,0.07711909667633904,0.2655317713930314
-0.22020765652214075,19.432347879784725,0.17970871624344148,0.08599896849945195,0.27386992247042846
-0.22020765652214075,19.782946914595552,0.180238662346892,0.08690509761717857,0.27390343325315053
-0.22020765652214075,20.133545949406383,0.18076921694012105,0.08637018396093406,0.2740986107395545
-0.22020765652214075,20.48414498421721,0.18130024181777363,0.08566479355832651,0.27429773966458726
-0.22020765652214075,20.834744019028037,0.18183162592418065,0.08497652174905256,0.27489069649168574
-0.22020765652214075,21.185343053838867,0.18236328570108207,0.08677685650704871,0.27755496512292893
-0.22020765652214075,21.535942088649698,0.18289516384358043,0.08155650338121435,0.2731728919393401
-0.22020765652214075,21.886541123460525,0.18342722728863653,0.08226093610005042,0.27420541295489337
-0.22020765652214075,22.23714015827135,0.1839594651377656,0.08263930717215583,0.275353101770451
-0.22020765652214075,22.587739193082182,0.18449188692290758,0.08221392781061267,0.27629867998140073
-0.22020765652214075,22.93833822789301,0.1850245212656382,0.08498016034444515,0.2808445467146832
-0.22020765652214075,23.288937262703836,0.18555741470597317,0.09193229226868785,0.2883565512473029
-0.22020765652214075,23.639536297514667,0.1860906303820307,0.09011377659180435,0.2901878201531993
-0.22020765652214075,23.990135332325494,0.18662424631118077,0.08244573994186746,0.2831832505349775
-0.22020765652214075,24.34073436713632,0.18715835317252094,0.08314428648591814,0.2836420240902157
-0.22020765652214075,24.691333401947148,0.18769305163938468,0.08157906379668088,0.2831776946296688
-0.22020765652214075,25.04193243675798,0.18822844942234968,0.08218101683282424,0.28532244797811085
-0.22020765652214075,25.392531471568805,0.18876465825269284,0.0816534717261572,0.28615124736628117
-0.22020765652214075,25.743130506379632,0.18930179105987532,0.08111158342187474,0.2869729289770711
-0.22020765652214075,26.093729541190463,0.18983995956204858,0.08319913163727496,0.29152452237776316
-0.22020765652214075,26.444328576001293,0.1903792723919798,0.0838617116438502,0.2949289924263796
-0.22020765652214075,26.79492761081212,0.1909198337464873,0.08765833625609573,0.3014324847299597
-0.22020765652214075,27.145526645622947,0.19146174242134711,0.09065722655079853,0.30551047651900964
-0.22020765652214075,27.496125680433778,0.19200509101542335,0.0777517208307986,0.29414041280858194
-0.22020765652214075,27.846724715244605,0.19254996507014407,0.07767305572479775,0.2947432573286901
-0.22020765652214075,28.197323750055432,0.1930964419417255,0.08830186146530784,0.30541039604989095
-0.22020765652214075,28.54792278486626,0.19364458926571648,0.08844331889743513,0.30646783042053183
-0.22020765652214075,28.89852181967709,0.19419446295592463,0.08828934607102988,0.30622007121112577
-0.22020765652214075,29.249120854487916,0.1947461047784684,0.08870363627222018,0.30659284038980883
-0.22020765652214075,29.599719889298743,0.19529953964783242,0.0888226257104019,0.30831244975160976
-0.22020765652214075,29.950318924109574,0.19585477288500625,0.08836886471960315,0.31026516487571315
-0.22020765652214075,30.3009179589204,0.19641178773219664,0.08899618206461296,0.3121746030831408
-0.22020765652214075,30.651516993731228,0.1969705434175556,0.08998433696546186,0.31413962802125284
-0.22020765652214075,31.002116028542055,0.19753097400965014,0.08922486859860958,0.3145771879306111
-0.22020765652214075,31.352715063352885,0.19809298821511384,0.08930702849506189,0.31506784624266565
-0.22020765652214075,31.703314098163716,0.1986564701800374,0.08938180561728948,0.31551067127435845
-0.22020765652214075,32.05391313297454,0.19922128127555525,0.08944917746943964,0.3159078341817313
-0.22020765652214075,32.40451216778537,0.19978726278668305,0.08950911791464242,0.3166022617903649
-0.22020765652214075,32.7551112025962,0.20035423937386765,0.08956159859451157,0.316078923564133
-0.22020765652214075,33.105710237407024,0.20092202312555127,0.08960659009476207,0.316846325304681
-0.22020765652214075,33.45630927221785,0.20149041795557404,0.09396598796246415,0.32047043660706614
-0.22020765652214075,33.806908307028685,0.20205922401782817,0.08967398785635297,0.3178121567295194
-0.22020765652214075,34.15750734183951,0.202628241720225,0.08969633705507356,0.31860510039958745
-0.22020765652214075,34.50810637665034,0.20319727484185507,0.08971108369049495,0.32004949598267296
-0.22020765652214075,34.858705411461166,0.2037661322254337,0.08971820240972021,0.32091581161715066
-0.22020765652214075,35.20930444627199,0.20433462757608564,0.08971766930603972,0.3229536532718314
-0.16187128642266896,0.5,0.1580361789836929,0.05855707544504537,0.24862675588988833
-0.16187128642266896,0.8505990348108282,0.1582447892458694,0.05941415140929257,0.24932662460932623
-0.16187128642266896,1.2011980696216566,0.1584646723334056,0.05956690090820243,0.24858276500502957
-0.16187128642266896,1.5517971044324848,0.15869573089480885,0.05956991080391146,0.24858575327533525
-0.16187128642266896,1.9023961392433129,0.15893784549063827,0.06207470287625768,0.25050692282923703
-0.16187128642266896,2.2529951740541407,0.15919087263593235,0.06299070546989183,0.25070199221428563
-0.16187128642266896,2.6035942088649695,0.1594546481445584,0.06063461271142053,0.2482923106526117
-0.16187128642266896,2.954193243675798,0.15972899539514468,0.061167017815557945,0.24872402297067273
-0.16187128642266896,3.3047922784866257,0.16001373652628195,0.05972079600927513,0.24669009364437822
-0.16187128642266896,3.655391313297454,0.16030870354590013,0.059758407959779714,0.24601476769321828
-0.16187128642266896,4.005990348108282,0.16061374620594682,0.05853045369753706,0.24674394562011676
-0.16187128642266896,4.35658938291911,0.16092873436388846,0.06300750264495643,0.2514201557772457
-0.16187128642266896,4.707188417729939,0.16125355419544984,0.06484758632540118,0.2526664482989751
-0.16187128642266896,5.057787452540768,0.16158809944886196,0.06601791775133636,0.25267511787938185
-0.16187128642266896,5.408386487351596,0.16193226023297716,0.06504319615395983,0.2513525995928407
-0.16187128642266896,5.758985522162424,0.16228591215160604,0.06587589923383197,0.2516701741543126
-0.16187128642266896,6.109584556973252,0.1626489079508423,0.06842295605636955,0.25357163182403497
-0.16187128642266896,6.46018359178408,0.16302107265416357,0.06888422427050107,0.25296562221487945
-0.16187128642266896,6.810782626594908,0.16340220196649427,0.06935345973061714,0.2529416061296886
-0.16187128642266896,7.161381661405737,0.16379206295059473,0.06982688746914678,0.25321104771613134
-0.16187128642266896,7.511980696216565,0.16419039580937195,0.07147141095377732,0.2545523493689538
-0.16187128642266896,7.8625797310273935,0.1645969160152943,0.07064367805827013,0.2530525170962067
-0.16187128642266896,8.213178765838222,0.1650113167512829,0.07036046347138145,0.25049732000406766
-0.16187128642266896,8.56377780064905,0.16543327220577217,0.07073762687257575,0.25013308286835223
-0.16187128642266896,8.914376835459878,0.16586244228363212,0.07716473718720702,0.25647649317366406
-0.16187128642266896,9.264975870270705,0.16629847875657008,0.0800631853443193,0.25784278985123144
-0.16187128642266896,9.615574905081534,0.16674103226334847,0.07993494835707707,0.2564093936329983
-0.16187128642266896,9.96617393989236,0.1671897594027494,0.08037408515834184,0.256098975195303
-0.16187128642266896,10.316772974703191,0.16764432950336922,0.07916718331301403,0.25388053249664805
-0.16187128642266896,10.667372009514018,0.1681044310951214,0.0821659617504316,0.2576920025435054
-0.16187128642266896,11.017971044324847,0.16856977817755134,0.08479457046533007,0.2596513246460031
-0.16187128642266896,11.368570079135674,0.16904011591129797,0.08448134276267784,0.2593412961841108
-0.16187128642266896,11.719169113946503,0.1695152245645134,0.08446688455385562,0.2591051364382641
-0.16187128642266896,12.069768148757332,0.1699949199134516,0.08381888510618897,0.258683529037541
-0.16187128642266896,12.420367183568159,0.17047904836986774,0.0838259048949431,0.25853417410048096
-0.16187128642266896,12.77096621837899,0.1709674761532073,0.08460311585932724,0.2596105076093619
-0.16187128642266896,13.121565253189816,0.17146007355321005,0.08498482533004965,0.2588032731575782
-0.16187128642266896,13.472164288000645,0.1719566969982717,0.0853557196469597,0.25869028596801363
-0.16187128642266896,13.822763322811472,0.17245717257345358,0.08571274317672402,0.25868747981595813
-0.16187128642266896,14.1733623576223,0.17296128462820407,0.08595305865097959,0.2603757707619725
-0.16187128642266896,14.523961392433128,0.17346877240746145,0.08198548441797926,0.25942224306395556
-0.16187128642266896,14.874560427243956,0.17397933647724992,0.08013661388305496,0.25852122082459966
-0.16187128642266896,15.225159462054787,0.17449265511607476,0.08065540357697523,0.2599665496607087
-0.16187128642266896,15.575758496865614,0.17500840869205472,0.07821374061068478,0.25828291774413287
-0.16187128642266896,15.926357531676443,0.1755263073954373,0.09115281775405376,0.27324656321431967
-0.16187128642266896,16.276956566487268,0.17604611518260457,0.07664757800031935,0.2579458508310235
-0.16187128642266896,16.6275556012981,0.1765676619120686,0.07703834384478495,0.2577409903586804
-0.16187128642266896,16.978154636108926,0.17709083819735505,0.07736126875527577,0.2583699627262241
-0.16187128642266896,17.328753670919756,0.17761557371756592,0.0797586124275303,0.26245943623034357
-0.16187128642266896,17.679352705730587,0.17814180683094094,0.07991744822094271,0.2637351078234665
-0.16187128642266896,18.029951740541414,0.17866945685376495,0.0792459003424021,0.26473530291505565
-0.16187128642266896,18.38055077535224,0.1791984079785791,0.07689550226596052,0.26263122779040343
-0.16187128642266896,18.73114981016307,0.17972850755223377,0.07764922328245331,0.26451284615173615
-0.16187128642266896,19.081748844973898,0.1802595756112315,0.08943153746835199,0.2765278203843816
-0.16187128642266896,19.432347879784725,0.1807914199822972,0.08625050053566069,0.272997676297494
-0.16187128642266896,19.782946914595552,0.18132385180316768,0.08819843483753255,0.2751557358069638
-0.16187128642266896,20.133545949406383,0.18185669831178047,0.08865974449273609,0.27664752848477603
-0.16187128642266896,20.48414498421721,0.1823898116777667,0.08782454991949697,0.27694531066914263
-0.16187128642266896,20.834744019028037,0.18292307389302645,0.08699407429423808,0.277243168731114
-0.16187128642266896,21.185343053838867,0.18345639836227742,0.08617897026571708,0.27754062014058095
-0.16187128642266896,21.535942088649698,0.18398972910372619,0.08844505908345222,0.280916043821154
-0.16187128642266896,21.886541123460525,0.18452303854516988,0.08385579914074194,0.27638864824073517
-0.16187128642266896,22.23714015827135,0.18505632480282233,0.08464991519167882,0.27736488186615277
-0.16187128642266896,22.587739193082182,0.1855896090582837,0.08590698934557302,0.28055584929987853
-0.16187128642266896,22.93833822789301,0.18612293328391524,0.09243567691249192,0.28847242343493523
-0.16187128642266896,23.288937262703836,0.18665635825391366,0.08587912144628242,0.28358101063933916
-0.16187128642266896,23.639536297514667,0.1871899616261493,0.08537166771102235,0.28583056496433457
-0.16187128642266896,23.990135332325494,0.18772383588974764,0.08176501516616203,0.28370487943275186
-0.16187128642266896,24.34073436713632,0.18825808606646718,0.08160401066003853,0.28447590769193615
-0.16187128642266896,24.691333401947148,0.18879282714894893,0.08154668691114776,0.2852416189987693
-0.16187128642266896,25.04193243675798,0.18932818132129087,0.08159452899158984,0.28627726511017737
-0.16187128642266896,25.392531471568805,0.18986427504193837,0.08139665273857115,0.2904932049923249
-0.16187128642266896,25.743130506379632,0.19040123608652884,0.0776714619408856,0.28751202267764336
-0.16187128642266896,26.093729541190463,0.19093919064700682,0.0939968178431009,0.30478201199664645
-0.16187128642266896,26.444328576001293,0.19147826055650888,0.07828218722092085,0.29112499734075487
-0.16187128642266896,26.79492761081212,0.19201856066400255,0.07860412105601941,0.293248619689255
-0.16187128642266896,27.145526645622947,0.19256019633990396,0.07893764973017563,0.2953709645726781
-0.16187128642266896,27.496125680433778,0.19310326107412873,0.07928319540603493,0.29688362193905726
-0.16187128642266896,27.846724715244605,0.1936478341370285,0.07971188372788249,0.2974214845476313
-0.16187128642266896,28.197323750055432,0.19419397830395857,0.07927029071854212,0.29791631234739235
-0.16187128642266896,28.54792278486626,0.19474173768442438,0.07868474461548558,0.29836543495190176
-0.16187128642266896,28.89852181967709,0.19529113573850032,0.07810428721873933,0.2988986946508609
-0.16187128642266896,29.249120854487916,0.1958421736011614,0.08945866527839672,0.3111427983714998
-0.16187128642266896,29.599719889298743,0.19639482886223436,0.0897216317076368,0.31192666147674514
-0.16187128642266896,29.950318924109574,0.19694905495390208,0.07391672732281108,0.2966326439452117
-0.16187128642266896,30.3009179589204,0.1975047812670773,0.0744628565869527,0.2976887584552632
-0.16187128642266896,30.651516993731228,0.1980619140513338,0.07501498480716698,0.29874049882602044
-0.16187128642266896,31.002116028542055,0.19862033806666668,0.08281922416912767,0.3077256991147124
-0.16187128642266896,31.352715063352885,0.19917991887691203,0.0840069645135259,0.30901660298603284
-0.16187128642266896,31.703314098163716,0.19974050562833584,0.08730171925985422,0.31245841108292277
-0.16187128642266896,32.05391313297454,0.2003019341495583,0.088890400022655,0.31607150022785097
-0.16187128642266896,32.40451216778537,0.2008640302266289,0.08564026696751466,0.31345764588406516
-0.16187128642266896,32.7551112025962,0.20142661292290473,0.09039134874346301,0.3188859633996329
-0.16187128642266896,33.105710237407024,0.20198949780193842,0.09088516131537897,0.3194290478721603
-0.16187128642266896,33.45630927221785,0.20255249986185792,0.09093800445770929,0.3199508636770134
-0.16187128642266896,33.806908307028685,0.20311543591236023,0.09185942338430136,0.32222899719668713
-0.16187128642266896,34.15750734183951,0.20367812605274688,0.09366281113714635,0.32507271562962614
-0.16187128642266896,34.50810637665034,0.2042403938893418,0.08944826301593119,0.3219712842622065
-0.16187128642266896,34.858705411461166,0.20480206521464742,0.08972592769130762,0.322060563459464
-0.16187128642266896,35.20930444627199,0.20536296509491903,0.0908960312605761,0.32523878580974164
-0.10353491632319722,0.5,0.15905843432140948,0.058937250218371956,0.2478646666865647
-0.10353491632319722,0.8505990348108282,0.15926616249115014,0.05920523924590221,0.24808843562045843
-0.10353491632319722,1.2011980696216566,0.15948492152632568,0.0603829580734493,0.24832168098894877
-0.10353491632319722,1.5517971044324848,0.15971459712055475,0.06136875994961898,0.24855843485799664
-0.10353491632319722,1.9023961392433129,0.15995506317447308,0.062271168413772914,0.24896120135762126
-0.10353491632319722,2.2529951740541407,0.16020618156892147,0.061125597477090884,0.2483457480799087
-0.10353491632319722,2.6035942088649695,0.16046780724632606,0.05847682699845213,0.24584333917732765
-0.10353491632319722,2.954193243675798,0.16073979805773325,0.05886526581003028,0.24605962941673984
-0.10353491632319722,3.3047922784866257,0.16102202634347917,0.0585454097175325,0.24439510343175633
-0.10353491632319722,3.655391313297454,0.1613143882356859,0.05925100503714136,0.24394257929484778
-0.10353491632319722,4.005990348108282,0.1616168074536637,0.058975105674619825,0.2442907138691178
-0.10353491632319722,4.35658938291911,0.1619292323376973,0.05612777648216055,0.24227611821161893
-0.10353491632319722,4.707188417729939,0.16225162705833282,0.05700811810780892,0.24193391205158768
-0.10353491632319722,5.057787452540768,0.16258395944747941,0.06572727990110622,0.2512491142921785
-0.10353491632319722,5.408386487351596,0.1629261882760533,0.057460464735500615,0.24199825177091883
-0.10353491632319722,5.758985522162424,0.16327825218236727,0.058638907735621866,0.24203703000658422
-0.10353491632319722,6.109584556973252,0.16364006136131698,0.06921034777182113,0.25336018980390546
-0.10353491632319722,6.46018359178408,0.16401149211232569,0.0704166581637599,0.2539906313718771
-0.10353491632319722,6.810782626594908,0.16439238372439843,0.07159175051405096,0.25409109847773936
-0.10353491632319722,7.161381661405737,0.1647825369904361,0.07161353179428878,0.253479029043203
-0.10353491632319722,7.511980696216565,0.16518171381515365,0.07163836963171795,0.25290573671551164
-0.10353491632319722,7.8625797310273935,0.16558963781896954,0.08071050157574165,0.2619022214499821
-0.10353491632319722,8.213178765838222,0.16600599635393087,0.07777991754411386,0.2572211164343399
-0.10353491632319722,8.56377780064905,0.1664304445828107,0.0785222399916923,0.2570178526496139
-0.10353491632319722,8.914376835459878,0.16686261193474067,0.07966445747604471,0.2574001188678173
-0.10353491632319722,9.264975870270705,0.16730211047873322,0.07894823218305873,0.2559073551551406
-0.10353491632319722,9.615574905081534,0.16774854412499735,0.08060433308567679,0.2555802217235174
-0.10353491632319722,9.96617393989236,0.1682015175718893,0.08308597178834685,0.25839766522408075
-0.10353491632319722,10.316772974703191,0.16866064451008728,0.08437619168094744,0.2585986185317722
-0.10353491632319722,10.667372009514018,0.16912555525516912,0.08448786993877004,0.25887234137840887
-0.10353491632319722,11.017971044324847,0.16959590418737666,0.08185982761067852,0.25616888629101214
-0.10353491632319722,11.368570079135674,0.17007137694461327,0.0833002867220065,0.25822059558381527
-0.10353491632319722,11.719169113946503,0.17055169641370704,0.0849481048968635,0.26032642478697304
-0.10353491632319722,12.069768148757332,0.17103662565574962,0.08342993940830064,0.2601098446601175
-0.10353491632319722,12.420367183568159,0.17152596560311822,0.08286330938875111,0.2599821329579847
-0.10353491632319722,12.77096621837899,0.17201954613873913,0.08229125209054584,0.2598568063458497
-0.10353491632319722,13.121565253189816,0.17251721091954278,0.0835341316496386,0.2606879631835279
-0.10353491632319722,13.472164288000645,0.1730187983319413,0.0827486320434995,0.2599000512813881
-0.10353491632319722,13.822763322811472,0.17352412239465365,0.08194758094543408,0.2600401371433557
-0.10353491632319722,14.1733623576223,0.17403295776462244,0.0799631194136043,0.2585874536255003
-0.10353491632319722,14.523961392433128,0.17454503232816804,0.08044188833993916,0.2593268471076736
-0.10353491632319722,14.874560427243956,0.17506002957129263,0.08183338334913072,0.26044195518601077
-0.10353491632319722,15.225159462054787,0.17557760139208783,0.08147457290157269,0.26005266461652293
-0.10353491632319722,15.575758496865614,0.17609739033925007,0.08007270367049635,0.25995008764586536
-0.10353491632319722,15.926357531676443,0.17661905822541848,0.0742323899287693,0.25571057027882566
-0.10353491632319722,16.276956566487268,0.17714231552670315,0.09298292800487916,0.2752423450070587
-0.10353491632319722,16.6275556012981,0.17766694360492288,0.07587719264660749,0.2585497017395961
-0.10353491632319722,16.978154636108926,0.17819280149256558,0.08506949182858009,0.26805633056156275
-0.10353491632319722,17.328753670919756,0.17871981286988223,0.08407339214716299,0.2675173148646091
-0.10353491632319722,17.679352705730587,0.17924793664505312,0.08554617651601559,0.2679585899121889
-0.10353491632319722,18.029951740541414,0.17977713209052695,0.08546538194642715,0.2687812941770205
-0.10353491632319722,18.38055077535224,0.18030733153629036,0.08540008702883628,0.2695775926606066
-0.10353491632319722,18.73114981016307,0.18083842876733525,0.0878492579117777,0.27284952874513396
-0.10353491632319722,19.081748844973898,0.18137028334390273,0.0904085039677462,0.27592615754615274
-0.10353491632319722,19.432347879784725,0.18190273523269282,0.09062964974551896,0.2761171820811363
-0.10353491632319722,19.782946914595552,0.1824356226583181,0.09127413283917322,0.2764885468675737
-0.10353491632319722,20.133545949406383,0.18296879783142594,0.09093273449480963,0.27657141323963763
-0.10353491632319722,20.48414498421721,0.18350213792089498,0.09043971611290366,0.2768607101154567
-0.10353491632319722,20.834744019028037,0.1840355508007054,0.09066036329747011,0.27819682958761077
-0.10353491632319722,21.185343053838867,0.1845689763328332,0.09012110584151922,0.2791758274085837
-0.10353491632319722,21.535942088649698,0.18510238447971286,0.09231005451181959,0.2833315169653993
-0.10353491632319722,21.886541123460525,0.1856357716732805,0.09264077543740831,0.2844072933011293
-0.10353491632319722,22.23714015827135,0.18616915673924667,0.09298846360607005,0.28687142897899187
-0.10353491632319722,22.587739193082182,0.18670257732093198,0.09301788448636931,0.2880661242188867
-0.10353491632319722,22.93833822789301,0.18723608724398488,0.08672457191054841,0.2827864759802513
-0.10353491632319722,23.288937262703836,0.1877697547705545,0.08583006726377315,0.2841894374003657
-0.10353491632319722,23.639536297514667,0.1883036613661972,0.08566343255106154,0.2858875373686902
-0.10353491632319722,23.990135332325494,0.1888379005047412,0.08238008962254444,0.2841617917336011
-0.10353491632319722,24.34073436713632,0.18937257611728942,0.08223273595206362,0.28661290429771763
-0.10353491632319722,24.691333401947148,0.18990780045758088,0.08376389848731015,0.2921026429484598
-0.10353491632319722,25.04193243675798,0.19044369132991665,0.09626822401571734,0.3057939128071459
-0.10353491632319722,25.392531471568805,0.19098036876722452,0.09628936848991843,0.30559044668040425
-0.10353491632319722,25.743130506379632,0.1915179513394296,0.0755320041565602,0.2877489261473662
-0.10353491632319722,26.093729541190463,0.19205655231047752,0.09553156061810804,0.30923603779939635
-0.10353491632319722,26.444328576001293,0.19259627585088906,0.09653931958029292,0.3119123140602159
-0.10353491632319722,26.79492761081212,0.19313721347155194,0.08016908312681288,0.2974548677934871
-0.10353491632319722,27.145526645622947,0.1936794408023139,0.08042287261302597,0.298065628409149
-0.10353491632319722,27.496125680433778,0.19422301481658072,0.07315931286664971,0.2919425855420914
-0.10353491632319722,27.846724715244605,0.19476797160154835,0.07618684568904574,0.2954066819676148
-0.10353491632319722,28.197323750055432,0.19531432477658625,0.07773635694970514,0.2969991317476149
-0.10353491632319722,28.54792278486626,0.19586206464850345,0.07881806482771238,0.2985470104979579
-0.10353491632319722,28.89852181967709,0.19641115815012558,0.07946819724665256,0.3003236966020761
-0.10353491632319722,29.249120854487916,0.1969615495435033,0.07978085016982937,0.30151016035347983
-0.10353491632319722,29.599719889298743,0.19751316180082387,0.07704798231739088,0.29913422979660703
-0.10353491632319722,29.950318924109574,0.19806589852535142,0.08765760391028858,0.30930545219232425
-0.10353491632319722,30.3009179589204,0.19861964625156733,0.08945806555627167,0.31216566789768097
-0.10353491632319722,30.651516993731228,0.19917427696664988,0.08939768936985262,0.31310084081805956
-0.10353491632319722,31.002116028542055,0.19972965071747126,0.08671183851905344,0.311979884935375
-0.10353491632319722,31.352715063352885,0.20028561820014512,0.08908309211255361,0.31395212196856065
-0.10353491632319722,31.703314098163716,0.2008420232627469,0.08804222340474782,0.3143076691530988
-0.10353491632319722,32.05391313297454,0.20139870527321746,0.08868040440032439,0.3146194222118265
-0.10353491632319722,32.40451216778537,0.2019555013005532,0.08834613641922927,0.3151437978353879
-0.10353491632319722,32.7551112025962,0.20251224802137874,0.08653189994760584,0.3163887861008229
-0.10353491632319722,33.105710237407024,0.2030687832020047,0.08710523984569155,0.31790047726693116
-0.10353491632319722,33.45630927221785,0.20362494654051103,0.08649236408289648,0.3194116374139728
-0.10353491632319722,33.806908307028685,0.20418057962108127,0.08933499490480946,0.32298601122710496
-0.10353491632319722,34.15750734183951,0.20473552477665644,0.08938748106120817,0.3234246486196114
-0.10353491632319722,34.50810637665034,0.20528962280981522,0.0894528146675434,0.3239456743064959
-0.10353491632319722,34.858705411461166,0.2058427097894546,0.08953112813445721,0.3254589121073595
-0.10353491632319722,35.20930444627199,0.20639461347609445,0.09232184140585407,0.3304312376413669
-0.04519854622372543,0.5,0.1601796029348093,0.05892263102745346,0.24702124567043957
-0.04519854622372543,0.8505990348108282,0.16038503451721764,0.05894873633235664,0.24637771746441853
-0.04519854622372543,1.2011980696216566,0.1606012714027534,0.058985477972978005,0.24530099516287754
-0.04519854622372543,1.5517971044324848,0.1608281783534306,0.059033146241234485,0.24447632111346645
-0.04519854622372543,1.9023961392433129,0.1610656242249094,0.05909210697877806,0.24408970176288386
-0.04519854622372543,2.2529951740541407,0.1613134851289973,0.0591628195313239,0.24468167331724755
-0.04519854622372543,2.6035942088649695,0.161571649248873,0.06168713808558333,0.24759312058334615
-0.04519854622372543,2.954193243675798,0.16184002306684503,0.05830792725910943,0.24379611171217794
-0.04519854622372543,3.3047922784866257,0.16211853695848685,0.057996546816726544,0.24308110438152997
-0.04519854622372543,3.655391313297454,0.16240714783482485,0.06749520500477257,0.2523394253990425
-0.04519854622372543,4.005990348108282,0.16270583764347443,0.06871218708823182,0.2527558603845579
-0.04519854622372543,4.35658938291911,0.16301460806029922,0.0686295276574424,0.2531317332282477
-0.04519854622372543,4.707188417729939,0.16333347263316383,0.057473756579568616,0.2418389313687905
-0.04519854622372543,5.057787452540768,0.16366244767038376,0.05751406749846496,0.24157840160603025
-0.04519854622372543,5.408386487351596,0.16400154267127115,0.05709197346962082,0.24028659782278544
-0.04519854622372543,5.758985522162424,0.1643507506583394,0.07265460828267142,0.25592349499102
-0.04519854622372543,6.109584556973252,0.1647100387018545,0.060738076194987944,0.24303712591228185
-0.04519854622372543,6.46018359178408,0.16507933912721462,0.06128171569668369,0.24306019621405042
-0.04519854622372543,6.810782626594908,0.16545854205964175,0.06161312446855464,0.2430809688620881
-0.04519854622372543,7.161381661405737,0.16584748989666206,0.07508220595640645,0.25544349950534734
-0.04519854622372543,7.511980696216565,0.1662459740919071,0.06774637755926317,0.24761601476108858
-0.04519854622372543,7.8625797310273935,0.16665373451674698,0.06765089909971929,0.24732236993288215
-0.04519854622372543,8.213178765838222,0.16707046169653145,0.06755594220419057,0.24699358672421706
-0.04519854622372543,8.56377780064905,0.16749580213070547,0.07070700061378943,0.24884140483703815
-0.04519854622372543,8.914376835459878,0.16792936641676046,0.07134978057416733,0.24836478621758404
-0.04519854622372543,9.264975870270705,0.16837073916016884,0.0807027397717783,0.2570377679095986
-0.04519854622372543,9.615574905081534,0.1688194892389272,0.08058081716672379,0.25630526184370567
-0.04519854622372543,9.96617393989236,0.16927517932048358,0.08068110987915825,0.25536518386711776
-0.04519854622372543,10.316772974703191,0.16973737440537867,0.08071856408785284,0.2545562102474339
-0.04519854622372543,10.667372009514018,0.17020564996669318,0.08053579931967869,0.2542436409349353
-0.04519854622372543,11.017971044324847,0.17067960043616093,0.08020958747173916,0.255431713688048
-0.04519854622372543,11.368570079135674,0.17115884822277416,0.08323068424450047,0.25876948523857246
-0.04519854622372543,11.719169113946503,0.1716430523603783,0.07758866684385174,0.2532128416739751
-0.04519854622372543,12.069768148757332,0.1721319147401324,0.07886274805753443,0.25486199910025864
-0.04519854622372543,12.420367183568159,0.17262518132347585,0.07703978820993813,0.2533564069373114
-0.04519854622372543,12.77096621837899,0.1731226362845779,0.07719449911218267,0.2540873727910132
-0.04519854622372543,13.121565253189816,0.17362408873673982,0.07758792812547248,0.25523413448034526
-0.04519854622372543,13.472164288000645,0.17412935393826293,0.08335135522117028,0.26182537710714526
-0.04519854622372543,13.822763322811472,0.1746382327036739,0.08274126946861862,0.2611170977573342
-0.04519854622372543,14.1733623576223,0.17515049345655584,0.08269743874203579,0.26103217633701653
-0.04519854622372543,14.523961392433128,0.1756658608336163,0.08782679155661935,0.26678116369838795
-0.04519854622372543,14.874560427243956,0.1761840134121099,0.0881848733530965,0.26706296895545595
-0.04519854622372543,15.225159462054787,0.17670459160212473,0.08851960668928488,0.26768900292386266
-0.04519854622372543,15.575758496865614,0.17722721538789954,0.08883312824182812,0.26939678764609587
-0.04519854622372543,15.926357531676443,0.1777515102496127,0.09272159900871361,0.27337940491899765
-0.04519854622372543,16.276956566487268,0.1782771376907499,0.09473910350152924,0.27558142435304545
-0.04519854622372543,16.6275556012981,0.17880382410711268,0.08485472512253667,0.2665077171951923
-0.04519854622372543,16.978154636108926,0.17933137935271384,0.08476372664965288,0.26667001877928465
-0.04519854622372543,17.328753670919756,0.17985969687827522,0.09211217722099536,0.274225170992538
-0.04519854622372543,17.679352705730587,0.1803887329238956,0.09020981060067093,0.27223368645583634
-0.04519854622372543,18.029951740541414,0.18091847146652337,0.09065205209225108,0.27252409121457627
-0.04519854622372543,18.38055077535224,0.1814488886960083,0.09386611912498022,0.27662616035679666
-0.04519854622372543,18.73114981016307,0.181979930306788,0.09479284518050635,0.27764357926667427
-0.04519854622372543,19.081748844973898,0.18251150729394502,0.09468070037853725,0.27838664804219243
-0.04519854622372543,19.432347879784725,0.1830435070373556,0.09544795431650888,0.28004184506370716
-0.04519854622372543,19.782946914595552,0.18357581163576916,0.09561736997585495,0.2800705807879652
-0.04519854622372543,20.133545949406383,0.18410831573695993,0.09596927282677102,0.28322942677058527
-0.04519854622372543,20.48414498421721,0.18464093919763386,0.09569364771735206,0.2844644251085226
-0.04519854622372543,20.834744019028037,0.1851736331779635,0.0953078761085647,0.2848668251205569
-0.04519854622372543,21.185343053838867,0.18570638044196472,0.0929598701319272,0.28336237454045216
-0.04519854622372543,21.535942088649698,0.18623919162768382,0.0901053423658661,0.28158175205459696
-0.04519854622372543,21.886541123460525,0.18677209947062928,0.09175173933602523,0.28399391482751546
-0.04519854622372543,22.23714015827135,0.18730515274644904,0.09208918409257093,0.2867916764227761
-0.04519854622372543,22.587739193082182,0.18783841120529632,0.08708270949087972,0.2840628529212282
-0.04519854622372543,22.93833822789301,0.1883719421101757,0.08587635110804229,0.2840231649312616
-0.04519854622372543,23.288937262703836,0.18890581832695694,0.0853130191905925,0.2849243115483316
-0.04519854622372543,23.639536297514667,0.1894401174301922,0.08455131557746293,0.28650437813334695
-0.04519854622372543,23.990135332325494,0.18997492109808786,0.08103492709208261,0.28670082387946727
-0.04519854622372543,24.34073436713632,0.1905103141586237,0.0814154495902955,0.28757639544219643
-0.04519854622372543,24.691333401947148,0.1910463829102191,0.08180856121212236,0.2884436560018162
-0.04519854622372543,25.04193243675798,0.19158321264508107,0.08221459027529968,0.28930271853534706
-0.04519854622372543,25.392531471568805,0.19212088455358262,0.08224018258390353,0.2901536974964543
-0.04519854622372543,25.743130506379632,0.19265947233594208,0.08184887174566371,0.2909967075347088
-0.04519854622372543,26.093729541190463,0.1931990388880182,0.08136580828654377,0.29183186232733027
-0.04519854622372543,26.444328576001293,0.19373963338322,0.08088955966318659,0.2938657366449496
-0.04519854622372543,26.79492761081212,0.19428128897708033,0.07918554814827242,0.2934790498992076
-0.04519854622372543,27.145526645622947,0.19482402125053136,0.07996018854571708,0.29429129645940566
-0.04519854622372543,27.496125680433778,0.19536782740982422,0.07950838975471615,0.295096113935481
-0.04519854622372543,27.846724715244605,0.19591268619038457,0.07906604928327957,0.29589359822969863
-0.04519854622372543,28.197323750055432,0.19645855837091586,0.0785337891392208,0.2966838400703987
-0.04519854622372543,28.54792278486626,0.19700538778481477,0.08334159423598898,0.3025594697881873
-0.04519854622372543,28.89852181967709,0.1975531027071727,0.08554191394338002,0.30510649755558544
-0.04519854622372543,29.249120854487916,0.19810161749153232,0.08642442618954466,0.30670310337357054
-0.04519854622372543,29.599719889298743,0.19865083433412553,0.0874076352263081,0.30868429184243185
-0.04519854622372543,29.950318924109574,0.19920064506014615,0.08849403124558644,0.3113573944227057
-0.04519854622372543,30.3009179589204,0.19975093285646298,0.08940931902094747,0.31186422835479416
-0.04519854622372543,30.651516993731228,0.20030157391014503,0.08847243169191378,0.31231914487145185
-0.04519854622372543,31.002116028542055,0.20085243894118515,0.08932811243115112,0.3127244299893038
-0.04519854622372543,31.352715063352885,0.20140339463055276,0.0892809990713263,0.31395811386522077
-0.04519854622372543,31.703314098163716,0.20195430493273497,0.09278455830204563,0.3225370128573341
-0.04519854622372543,32.05391313297454,0.2025050322209402,0.08246076190015296,0.314187610701428
-0.04519854622372543,32.40451216778537,0.2030554381485876,0.0984831975404642,0.33086839988034344
-0.04519854622372543,32.7551112025962,0.20360538404302064,0.0839141676394851,0.31825401321522956
-0.04519854622372543,33.105710237407024,0.2041547306112101,0.08923631652862711,0.32452800252788877
-0.04519854622372543,33.45630927221785,0.2047033367722562,0.08803509265223163,0.3231987919931034
-0.04519854622372543,33.806908307028685,0.2052510575668708,0.08831095486277789,0.32446825999997486
-0.04519854622372543,34.15750734183951,0.2057977413300801,0.08705175888640841,0.3239657818707875
-0.04519854622372543,34.50810637665034,0.20634322660722174,0.08788531990773009,0.3261673884415046
-0.04519854622372543,34.858705411461166,0.20688733955646432,0.08848655193600867,0.3283471156716314
-0.04519854622372543,35.20930444627199,0.2074298927001672,0.09162800882118877,0.33274399029400215
0.013137823875746302,0.5,0.1613932245664599,0.05957014728042182,0.24587484491269643
0.013137823875746302,0.8505990348108282,0.16159530493822183,0.05961856658265374,0.2451637092435762
0.013137823875746302,1.2011980696216566,0.16180814203468075,0.061023846092393426,0.2463448641757108
0.013137823875746302,1.5517971044324848,0.16203158395081077,0.06272995777506948,0.24719038820695957
0.013137823875746302,1.9023961392433129,0.16226548828663984,0.06267105162829208,0.24618598372168823
0.013137823875746302,2.2529951740541407,0.16250972944714517,0.06357037909806525,0.24576395880333615
0.013137823875746302,2.6035942088649695,0.16276420263409144,0.06376089602801048,0.2460105793646804
0.013137823875746302,2.954193243675798,0.16302882577308686,0.06375544603845894,0.24624571645013987
0.013137823875746302,3.3047922784866257,0.16330354036411251,0.06377709670931787,0.2464633519783179
0.013137823875746302,3.655391313297454,0.16358831175935862,0.06382797227000749,0.24665790394040002
0.013137823875746302,4.005990348108282,0.16388312886031808,0.06765027755065903,0.25050538217018614
0.013137823875746302,4.35658938291911,0.1641880027591977,0.06901992494788387,0.25105290275160624
0.013137823875746302,4.707188417729939,0.16450296355101113,0.0700858960421838,0.2516584773937169
0.013137823875746302,5.057787452540768,0.16482805457613742,0.07059451645775247,0.25170995450388634
0.013137823875746302,5.408386487351596,0.1651633237583315,0.0701326737559147,0.25096460602207654
0.013137823875746302,5.758985522162424,0.165508812336703,0.0707409978414771,0.2509731795212805
0.013137823875746302,6.109584556973252,0.16586454192397374,0.07066570129356832,0.25099155745589435
0.013137823875746302,6.46018359178408,0.16623050125564362,0.07215035390683741,0.2524431399278961
0.013137823875746302,6.810782626594908,0.16660663410305876,0.06597411691793484,0.24465488588141712
0.013137823875746302,7.161381661405737,0.16699282961218764,0.06644267525930708,0.24519791852759681
0.013137823875746302,7.511980696216565,0.16738891596632108,0.06832257057785647,0.24632510985236775
0.013137823875746302,7.8625797310273935,0.16779465797888216,0.07504354829126755,0.25281759354121075
0.013137823875746302,8.213178765838222,0.16820975902795218,0.07517791075836931,0.25132810569903524
0.013137823875746302,8.56377780064905,0.16863386738327088,0.07520891286531928,0.25137583599075064
0.013137823875746302,8.914376835459878,0.16906658623197257,0.07491624098130298,0.2505511148165203
0.013137823875746302,9.264975870270705,0.16950748584387842,0.07571676697342743,0.2515601909106858
0.013137823875746302,9.615574905081534,0.16995611596752702,0.07477872193722639,0.2501608589234162
0.013137823875746302,9.96617393989236,0.17041201707832992,0.07955192187787878,0.25453201592971497
0.013137823875746302,10.316772974703191,0.17087473017800395,0.07999525587015777,0.2544421505162786
0.013137823875746302,10.667372009514018,0.17134380573941888,0.08053194304605744,0.2545622999877825
0.013137823875746302,11.017971044324847,0.1718188125871613,0.08050145257030611,0.25409325902329694
0.013137823875746302,11.368570079135674,0.17229934696533145,0.08050888184704372,0.25472263815058216
0.013137823875746302,11.719169113946503,0.17278504106018897,0.07957101285555346,0.254763645612783
0.013137823875746302,12.069768148757332,0.17327556923565526,0.08461238174126241,0.26050507617781865
0.013137823875746302,12.420367183568159,0.17377064968781777,0.08572927081148296,0.2609587600703656
0.013137823875746302,12.77096621837899,0.174270039568578,0.08626747568674031,0.2628984107068141
0.013137823875746302,13.121565253189816,0.17477352299565097,0.0761319468549291,0.25303710204731417
0.013137823875746302,13.472164288000645,0.17528089336118527,0.08421723212661303,0.26197053150094896
0.013137823875746302,13.822763322811472,0.1757919331804199,0.08502581798996718,0.26290622013045883
0.013137823875746302,14.1733623576223,0.17630639562465422,0.08451036378121128,0.26249792522107634
0.013137823875746302,14.523961392433128,0.17682399156274553,0.08473092424420056,0.2632344963613485
0.013137823875746302,14.874560427243956,0.17734438470326305,0.0845666971025869,0.263260087211137
0.013137823875746302,15.225159462054787,0.17786719597205805,0.09374225189931375,0.2730366767418447
0.013137823875746302,15.575758496865614,0.1783920171501039,0.09255546362898938,0.26931180777394775
0.013137823875746302,15.926357531676443,0.17891843304163174,0.0939449658623983,0.27081003612916843
0.013137823875746302,16.276956566487268,0.17944605040556294,0.09385022896397514,0.27314523581819294
0.013137823875746302,16.6275556012981,0.17997452976504685,0.09023057817400447,0.27174429833277336
0.013137823875746302,16.978154636108926,0.18050361305382934,0.09224115433177515,0.2740768401914166
0.013137823875746302,17.328753670919756,0.18103313772881113,0.09258869800214797,0.27515867992893206
0.013137823875746302,17.679352705730587,0.18156302975004238,0.08967268607302413,0.27268203597426527
0.013137823875746302,18.029951740541414,0.18209327545362464,0.09671964144509237,0.2794111278766659
0.013137823875746302,18.38055077535224,0.1826238825603239,0.0963118629067,0.279568918564448
0.013137823875746302,18.73114981016307,0.1831548461306048,0.08351679394330189,0.2680539216244393
0.013137823875746302,19.081748844973898,0.18368613162737227,0.08392935794171213,0.26971972332886673
0.013137823875746302,19.432347879784725,0.18421767739956066,0.08398446670493745,0.2703214706957864
0.013137823875746302,19.782946914595552,0.1847494101792463,0.09266933178505193,0.27962209469713634
0.013137823875746302,20.133545949406383,0.18528126419783386,0.0930220961310026,0.28134021010497373
0.013137823875746302,20.48414498421721,0.1858131966064368,0.0908759830559708,0.2788505365760904
0.013137823875746302,20.834744019028037,0.1863451958092916,0.09242255685040156,0.27968880718266714
0.013137823875746302,21.185343053838867,0.18687728257274924,0.09247277980079516,0.2812915038825706
0.013137823875746302,21.535942088649698,0.18740950556345237,0.09442541637789949,0.28431840991306995
0.013137823875746302,21.886541123460525,0.18794193358672348,0.0946830379174668,0.2877696674258019
0.013137823875746302,22.23714015827135,0.18847464674314615,0.09477615000842009,0.290035383543093
0.013137823875746302,22.587739193082182,0.18900772830635112,0.09560733915157005,0.29470481735895565
0.013137823875746302,22.93833822789301,0.18954125848445358,0.0919206870592141,0.2922680930840178
0.013137823875746302,23.288937262703836,0.19007531048481952,0.08744990032352445,0.28991516121720673
0.013137823875746302,23.639536297514667,0.19060994863430938,0.0887755888601145,0.2930070065936235
0.013137823875746302,23.990135332325494,0.19114522788632557,0.0882726555781349,0.29451042466194566
0.013137823875746302,24.34073436713632,0.19168119394671346,0.08406169427882224,0.2920382570349464
0.013137823875746302,24.691333401947148,0.19221788342069382,0.08416109380733129,0.29234011307219737
0.013137823875746302,25.04193243675798,0.19275532368647444,0.08359661025347051,0.29272268245658095
0.013137823875746302,25.392531471568805,0.19329353249187287,0.083142638368682,0.2935324534236842
0.013137823875746302,25.743130506379632,0.19383251745070315,0.08280028922690273,0.29433460701842584
0.013137823875746302,26.093729541190463,0.1943722756586532,0.08333664770402634,0.295129216715254
0.013137823875746302,26.444328576001293,0.19491279358456762,0.08474251294927129,0.29593402642483807
0.013137823875746302,26.79492761081212,0.19545404728143156,0.08442990635724698,0.29846210591029015
0.013137823875746302,27.145526645622947,0.1959960028599607,0.08253355311730565,0.29804749957885934
0.013137823875746302,27.496125680433778,0.19653861711429518,0.0811792289196542,0.29823366928637507
0.013137823875746302,27.846724715244605,0.19708183819333536,0.08177947512379004,0.29899163798993894
0.013137823875746302,28.197323750055432,0.19762560625560271,0.09168201737613785,0.30970071495361534
0.013137823875746302,28.54792278486626,0.19816985409725416,0.08218035566734286,0.302287332495929
0.013137823875746302,28.89852181967709,0.1987145077717217,0.08111310247678524,0.3022620502589989
0.013137823875746302,29.249120854487916,0.19925948721510134,0.08130961774353997,0.30363746282003623
0.013137823875746302,29.599719889298743,0.19980470686740878,0.08490362182579952,0.3076853059645878
0.013137823875746302,29.950318924109574,0.20035007625946544,0.08692808716610542,0.310405636570147
0.013137823875746302,30.3009179589204,0.20089550053186395,0.08621328939674403,0.3108679644871469
0.013137823875746302,30.651516993731228,0.20144088086085987,0.08640839166674952,0.31224250052547087
0.013137823875746302,31.002116028542055,0.20198611476939746,0.08952457628866838,0.3156056399737514
0.013137823875746302,31.352715063352885,0.2025310962853796,0.09011748002007097,0.3188815754783917
0.013137823875746302,31.703314098163716,0.2030757158717588,0.08930313256795623,0.31928292753305604
0.013137823875746302,32.05391313297454,0.2036198600077692,0.0890924991331501,0.3201159741447
0.013137823875746302,32.40451216778537,0.20416341027495674,0.09036147765877581,0.32326878712310697
0.013137823875746302,32.7551112025962,0.20470624182921476,0.0910859453075147,0.3246996974734614
0.013137823875746302,33.105710237407024,0.20524822124773967,0.0918201025953536,0.32656738377797406
0.013137823875746302,33.45630927221785,0.2057892039312846,0.09234578265844227,0.32880033260592917
0.013137823875746302,33.806908307028685,0.20632903148349063,0.08950951909137882,0.32762268962414975
0.013137823875746302,34.15750734183951,0.20686752970699815,0.09319491118085362,0.33310346557775405
0.013137823875746302,34.50810637665034,0.2074045079554494,0.08615588114900459,0.32834684287768306
0.013137823875746302,34.858705411461166,0.20793976048326984,0.08699577700581575,0.3286865599417699
0.013137823875746302,35.20930444627199,0.20847307012514962,0.08732461376058777,0.330432323575038
0.07147419397521806,0.5,0.1626990377710873,0.06502224039413126,0.25253110771019377
0.07147419397521806,0.8505990348108282,0.16289678208495748,0.060612783193012124,0.2462807142296917
0.07147419397521806,1.2011980696216566,0.16310541816297108,0.06145418290659895,0.24556334779423855
0.07147419397521806,1.5517971044324848,0.16332479326240204,0.062278560874567755,0.24544767031889286
0.07147419397521806,1.9023961392433129,0.16355474975505388,0.06308366466561713,0.24535021554815628
0.07147419397521806,2.2529951740541407,0.16379513577369906,0.06386816219453746,0.2452689776184061
0.07147419397521806,2.6035942088649695,0.16404581190090234,0.06414438347611573,0.2452019693231769
0.07147419397521806,2.954193243675798,0.16430665585247292,0.0653741810794203,0.24621949488534534
0.07147419397521806,3.3047922784866257,0.16457756717833258,0.0660968156832268,0.24554429692820678
0.07147419397521806,3.655391313297454,0.1648584726666101,0.06680073502601647,0.24520061959905895
0.07147419397521806,4.005990348108282,0.16514933138226698,0.06748741475308187,0.24538208449446428
0.07147419397521806,4.35658938291911,0.16545013729292316,0.06815838709108855,0.2455334669805905
0.07147419397521806,4.707188417729939,0.16576091769475837,0.06733725471617232,0.24588385415685565
0.07147419397521806,5.057787452540768,0.16608172673005273,0.07066890638778726,0.2505249965463358
0.07147419397521806,5.408386487351596,0.1664126344485613,0.07340251092272897,0.25328050322482654
0.07147419397521806,5.758985522162424,0.16675371264073297,0.07069371865060872,0.250350943701182
0.07147419397521806,6.109584556973252,0.16710501900943098,0.07132048966400578,0.24985100533760354
0.07147419397521806,6.46018359178408,0.16746658129690462,0.0758824928401744,0.253801382366274
0.07147419397521806,6.810782626594908,0.16783838286072386,0.07250757861151527,0.24990335961230015
0.07147419397521806,7.161381661405737,0.16822035094807794,0.07308499026271797,0.24969672036154975
0.07147419397521806,7.511980696216565,0.168612348643354,0.07236763621120028,0.2484911739393278
0.07147419397521806,7.8625797310273935,0.16901417126669507,0.07381143160492461,0.24918573292064017
0.07147419397521806,8.213178765838222,0.16942554780082605,0.07446262251375865,0.24991565618918235
0.07147419397521806,8.56377780064905,0.16984614741272347,0.07377596855515713,0.249236787038229
0.07147419397521806,8.914376835459878,0.17027559016937138,0.07799467705836866,0.25312419067576697
0.07147419397521806,9.264975870270705,0.17071346004150006,0.07808810544768023,0.2525539526446961
0.07147419397521806,9.615574905081534,0.17115931799190942,0.07752779184087076,0.25203354153534685
0.07147419397521806,9.96617393989236,0.17161271367118605,0.07731135285130704,0.25201542161414314
0.07147419397521806,10.316772974703191,0.1720731954937556,0.0758454573210834,0.25126080003528245
0.07147419397521806,10.667372009514018,0.1725403197819025,0.07827110839514813,0.2538763728274559
0.07147419397521806,11.017971044324847,0.17301365975392832,0.08247852735718682,0.2580453068649014
0.07147419397521806,11.368570079135674,0.17349281450744092,0.07701604457623253,0.2525671309164931
0.07147419397521806,11.719169113946503,0.1739774172301699,0.07721937392668562,0.2521652534348305
0.07147419397521806,12.069768148757332,0.17446714105961852,0.0758262867300496,0.2519235976708888
0.07147419397521806,12.420367183568159,0.17496170061570784,0.07707678809731938,0.25312374996755377
0.07147419397521806,12.77096621837899,0.17546084749386848,0.07794808298459015,0.2537516223861538
0.07147419397521806,13.121565253189816,0.1759643590433307,0.07822741519501834,0.25436320195059253
0.07147419397521806,13.472164288000645,0.17647202138541884,0.09270792266334071,0.26926439890227555
0.07147419397521806,13.822763322811472,0.1769836093300257,0.0788346790629032,0.2555389528910424
0.07147419397521806,14.1733623576223,0.17749886696833173,0.08704673727713563,0.26382760438927527
0.07147419397521806,14.523961392433128,0.1780174928061198,0.09481730619856492,0.27355941886529367
0.07147419397521806,14.874560427243956,0.17853913238059366,0.08307112210025201,0.2612438657678873
0.07147419397521806,15.225159462054787,0.17906337988478166,0.08345220677705416,0.2616168015810837
0.07147419397521806,15.575758496865614,0.17958978908243953,0.08307056765053099,0.2615256158051628
0.07147419397521806,15.926357531676443,0.18011789307475057,0.08096452180268045,0.2612152097335819
0.07147419397521806,16.276956566487268,0.1806472319459032,0.08997094133371292,0.2707611203785728
0.07147419397521806,16.6275556012981,0.18117738607926978,0.09602862308938996,0.2777540349020612
0.07147419397521806,16.978154636108926,0.18170801026255293,0.08210105460288006,0.26430077731883733
0.07147419397521806,17.328753670919756,0.18223886017231622,0.08149496985598016,0.26445115899424243
0.07147419397521806,17.679352705730587,0.18276980116101404,0.08089382958046425,0.2646461876299122
0.07147419397521806,18.029951740541414,0.18330079307116032,0.08307892521881349,0.2679289221690606
0.07147419397521806,18.38055077535224,0.18383185463860643,0.07954764232563495,0.2649470632329205
0.07147419397521806,18.73114981016307,0.18436302144076505,0.08968629860818209,0.2751750905599984
0.07147419397521806,19.081748844973898,0.18489431424604183,0.08928900155360482,0.2756539078329118
0.07147419397521806,19.432347879784725,0.18542572753139167,0.08883761762675649,0.2756438510652269
0.07147419397521806,19.782946914595552,0.18595723671095948,0.0931625948486539,0.2795148527828692
0.07147419397521806,20.133545949406383,0.18648881515269736,0.09389646119711302,0.2796714814226052
0.07147419397521806,20.48414498421721,0.1870204512698214,0.09353627019050342,0.2798846517070915
0.07147419397521806,20.834744019028037,0.18755215950639512,0.09392236255600973,0.28010180964883485
0.07147419397521806,21.185343053838867,0.1880839832771892,0.0918949921388937,0.28047799509655547
0.07147419397521806,21.535942088649698,0.18861599084858885,0.09317187137392352,0.28420692654352675
0.07147419397521806,21.886541123460525,0.1891482665072809,0.09377359445444892,0.28888542319008104
0.07147419397521806,22.23714015827135,0.18968089967078086,0.0920798235661857,0.289722174223677
0.07147419397521806,22.587739193082182,0.1902139743361364,0.08448868372299287,0.2830772379771451
0.07147419397521806,22.93833822789301,0.19074756068077833,0.08218119943336852,0.28235780795426907
0.07147419397521806,23.288937262703836,0.1912817098401844,0.08286715162282679,0.2848935768400304
0.07147419397521806,23.639536297514667,0.1918164520382856,0.08884473099976861,0.2929896010021327
0.07147419397521806,23.990135332325494,0.19235179753504522,0.08905541078981304,0.294801362502655
0.07147419397521806,24.34073436713632,0.19288773944145676,0.08721963186593931,0.2947896333583221
0.07147419397521806,24.691333401947148,0.1934242573784332,0.08488217941157777,0.2924812976291607
0.07147419397521806,25.04193243675798,0.19396132114359807,0.0851211298993488,0.29392050604359693
0.07147419397521806,25.392531471568805,0.19449889385773883,0.08573445913497997,0.2953256707898225
0.07147419397521806,25.743130506379632,0.1950369343615303,0.08528206368779115,0.29669793786603965
0.07147419397521806,26.093729541190463,0.19557539884956934,0.08853251614431122,0.3006954261229743
0.07147419397521806,26.444328576001293,0.19611424184719348,0.08960415105936312,0.30433187935269607
0.07147419397521806,26.79492761081212,0.19665341667647798,0.0865135475624744,0.30281246662343597
0.07147419397521806,27.145526645622947,0.1971928755544562,0.08959356029684094,0.30574742595221066
0.07147419397521806,27.496125680433778,0.19773256944928258,0.09026045698840483,0.30662945257041463
0.07147419397521806,27.846724715244605,0.19827244780633088,0.09091198458715023,0.309493798762448
0.07147419397521806,28.197323750055432,0.19881245824620378,0.09066131362191217,0.3096741824536254
0.07147419397521806,28.54792278486626,0.19935254631706775,0.08707158048701862,0.30793451942837047
0.07147419397521806,28.89852181967709,0.19989265534155937,0.08773922402830552,0.3092055358859459
0.07147419397521806,29.249120854487916,0.20043272633570655,0.08722662147288053,0.3091278587572261
0.07147419397521806,29.599719889298743,0.200972697914089,0.08846044330982801,0.31032818757388314
0.07147419397521806,29.950318924109574,0.2015125060573058,0.0858084774695986,0.3102424655652822
0.07147419397521806,30.3009179589204,0.20205208361682223,0.0866211705596066,0.3120008297108714
0.07147419397521806,30.651516993731228,0.20259135945986403,0.08907565078355364,0.3140574731849506
0.07147419397521806,31.002116028542055,0.20313025719419478,0.08855413688687805,0.3162031790257507
0.07147419397521806,31.352715063352885,0.203668693447333,0.0886638179064635,0.3183283527252985
0.07147419397521806,31.703314098163716,0.20420657571177844,0.0884627608648606,0.3204290579907952
0.07147419397521806,32.05391313297454,0.20474379982469093,0.08983011613566881,0.32344009741409646
0.07147419397521806,32.40451216778537,0.20528024724393285,0.09374721407815013,0.32808070390845306
0.07147419397521806,32.7551112025962,0.2058157824127801,0.09534449364767011,0.3294097708911349
0.07147419397521806,33.105710237407024,0.20635025064659976,0.09499643937686666,0.33206068566029334
0.07147419397521806,33.45630927221785,0.2068834770744545,0.0922820767267767,0.33201375701924857
0.07147419397521806,33.806908307028685,0.20741526716521125,0.08994496633539723,0.3332029072908027
0.07147419397521806,34.15750734183951,0.20794540921832064,0.0900200388422027,0.3349885185696942
0.07147419397521806,34.50810637665034,0.20847367890977642,0.0901124364241043,0.3371607502839848
0.07147419397521806,34.858705411461166,0.20899984562143642,0.09206451965173243,0.3411094542317615
0.07147419397521806,35.20930444627199,0.20952367995694468,0.09149188876788766,0.3414695488676105
0.12981056407468983,0.5,0.16410331849705956,0.06417973564355617,0.2511737430069173
0.12981056407468983,0.8505990348108282,0.16429545631636364,0.06496558216550348,0.2510090034014072
0.12981056407468983,1.2011980696216566,0.16449864515529944,0.06240184387497331,0.24674317932328882
0.12981056407468983,1.5517971044324848,0.16471274882667442,0.06313377341991379,0.24658909650474023
0.12981056407468983,1.9023961392433129,0.16493760570029084,0.06391888424841936,0.24648536120945871
0.12981056407468983,2.2529951740541407,0.16517304427656365,0.06475839177614408,0.2463952507421499
0.12981056407468983,2.6035942088649695,0.16541889605874743,0.0630802953718323,0.24429296080566537
0.12981056407468983,2.954193243675798,0.16567500641042487,0.06377654705921193,0.24468881991894403
0.12981056407468983,3.3047922784866257,0.1659412440213229,0.06328329373217476,0.243645754160533
0.12981056407468983,3.655391313297454,0.1662175087965126,0.0670885200958191,0.2466017264457543
0.12981056407468983,4.005990348108282,0.16650373714353583,0.0673664438824905,0.24651220080451927
0.12981056407468983,4.35658938291911,0.16679990339269612,0.0720217690883642,0.250516357578291
0.12981056407468983,4.707188417729939,0.16710601658568439,0.07212227620328025,0.25032543607040725
0.12981056407468983,5.057787452540768,0.1674221127672284,0.07356600842426729,0.25063187545082916
0.12981056407468983,5.408386487351596,0.16774824373008018,0.07494084858957498,0.250791118246685
0.12981056407468983,5.758985522162424,0.16808446359252358,0.07605750622902216,0.2509606645992619
0.12981056407468983,6.109584556973252,0.16843081462573206,0.07602492544609443,0.2511401079263006
0.12981056407468983,6.46018359178408,0.16878731357690557,0.0757530469581407,0.2514805565149795
0.12981056407468983,6.810782626594908,0.16915393951381197,0.07439960807076827,0.2517498777371634
0.12981056407468983,7.161381661405737,0.16953062400949148,0.07416983706480085,0.24994439228143867
0.12981056407468983,7.511980696216565,0.16991724433970673,0.07383266324633937,0.24907564223888995
0.12981056407468983,7.8625797310273935,0.1703136203189009,0.08228293361386635,0.25593794853684565
0.12981056407468983,8.213178765838222,0.1707195153109535,0.0813291857678107,0.25557970513574046
0.12981056407468983,8.56377780064905,0.17113464148498686,0.0816280280833017,0.25413318071131713
0.12981056407468983,8.914376835459878,0.17155866843333392,0.08146785645115596,0.253447510502359
0.12981056407468983,9.264975870270705,0.17199123332979893,0.08139118238618176,0.25446890906213293
0.12981056407468983,9.615574905081534,0.1724319506721657,0.0796393090824273,0.25408692856040827
0.12981056407468983,9.96617393989236,0.1728804205700821,0.08265282785416203,0.2575534104793058
0.12981056407468983,10.316772974703191,0.17333623586472943,0.08243033993124343,0.2573705303663806
0.12981056407468983,10.667372009514018,0.1737989891562626,0.09022752882012222,0.2646512143874305
0.12981056407468983,11.017971044324847,0.17426828064278,0.09177479566071961,0.2651661389110379
0.12981056407468983,11.368570079135674,0.1747437268193329,0.09294376967974693,0.26652286045224133
0.12981056407468983,11.719169113946503,0.17522496910184646,0.08134642182143811,0.25669423125365204
0.12981056407468983,12.069768148757332,0.175711680728134,0.0835108389083171,0.2582857536531285
0.12981056407468983,12.420367183568159,0.17620357001233766,0.08369829695201297,0.2577915301536616
0.12981056407468983,12.77096621837899,0.17670037825915522,0.08389819930568308,0.25831910380401496
0.12981056407468983,13.121565253189816,0.17720187142822968,0.08384264102099828,0.25883335094972704
0.12981056407468983,13.472164288000645,0.17770782592276368,0.08366361237433095,0.25785847831573433
0.12981056407468983,13.822763322811472,0.17821801038292598,0.08457227396058069,0.2598240231569985
0.12981056407468983,14.1733623576223,0.17873216661429478,0.0895656995022006,0.2660372559220461
0.12981056407468983,14.523961392433128,0.17924999329788147,0.0898899836934079,0.26694339469949724
0.12981056407468983,14.874560427243956,0.17977113571034817,0.09022630698946711,0.2674288645161731
0.12981056407468983,15.225159462054787,0.18029518356336727,0.08789115610369198,0.266011693235168
0.12981056407468983,15.575758496865614,0.18082167781152925,0.09093451868295127,0.26948888558495315
0.12981056407468983,15.926357531676443,0.1813501263988326,0.09130588875248147,0.2701754682303473
0.12981056407468983,16.276956566487268,0.1818800284638489,0.09919353445631289,0.27978220557976113
0.12981056407468983,16.6275556012981,0.1824109059003027,0.09966825618214581,0.2798274980053511
0.12981056407468983,16.978154636108926,0.1829423394105495,0.1001449370967066,0.2812611524517344
0.12981056407468983,17.328753670919756,0.18347400284977758,0.08203163588181077,0.2646457794601848
0.12981056407468983,17.679352705730587,0.1840056860577423,0.10089682906894203,0.2842118049218895
0.12981056407468983,18.029951740541414,0.18453729602501728,0.08299295474069988,0.2674491207768842
0.12981056407468983,18.38055077535224,0.18506883254116888,0.08809498920223448,0.27362750630517285
0.12981056407468983,18.73114981016307,0.18560034606077697,0.08866486262096615,0.2743487133173462
0.12981056407468983,19.081748844973898,0.18613189475220426,0.08965742242832385,0.275562142512748
0.12981056407468983,19.432347879784725,0.18666351694262,0.09010317511418044,0.2761165098792799
0.12981056407468983,19.782946914595552,0.18719522507937164,0.09056302627312758,0.27666495007463004
0.12981056407468983,20.133545949406383,0.18772701609246928,0.09436693689122085,0.28071813285273867
0.12981056407468983,20.48414498421721,0.18825888779946143,0.09492740754888625,0.2812995467561022
0.12981056407468983,20.834744019028037,0.18879085240173685,0.09550280432076302,0.2841138643909572
0.12981056407468983,21.185343053838867,0.1893229425706503,0.09505090274473756,0.28465299738380356
0.12981056407468983,21.535942088649698,0.18985520970591094,0.09307891559877861,0.28393109376808595
0.12981056407468983,21.886541123460525,0.19038771634729393,0.09334291177999095,0.2877519111652794
0.12981056407468983,22.23714015827135,0.1909205256157262,0.09336259428318723,0.29161863687712924
0.12981056407468983,22.587739193082182,0.191453690534851,0.09593336377495895,0.296075053789698
0.12981056407468983,22.93833822789301,0.19198724554936233,0.09414667283798651,0.2958378660881166
0.12981056407468983,23.288937262703836,0.1925212017100981,0.09298836658741406,0.2966724916363552
0.12981056407468983,23.639536297514667,0.19305554599059238,0.09126261957778653,0.29652821176386346
0.12981056407468983,23.990135332325494,0.1935902442426202,0.09528262884689885,0.3022116761564524
0.12981056407468983,24.34073436713632,0.19412524661188366,0.08907570656795484,0.29638712055457817
0.12981056407468983,24.691333401947148,0.19466049395699914,0.09408066579060222,0.3036047166700936
0.12981056407468983,25.04193243675798,0.19519592393907534,0.09339177065764953,0.30388196784983934
0.12981056407468983,25.392531471568805,0.19573147584752257,0.09190504686844173,0.30360304992005055
0.12981056407468983,25.743130506379632,0.19626709372464848,0.0916267230891885,0.30339746485050706
0.12981056407468983,26.093729541190463,0.19680272779605432,0.09134868767640432,0.30365648751355956
0.12981056407468983,26.444328576001293,0.19733833451696675,0.09067726505957663,0.30411349093679424
0.12981056407468983,26.79492761081212,0.1978738756827551,0.09084235185777303,0.3066022103356418
0.12981056407468983,27.145526645622947,0.1984093170511441,0.09235214066654204,0.30830754689432904
0.12981056407468983,27.496125680433778,0.19894462683676348,0.0868935199410755,0.3044207232999619
0.12981056407468983,27.846724715244605,0.1994797743191741,0.09205117364542545,0.31264818262384225
0.12981056407468983,28.197323750055432,0.20001472868810613,0.08736797023348376,0.308798889668428
0.12981056407468983,28.54792278486626,0.20054945814588412,0.08353717657077414,0.306343021122279
0.12981056407468983,28.89852181967709,0.20108392919632578,0.08378219740927124,0.3069897800831397
0.12981056407468983,29.249120854487916,0.20161810597469754,0.08412576976740538,0.3090777244855498
0.12981056407468983,29.599719889298743,0.20215194942790374,0.08337557966466061,0.30907020286970605
0.12981056407468983,29.950318924109574,0.20268541615419944,0.08431801889812021,0.30907499256456533
0.12981056407468983,30.3009179589204,0.2032184567623819,0.08252173744043219,0.30951155465852004
0.12981056407468983,30.651516993731228,0.20375101369938708,0.08209880354864178,0.31040518446199705
0.12981056407468983,31.002116028542055,0.20428301860150486,0.0816780796880977,0.3125978800328531
0.12981056407468983,31.352715063352885,0.2048143893325719,0.081259175531617,0.315742608251002
0.12981056407468983,31.703314098163716,0.20534502697768692,0.07868771110292976,0.315077137696953
0.12981056407468983,32.05391313297454,0.20587481316022171,0.0793702379499255,0.31635718696835297
0.12981056407468983,32.40451216778537,0.20640360812782266,0.08000885762707449,0.317500772041981
0.12981056407468983,32.7551112025962,0.2069312500765033,0.0905171478793473,0.331318729738169
0.12981056407468983,33.105710237407024,0.20745755611128622,0.09191460139302418,0.33369252166959634
0.12981056407468983,33.45630927221785,0.20798232505688496,0.09058438224075704,0.3357088391977857
0.12981056407468983,33.806908307028685,0.20850534205619273,0.07815965683414952,0.324548748915011
0.12981056407468983,34.15750734183951,0.20902638459919884,0.0776416982687685,0.32469778200736105
0.12981056407468983,34.50810637665034,0.2095452294031986,0.07713023905486063,0.32484131604305166
0.12981056407468983,34.858705411461166,0.21006165948611472,0.07662514958871366,0.3258717597047946
0.12981056407468983,35.20930444627199,0.21057547084858247,0.07612629774141175,0.3275048718407884
0.18814693417416126,0.5,0.1656142748674047,0.05818627393311773,0.24626353461191888
0.18814693417416126,0.8505990348108282,0.1657991178993015,0.0654363350560905,0.25194197713460115
0.18814693417416126,1.2011980696216566,0.16599506255539329,0.06613221221006246,0.25111846699415163
0.18814693417416126,1.5517971044324848,0.16620202482726962,0.06388654665899045,0.2477427082839185
0.18814693417416126,1.9023961392433129,0.1664198816087995,0.06491257894441452,0.24717168364888523
0.18814693417416126,2.2529951740541407,0.16664849087821856,0.06571660518888922,0.24723116386220537
0.18814693417416126,2.6035942088649695,0.16688770778945514,0.06590736669945772,0.24742968858308564
0.18814693417416126,2.954193243675798,0.16713739629318744,0.06594516877672955,0.24739398790704306
0.18814693417416126,3.3047922784866257,0.16739743703354376,0.0684198218179662,0.2485343971372929
0.18814693417416126,3.655391313297454,0.16766773227004625,0.06951942240363586,0.2496408169403205
0.18814693417416126,4.005990348108282,0.16794820806668387,0.07129434245564015,0.25051157145124486
0.18814693417416126,4.35658938291911,0.16823881360251247,0.0717869648644555,0.2502001431160048
0.18814693417416126,4.707188417729939,0.16853951754104773,0.07301505512822277,0.24985232656845333
0.18814693417416126,5.057787452540768,0.16885030186561997,0.07430666375059275,0.24980362363008843
0.18814693417416126,5.408386487351596,0.16917115406836167,0.07550717595189346,0.25056152638657864
0.18814693417416126,5.758985522162424,0.16950205873927923,0.07462469130816081,0.24935528225032227
0.18814693417416126,6.109584556973252,0.16984298939711878,0.07495844512271548,0.2493461003060723
0.18814693417416126,6.46018359178408,0.17019390104944554,0.07455080335104582,0.2498592809342488
0.18814693417416126,6.810782626594908,0.17055472370339658,0.07349609671498389,0.24935942790213372
0.18814693417416126,7.161381661405737,0.17092535697699432,0.07409668747973758,0.2493815629642148
0.18814693417416126,7.511980696216565,0.17130566609037268,0.0816836494721233,0.25695490643981617
0.18814693417416126,7.8625797310273935,0.17169547976849284,0.08296138271144275,0.2566435195401807
0.18814693417416126,8.213178765838222,0.17209459069076327,0.08317786779755608,0.25610255185178604
0.18814693417416126,8.56377780064905,0.17250275869796822,0.083268230274018,0.2548149282339642
0.18814693417416126,8.914376835459878,0.17291971598778852,0.08585082624754209,0.2571463863607428
0.18814693417416126,9.264975870270705,0.17334517264424543,0.08347231222017387,0.255757066171763
0.18814693417416126,9.615574905081534,0.17377882090511623,0.08741480873022685,0.26142717922556474
0.18814693417416126,9.96617393989236,0.17422033772379844,0.08776842391951861,0.2616850576069369
0.18814693417416126,10.316772974703191,0.1746693866130113,0.0783999854987031,0.25286182952032765
0.18814693417416126,10.667372009514018,0.17512562043465962,0.07955220442515146,0.2530453948757957
0.18814693417416126,11.017971044324847,0.17558868636531869,0.07882616579445363,0.2522893479841172
0.18814693417416126,11.368570079135674,0.17605823315486463,0.08885525458497019,0.26285684306893853
0.18814693417416126,11.719169113946503,0.1765339196795551,0.07737389161128247,0.25210172915644147
0.18814693417416126,12.069768148757332,0.1770154230772342,0.08306490430388291,0.25629664878371117
0.18814693417416126,12.420367183568159,0.1775024445127148,0.08366199422964149,0.25666331021418226
0.18814693417416126,12.77096621837899,0.17799471079418952,0.08346479240970525,0.25738551367547624
0.18814693417416126,13.121565253189816,0.1784919706232797,0.08509041970404595,0.25892430368689034
0.18814693417416126,13.472164288000645,0.1789939852203532,0.08558168215578735,0.2594307782365237
0.18814693417416126,13.822763322811472,0.17950051432661326,0.09025775778143781,0.2652698092712717
0.18814693417416126,14.1733623576223,0.18001129984380373,0.09078066223030298,0.26531220159203883
0.18814693417416126,14.523961392433128,0.18052605019833945,0.09116073407574701,0.2655160917866584
0.18814693417416126,14.874560427243956,0.18104442857398037,0.09143471898352881,0.26598262673468714
0.18814693417416126,15.225159462054787,0.1815660474420476,0.09080695761644629,0.2668998486217924
0.18814693417416126,15.575758496865614,0.18209047071700502,0.08734103361838737,0.2658866118178351
0.18814693417416126,15.926357531676443,0.18261722393337035,0.09999327991285935,0.2795090975362667
0.18814693417416126,16.276956566487268,0.183145812387044,0.10023378788106817,0.2796990337773548
0.18814693417416126,16.6275556012981,0.18367574693679425,0.10386339541250178,0.284501971430118
0.18814693417416126,16.978154636108926,0.1842065762705719,0.09908684582662193,0.2811981173878695
0.18814693417416126,17.328753670919756,0.18473792198926048,0.10008022328202584,0.28356100406875223
0.18814693417416126,17.679352705730587,0.18526950892241417,0.09953603365963984,0.2837497143363925
0.18814693417416126,18.029951740541414,0.18580117991531284,0.1017590381519652,0.28752850709403366
0.18814693417416126,18.38055077535224,0.18633288602753206,0.09470644921708142,0.28098476843125236
0.18814693417416126,18.73114981016307,0.18686465208060865,0.09537295384246595,0.28108574786516
0.18814693417416126,19.081748844973898,0.1873965298498227,0.0956722760396635,0.2819962386683918
0.18814693417416126,19.432347879784725,0.18792855771358746,0.09648362548512061,0.28334719135605624
0.18814693417416126,19.782946914595552,0.18846074059807333,0.09629302152502978,0.2827490844245127
0.18814693417416126,20.133545949406383,0.1889930518731983,0.09614378336355749,0.2828625776144363
0.18814693417416126,20.48414498421721,0.18952544886106434,0.09695702752482278,0.28711601273234727
0.18814693417416126,20.834744019028037,0.19005789098761708,0.09175360529347498,0.28304419296741234
0.18814693417416126,21.185343053838867,0.19059035276489225,0.09389767205535032,0.28666972201565927
0.18814693417416126,21.535942088649698,0.19112282857567428,0.1002154681101496,0.29678044777846346
0.18814693417416126,21.886541123460525,0.19165532988393996,0.09846511753435369,0.29735374335697534
0.18814693417416126,22.23714015827135,0.19218787736843618,0.09790489016276581,0.29734167546550216
0.18814693417416126,22.587739193082182,0.19272049100223868,0.09872195601700737,0.2995130489924134
0.18814693417416126,22.93833822789301,0.19325318083363618,0.09599142680951918,0.29897596830775913
0.18814693417416126,23.288937262703836,0.19378594051391235,0.09780220768717215,0.3027152075959712
0.18814693417416126,23.639536297514667,0.19431874466549406,0.09036947093682626,0.2976363595671002
0.18814693417416126,23.990135332325494,0.194851550167956,0.09205825472025303,0.3006590556887077
0.18814693417416126,24.34073436713632,0.19538430056187614,0.09155989668575538,0.30136617883099737
0.18814693417416126,24.691333401947148,0.1959169322131348,0.09463341590802324,0.30493842557818307
0.18814693417416126,25.04193243675798,0.1964493807352175,0.09498931897535702,0.30553006456584986
0.18814693417416126,25.392531471568805,0.19698158640403207,0.09535466666613114,0.3077242122983618
0.18814693417416126,25.743130506379632,0.19751349778555413,0.09014812039742617,0.30410057303828947
0.18814693417416126,26.093729541190463,0.1980450733516847,0.090709564187955,0.304715181819384
0.18814693417416126,26.444328576001293,0.198576281321265,0.09152018275568606,0.30747443727712176
0.18814693417416126,26.79492761081212,0.19910709823302497,0.0931946811711972,0.309418861975712
0.18814693417416126,27.145526645622947,0.1996375068203071,0.09379419181644308,0.31144907518141185
0.18814693417416126,27.496125680433778,0.20016749366660475,0.09351930283551428,0.31470120120681877
0.18814693417416126,27.846724715244605,0.200697046957574,0.08598926762076031,0.3087349355641546
0.18814693417416126,28.197323750055432,0.20122615447835251,0.08645745072544193,0.3089525284836106
0.18814693417416126,28.54792278486626,0.20175480187124,0.08601960190097743,0.3093214464938754
0.18814693417416126,28.89852181967709,0.20228297107575652,0.08397506556138379,0.30971043971361467
0.18814693417416126,29.249120854487916,0.20281063881688438,0.08414810156401155,0.310305273327446
0.18814693417416126,29.599719889298743,0.20333777498741992,0.0844194983842339,0.3116084927955297
0.18814693417416126,29.950318924109574,0.2038643407924644,0.08430257609278141,0.3114770582337949
0.18814693417416126,30.3009179589204,0.20439028659178737,0.08525322989918817,0.31590226476375
0.18814693417416126,30.651516993731228,0.2049155494821454,0.08346207751426206,0.3168957237418783
0.18814693417416126,31.002116028542055,0.20544005078874025,0.08304543436453159,0.31837840874643414
0.18814693417416126,31.352715063352885,0.2059636937590053,0.08723800179682854,0.3236072239664775
0.18814693417416126,31.703314098163716,0.20648636184550087,0.08739903143750452,0.3238216416115004
0.18814693417416126,32.05391313297454,0.2070079179967512,0.08720677939980039,0.32402938468532816
0.18814693417416126,32.40451216778537,0.20752820531616267,0.0813941983793328,0.32423039944491105
0.18814693417416126,32.7551112025962,0.20804704928857318,0.08062584802318846,0.32442464850333136
0.18814693417416126,33.105710237407024,0.20856426153601557,0.08057120794429926,0.32461211449989125
0.18814693417416126,33.45630927221785,0.20907964481125427,0.0801584541242818,0.32499027576423534
0.18814693417416126,33.806908307028685,0.2095929987478063,0.07974404372627926,0.32544384232875995
0.18814693417416126,34.15750734183951,0.21010412581640314,0.07932733178306127,0.32579017384574405
0.18814693417416126,34.50810637665034,0.21061283699955483,0.07890765369261324,0.32637116737481625
0.18814693417416126,34.858705411461166,0.21111895684655704,0.0769630223179961,0.32722424142236495
0.18814693417416126,35.20930444627199,0.21162232774215553,0.07692771460007415,0.3282280047859132
0.24648330427363335,0.5,0.16723920646177007,0.05827970324039134,0.24728984759220304
0.24648330427363335,0.8505990348108282,0.16741516873824444,0.05918470805138887,0.24727740488004912
0.24648330427363335,1.2011980696216566,0.1676021971262909,0.06269579234503625,0.2501488468794307
0.24648330427363335,1.5517971044324848,0.16780029462861026,0.06429355921067091,0.24891838623382034
0.24648330427363335,1.9023961392433129,0.16800940887501986,0.06717321901663434,0.2519576341498955
0.24648330427363335,2.2529951740541407,0.1682294559376522,0.06981645370457465,0.25285285247978406
0.24648330427363335,2.6035942088649695,0.16846034007719812,0.07088522971472545,0.25247142097256114
0.24648330427363335,2.954193243675798,0.1687019655764343,0.07200873307920806,0.2527250297594655
0.24648330427363335,3.3047922784866257,0.16895424117304705,0.08003810630408417,0.25947474240999263
0.24648330427363335,3.655391313297454,0.16921708004331465,0.07965511326506117,0.2576887578669884
0.24648330427363335,4.005990348108282,0.1694903982827264,0.08027030132839026,0.2578219151222219
0.24648330427363335,4.35658938291911,0.16977411345274485,0.07262277090427718,0.24969011237659952
0.24648330427363335,4.707188417729939,0.17006814342423945,0.07365149943430424,0.24924722098851865
0.24648330427363335,5.057787452540768,0.17037240516013874,0.07527625720661105,0.2501827429248658
0.24648330427363335,5.408386487351596,0.17068681311815057,0.07660782706241032,0.24996800042226383
0.24648330427363335,5.758985522162424,0.1710112771607233,0.07674682885919641,0.2503666435308225
0.24648330427363335,6.109584556973252,0.17134569995486937,0.07700940014567285,0.2507909960186979
0.24648330427363335,6.46018359178408,0.17168997385799498,0.07604711896436712,0.2512409168260473
0.24648330427363335,6.810782626594908,0.17204397736177504,0.07839630924554017,0.2521587500407426
0.24648330427363335,7.161381661405737,0.1724075713794607,0.07782078064169663,0.25146697051438244
0.24648330427363335,7.511980696216565,0.1727805960023396,0.08021045669190208,0.2527379591312033
0.24648330427363335,7.8625797310273935,0.17316286869728068,0.08104550944207325,0.25515900891927384
0.24648330427363335,8.213178765838222,0.17355418493745375,0.0815412965170966,0.2556386642462619
0.24648330427363335,8.56377780064905,0.17395432156604504,0.08565797938887172,0.25937766699267956
0.24648330427363335,8.914376835459878,0.17436304187683443,0.08655470119783182,0.26012757411250303
0.24648330427363335,9.264975870270705,0.17478010029578414,0.08195079498134653,0.256116474656664
0.24648330427363335,9.615574905081534,0.1752052446557721,0.08354870677871906,0.2575127848747885
0.24648330427363335,9.96617393989236,0.17563821550527825,0.0831469889260996,0.2571107731065627
0.24648330427363335,10.316772974703191,0.17607874370676999,0.09202566453671655,0.26539734921997943
0.24648330427363335,10.667372009514018,0.17652654854258565,0.09406412147023421,0.26591742761833037
0.24648330427363335,11.017971044324847,0.17698133820441667,0.09442823100408992,0.26534716325139357
0.24648330427363335,11.368570079135674,0.17744281336302886,0.09438549346118516,0.26536891037066396
0.24648330427363335,11.719169113946503,0.17791067326315754,0.09329142497093107,0.26534061596200126
0.24648330427363335,12.069768148757332,0.17838462294186982,0.09356478440298158,0.2654955906901958
0.24648330427363335,12.420367183568159,0.17886437980140885,0.09382209750375357,0.265836146266646
0.24648330427363335,12.77096621837899,0.1793496777622477,0.09348171488476928,0.2661700020322689
0.24648330427363335,13.121565253189816,0.17984026749979792,0.09673686832879672,0.2689060252890064
0.24648330427363335,13.472164288000645,0.18033591186182063,0.0971516352400876,0.268237296334135
0.24648330427363335,13.822763322811472,0.18083637651192952,0.09654138723606535,0.26756273630316457
0.24648330427363335,14.1733623576223,0.18134141702092552,0.09588239886921468,0.26792754162303223
0.24648330427363335,14.523961392433128,0.18185076468881728,0.09509238884543812,0.2677507087008896
0.24648330427363335,14.874560427243956,0.18236411392081542,0.09458470786819531,0.26805084819907693
0.24648330427363335,15.225159462054787,0.18288111378729546,0.0939447157436669,0.2694021823001589
0.24648330427363335,15.575758496865614,0.18340136561868067,0.0993981082107627,0.27597108297806494
0.24648330427363335,15.926357531676443,0.18392442757512356,0.09578320954918482,0.27436553833664634
0.24648330427363335,16.276956566487268,0.1844498265482,0.09731317857916828,0.27728625979403065
0.24648330427363335,16.6275556012981,0.18497707756975032,0.099642350543749,0.2802425534125256
0.24648330427363335,16.978154636108926,0.185505710578531,0.10150657078351727,0.28235623186526526
0.24648330427363335,17.328753670919756,0.18603530294243664,0.1001056088464357,0.2813751226913842
0.24648330427363335,17.679352705730587,0.18656551284487727,0.10236911589073625,0.2838810750699822
0.24648330427363335,18.029951740541414,0.18709610433012713,0.10211517494357505,0.28408359498603747
0.24648330427363335,18.38055077535224,0.18762695272759863,0.10076395399586612,0.2833330973347044
0.24648330427363335,18.73114981016307,0.18815802362359557,0.10102088564463463,0.2852591477987576
0.24648330427363335,19.081748844973898,0.1886893300806984,0.09996356684792562,0.2849970910679057
0.24648330427363335,19.432347879784725,0.18922088465250955,0.10031732593025487,0.28906373249897493
0.24648330427363335,19.782946914595552,0.18975266534781257,0.09756959356341582,0.2880820031109801
0.24648330427363335,20.133545949406383,0.19028460572169215,0.10221946559962163,0.29409197278563953
0.24648330427363335,20.48414498421721,0.19081660627420313,0.1025576565731775,0.29686708875626905
0.24648330427363335,20.834744019028037,0.19134855640112816,0.10250352681785073,0.29760689330391277
0.24648330427363335,21.185343053838867,0.19188035587420768,0.10236028342726497,0.29833758454051373
0.24648330427363335,21.535942088649698,0.19241192904665527,0.10205576629123114,0.3009307515075339
0.24648330427363335,21.886541123460525,0.19294322971116176,0.09114359314678656,0.2913585641631973
0.24648330427363335,22.23714015827135,0.19347423781027157,0.09990789696454089,0.3007348152643454
0.24648330427363335,22.587739193082182,0.19400495080217572,0.100241689166115,0.3027908473875227
0.24648330427363335,22.93833822789301,0.19453537287276712,0.10037372132462952,0.30331199057832686
0.24648330427363335,23.288937262703836,0.19506550482670737,0.09987930721466624,0.3047613921026878
0.24648330427363335,23.639536297514667,0.19559533671157783,0.08485931911649969,0.29409064160626963
0.24648330427363335,23.990135332325494,0.19612484425193827,0.09109554268289817,0.30060495438406903
0.24648330427363335,24.34073436713632,0.19665398917657406,0.09051382730421265,0.3002480553772963
0.24648330427363335,24.691333401947148,0.19718272268330642,0.09117996822224003,0.3027730453360243
0.24648330427363335,25.04193243675798,0.19771099074807033,0.090988143804656,0.3044391240229268
0.24648330427363335,25.392531471568805,0.1982387398312098,0.09387229795649049,0.3087385308224147
0.24648330427363335,25.743130506379632,0.19876592174652546,0.09458948696064039,0.311370082657415
0.24648330427363335,26.093729541190463,0.19929249691786008,0.09050964217440846,0.3093742524384061
0.24648330427363335,26.444328576001293,0.199818435776248,0.09005241648026413,0.3099140867758203
0.24648330427363335,26.79492761081212,0.2003437184835093,0.08658149004388355,0.3095134309363989
0.24648330427363335,27.145526645622947,0.20086833341394314,0.09579226342121824,0.3207794311865236
0.24648330427363335,27.496125680433778,0.20139227488133687,0.08556457679154893,0.3116476471701287
0.24648330427363335,27.846724715244605,0.2019155405210065,0.09750848680246757,0.32451450508101864
0.24648330427363335,28.197323750055432,0.20243812859874136,0.08481942027533945,0.3129614524873671
0.24648330427363335,28.54792278486626,0.20296003537657684,0.08448810853603496,0.31379642825942977
0.24648330427363335,28.89852181967709,0.20348125255068908,0.09665657256354865,0.32754655610773553
0.24648330427363335,29.249120854487916,0.20400176470487782,0.08655853089366337,0.3184915752748485
0.24648330427363335,29.599719889298743,0.20452154670565423,0.08445911587067854,0.3144177246563068
0.24648330427363335,29.950318924109574,0.20504056101197798,0.08483182939198462,0.3166366504455244
0.24648330427363335,30.3009179589204,0.20555875498254927,0.08160704868502289,0.31572863873714335
0.24648330427363335,30.651516993731228,0.20607605841003193,0.08154381610795502,0.31703718334532077
0.24648330427363335,31.002116028542055,0.20659238164343002,0.08148033035736793,0.31833738423763785
0.24648330427363335,31.352715063352885,0.20710761471756547,0.08661411040047262,0.32491138739967634
0.24648330427363335,31.703314098163716,0.20762162784971466,0.09069095982103645,0.3325188696764995
0.24648330427363335,32.05391313297454,0.20813427348342547,0.07928622853585389,0.3221554378732261
0.24648330427363335,32.40451216778537,0.20864538979974845,0.09029806441346758,0.33342906831233093
0.24648330427363335,32.7551112025962,0.2091548053539401,0.08116504321908088,0.32489858358751766
0.24648330427363335,33.105710237407024,0.20966234431612835,0.09113257617052972,0.3341552531335264
0.24648330427363335,33.45630927221785,0.21016783175321563,0.09220489434135971,0.335112847183381
0.24648330427363335,33.806908307028685,0.2106710984868697,0.09246168613139964,0.3361594354479561
0.24648330427363335,34.15750734183951,0.2111719852459827,0.0919944251683868,0.33716215539363736
0.24648330427363335,34.50810637665034,0.21167034602486146,0.09152885487757353,0.33812266948767883
0.24648330427363335,34.858705411461166,0.21216605069811917,0.09106500444843421,0.3417563329790331
0.24648330427363335,35.20930444627199,0.21265898700413413,0.08498529943219064,0.3359590916120115
0.30481967437310475,0.5,0.16898670002332944,0.06545924884573366,0.25453257879842134
0.30481967437310475,0.8505990348108282,0.1691529343780565,0.07607012673989005,0.2645916946289247
0.30481967437310475,1.2011980696216566,0.16933011687985622,0.0767372839136802,0.2644999947014348
0.30481967437310475,1.5517971044324848,0.1695183379165168,0.07429622743076701,0.2606146104469204
0.30481967437310475,1.9023961392433129,0.16971761533471355,0.07588035429944695,0.2603282567555742
0.30481967437310475,2.2529951740541407,0.16992791660208106,0.07730585865150207,0.2600388053682788
0.30481967437310475,2.6035942088649695,0.170149182836597,0.07880286473083897,0.2597458894807551
0.30481967437310475,2.954193243675798,0.17038134618119008,0.08003595284999133,0.25944916185462946
0.30481967437310475,3.3047922784866257,0.17062433703479926,0.07999573755284013,0.25914829669009143
0.30481967437310475,3.655391313297454,0.1708780830907973,0.0708836839418176,0.25061747256862915
0.30481967437310475,4.005990348108282,0.17114250487097218,0.07190682861467429,0.25039069477143994
0.30481967437310475,4.35658938291911,0.17141751184050508,0.07293173846291513,0.2503785723328421
0.30481967437310475,4.707188417729939,0.17170300088346796,0.07396124965910897,0.25063862481127297
0.30481967437310475,5.057787452540768,0.1719988569115889,0.0749987320964154,0.25089958279558583
0.30481967437310475,5.408386487351596,0.17230495453795774,0.07604804133523435,0.25204719490062466
0.30481967437310475,5.758985522162424,0.1726211597774515,0.07885904891451921,0.2560520078821156
0.30481967437310475,6.109584556973252,0.17294733102764645,0.07775585037538944,0.25417822739395085
0.30481967437310475,6.46018359178408,0.17328331884775514,0.07595097399657656,0.2519453402841138
0.30481967437310475,6.810782626594908,0.17362896433707936,0.08498739177500184,0.26089142461744824
0.30481967437310475,7.161381661405737,0.17398409634462075,0.08490943604067315,0.25890810009690596
0.30481967437310475,7.511980696216565,0.174348528343793,0.08476419009329417,0.2581765018928713
0.30481967437310475,7.8625797310273935,0.17472205639167124,0.08727392250645305,0.25943627552486614
0.30481967437310475,8.213178765838222,0.17510445969490943,0.08544300548663225,0.2590762529133291
0.30481967437310475,8.56377780064905,0.1754955044623888,0.09244244864349188,0.2662566230247264
0.30481967437310475,8.914376835459878,0.17589495009163564,0.0848242524992237,0.2592097824046459
0.30481967437310475,9.264975870270705,0.17630255530395125,0.08521809831672655,0.2593635423778524
0.30481967437310475,9.615574905081534,0.17671808172721193,0.09024901004615113,0.2643066103504889
0.30481967437310475,9.96617393989236,0.17714129381351312,0.09301045618553051,0.2656528747195734
0.30481967437310475,10.316772974703191,0.1775719559123129,0.09458607973797177,0.2666341671898238
0.30481967437310475,10.667372009514018,0.17800982855983702,0.09489613231125824,0.26550369854702843
0.30481967437310475,11.017971044324847,0.17845466606287672,0.09516716411477791,0.2654657607120493
0.30481967437310475,11.368570079135674,0.17890621659383996,0.09464406258083877,0.2655264797801063
0.30481967437310475,11.719169113946503,0.1793642249393324,0.09987188375347986,0.27173013841305316
0.30481967437310475,12.069768148757332,0.1798284372046907,0.096944394577451,0.2686165677599835
0.30481967437310475,12.420367183568159,0.18029860627210806,0.09880668499382843,0.27047976838219706
0.30481967437310475,12.77096621837899,0.18077449655068759,0.09940756995397565,0.27064026932278185
0.30481967437310475,13.121565253189816,0.18125588647138105,0.09950797422395832,0.2721382664459981
0.30481967437310475,13.472164288000645,0.18174256733182903,0.10063419696198486,0.27392234707770197
0.30481967437310475,13.822763322811472,0.1822343376351767,0.1008373046594825,0.27513122592037675
0.30481967437310475,14.1733623576223,0.1827309930344107,0.10188472532339943,0.27665284114846567
0.30481967437310475,14.523961392433128,0.18323231316611183,0.1015802089653735,0.2774031866930886
0.30481967437310475,14.874560427243956,0.18373804761712362,0.09370220188170776,0.2704546752131837
0.30481967437310475,15.225159462054787,0.18424790365789565,0.10024840550550021,0.2788093839924956
0.30481967437310475,15.575758496865614,0.18476153812310409,0.10324129334844788,0.2819385755844152
0.30481967437310475,15.926357531676443,0.1852785551730125,0.10504965570001204,0.2843200845130412
0.30481967437310475,16.276956566487268,0.1857985110441015,0.1056802962820422,0.28641946895660725
0.30481967437310475,16.6275556012981,0.18632092657528634,0.10321761990535368,0.28462941859154506
0.30481967437310475,16.978154636108926,0.18684530811132458,0.1006014497169267,0.28292523258022
0.30481967437310475,17.328753670919756,0.18737117661842703,0.10050284834443426,0.28337559467207046
0.30481967437310475,17.679352705730587,0.1878981025329618,0.10013957426049397,0.2842278520057769
0.30481967437310475,18.029951740541414,0.18842573970345447,0.10082365824045572,0.286214169866687
0.30481967437310475,18.38055077535224,0.18895384749230312,0.09911717632373862,0.28585858943989195
0.30481967437310475,18.73114981016307,0.1894822898053302,0.09794986177093608,0.28562677652203744
0.30481967437310475,19.081748844973898,0.19001100724486236,0.09815132816595298,0.28739022905994643
0.30481967437310475,19.432347879784725,0.1905399716940118,0.09860563630854159,0.2905897752814917
0.30481967437310475,19.782946914595552,0.19106914237720943,0.098793837359954,0.2924378171628272
0.30481967437310475,20.133545949406383,0.1915984406235275,0.09899374654538282,0.2942631357057507
0.30481967437310475,20.48414498421721,0.1921277488904983,0.09920947095983372,0.29606353964406934
0.30481967437310475,20.834744019028037,0.1926569275977905,0.0925832281193387,0.2909635238548046
0.30481967437310475,21.185343053838867,0.19318583821644625,0.09428635815722597,0.29501598377391886
0.30481967437310475,21.535942088649698,0.19371436285122035,0.0840464458515345,0.28515610629073046
0.30481967437310475,21.886541123460525,0.19424241526416752,0.08591333443891623,0.28827680248523274
0.30481967437310475,22.23714015827135,0.19476994259917932,0.08969500890175612,0.2933016442885538
0.30481967437310475,22.587739193082182,0.1952969197427945,0.09029392118631215,0.2943497220294938
0.30481967437310475,22.93833822789301,0.1958233393739068,0.08897643348245801,0.2953584629221274
0.30481967437310475,23.288937262703836,0.1963492007990184,0.08937182910968013,0.29632700038667703
0.30481967437310475,23.639536297514667,0.19687450010976446,0.08862516027595341,0.29725461177192414
0.30481967437310475,23.990135332325494,0.19739922336669724,0.08914760273711013,0.29842324381573426
0.30481967437310475,24.34073436713632,0.19792334360099756,0.0896716443651806,0.29968968828912085
0.30481967437310475,24.691333401947148,0.1984468215508044,0.09243201232944931,0.30393803532262664
0.30481967437310475,25.04193243675798,0.19896960932085456,0.09072689322097306,0.30479785807225046
0.30481967437310475,25.392531471568805,0.19949165569333047,0.09053554810195144,0.3056935914653121
0.30481967437310475,25.743130506379632,0.20001291170921714,0.09032628836322033,0.3079064691191464
0.30481967437310475,26.093729541190463,0.20053333537107,0.0863158664182977,0.3065794290779602
0.30481967437310475,26.444328576001293,0.20105289476660596,0.08975468591717752,0.3113283908774601
0.30481967437310475,26.79492761081212,0.2015715693970838,0.08675609677870394,0.30908536267901865
0.30481967437310475,27.145526645622947,0.20208934986113028,0.08638482463140583,0.3104788470188673
0.30481967437310475,27.496125680433778,0.20260623622500107,0.0871436902208037,0.31263465246917616
0.30481967437310475,27.846724715244605,0.20312223542551774,0.08652814811171175,0.3135237588984785
0.30481967437310475,28.197323750055432,0.2036373579765715,0.08622392248788675,0.3157768383906257
0.30481967437310475,28.54792278486626,0.20415161416506802,0.0861651525984665,0.31805336440171306
0.30481967437310475,28.89852181967709,0.20466500988188832,0.09527058902089332,0.32900153920134634
0.30481967437310475,29.249120854487916,0.20517754225541587,0.0820307999522435,0.3157011116621506
0.30481967437310475,29.599719889298743,0.20568919532813615,0.08404300607871096,0.3185252309450123
0.30481967437310475,29.950318924109574,0.20619993611336895,0.08795724519882575,0.3246164263997467
0.30481967437310475,30.3009179589204,0.20670971145223663,0.0852791190315031,0.3230877573869188
0.30481967437310475,30.651516993731228,0.20721844611597687,0.09497597436972842,0.3318121954708066
0.30481967437310475,31.002116028542055,0.20772604252403,0.0948447608171357,0.33388853002843366
0.30481967437310475,31.352715063352885,0.20823238225782667,0.08561255316533954,0.3245063777416131
0.30481967437310475,31.703314098163716,0.2087373292743363,0.08521976352351562,0.32478082494971056
0.30481967437310475,32.05391313297454,0.20924073443837726,0.08548203868613699,0.3261084882820512
0.30481967437310475,32.40451216778537,0.20974244079049814,0.08540840427254709,0.32719836970778615
0.30481967437310475,32.7551112025962,0.21024228891182695,0.08966570386336056,0.33267545732835124
0.30481967437310475,33.105710237407024,0.21074012184317142,0.0900071326740156,0.3327878109496519
0.30481967437310475,33.45630927221785,0.21123578920933567,0.09093799934211748,0.3328716227947486
0.30481967437310475,33.806908307028685,0.21172915041235016,0.0912751492722778,0.3330041249139439
0.30481967437310475,34.15750734183951,0.21222007692687983,0.09147136180027059,0.3363745281227684
0.30481967437310475,34.50810637665034,0.2127084538350682,0.09037187576547417,0.3366935210710969
0.30481967437310475,34.858705411461166,0.21319418078691366,0.08997681379382481,0.33700227234264296
0.30481967437310475,35.20930444627199,0.21367717258404917,0.0896216836068162,0.33913373396196705
0.3631560444725762,0.5,0.17086664428099527,0.08524848736311352,0.2752913086338147
0.3631560444725762,0.8505990348108282,0.1710229069306553,0.07458043434587656,0.26278623700591447
0.3631560444725762,1.2011980696216566,0.1711898500126794,0.0739690790220431,0.26062713264010645
0.3631560444725762,1.5517971044324848,0.17136763760658844,0.07722635174032569,0.26321321479081067
0.3631560444725762,1.9023961392433129,0.17155635600433805,0.07689201763714058,0.2611766023962848
0.3631560444725762,2.2529951740541407,0.1717560257131636,0.0784143468619026,0.2618439598073071
0.3631560444725762,2.6035942088649695,0.17196662274478203,0.07934365093283754,0.2611718198397152
0.3631560444725762,2.954193243675798,0.17218810039721438,0.0829999329962274,0.2652431941213943
0.3631560444725762,3.3047922784866257,0.17242040425763375,0.08307818518488566,0.26447914820370777
0.3631560444725762,3.655391313297454,0.17266347759900252,0.07790528978364909,0.2584982944055863
0.3631560444725762,4.005990348108282,0.17291725913271735,0.07901740158521067,0.2581826581444965
0.3631560444725762,4.35658938291911,0.17318167753782412,0.07968621786141335,0.2582673235727125
0.3631560444725762,4.707188417729939,0.17345664660866425,0.0809697932614348,0.2586724858408648
0.3631560444725762,5.057787452540768,0.1737420626799947,0.08212000815030354,0.25792601426894796
0.3631560444725762,5.408386487351596,0.17403780411245914,0.08167831732018112,0.25757151937321554
0.3631560444725762,5.758985522162424,0.17434373190285735,0.08053851867200691,0.25756564276031935
0.3631560444725762,6.109584556973252,0.17465969061121775,0.08530289807264452,0.262986994250012
0.3631560444725762,6.46018359178408,0.17498550912928557,0.0800342570465785,0.25694351204381394
0.3631560444725762,6.810782626594908,0.17532100103939963,0.08496008376272188,0.2616431406546812
0.3631560444725762,7.161381661405737,0.17566596452028618,0.08656827849248555,0.2622071275058664
0.3631560444725762,7.511980696216565,0.1760201821634342,0.08824029417985749,0.26278267276869843
0.3631560444725762,7.8625797310273935,0.1763834216311227,0.09164550709430079,0.26714595286062903
0.3631560444725762,8.213178765838222,0.17675543832895785,0.09470220328685046,0.2700077673260474
0.3631560444725762,8.56377780064905,0.17713598060907154,0.09258348749469511,0.2672182211573171
0.3631560444725762,8.914376835459878,0.1775247965494444,0.09541434699469244,0.2693629197404289
0.3631560444725762,9.264975870270705,0.17792164005535463,0.09473526659251481,0.26729601342696024
0.3631560444725762,9.615574905081534,0.1783262739982351,0.09490165114349106,0.2676492950043924
0.3631560444725762,9.96617393989236,0.17873846948668692,0.09562918075971734,0.2688308422388371
0.3631560444725762,10.316772974703191,0.17915800219510863,0.09675558315897491,0.2703260783147677
0.3631560444725762,10.667372009514018,0.1795846478024512,0.10036751812700145,0.27345809438995367
0.3631560444725762,11.017971044324847,0.18001817858332073,0.1013753443406733,0.2743792555691838
0.3631560444725762,11.368570079135674,0.1804583624113488,0.10185670460878996,0.274800838964361
0.3631560444725762,11.719169113946503,0.18090496448877888,0.10174506317987925,0.2743945167747364
0.3631560444725762,12.069768148757332,0.18135775137907384,0.09784653813438136,0.27108367970174385
0.3631560444725762,12.420367183568159,0.181816496445632,0.09736938908959336,0.27046665123964075
0.3631560444725762,12.77096621837899,0.18228098548131297,0.09811016545149101,0.27120677454794195
0.3631560444725762,13.121565253189816,0.18275102106011065,0.09821050162973911,0.2713598447728946
0.3631560444725762,13.472164288000645,0.18322642400647288,0.09829259995758224,0.2715127455423522
0.3631560444725762,13.822763322811472,0.18370703056328508,0.09816861885936451,0.272653608624992
0.3631560444725762,14.1733623576223,0.18419268453214843,0.09792427526301059,0.27397309067968356
0.3631560444725762,14.523961392433128,0.18468322478911825,0.09845310283934436,0.2752251935877687
0.3631560444725762,14.874560427243956,0.18517846977812374,0.09528817847209547,0.2728802581700315
0.3631560444725762,15.225159462054787,0.18567820142056415,0.09851398659545306,0.27754459289814476
0.3631560444725762,15.575758496865614,0.18618215112664824,0.09506306891456848,0.27476732258496334
0.3631560444725762,15.926357531676443,0.18668999032316574,0.0944549634506069,0.2748323822333147
0.3631560444725762,16.276956566487268,0.18720132741088355,0.0938903128310839,0.27565508733514477
0.3631560444725762,16.6275556012981,0.18771571264670425,0.0939772912145506,0.27729949700301765
0.3631560444725762,16.978154636108926,0.18823265219271074,0.0954627573085906,0.2789639612435658
0.3631560444725762,17.328753670919756,0.18875163211382331,0.09669068094559095,0.2807218611817841
0.3631560444725762,17.679352705730587,0.1892721516191046,0.09789896190674552,0.283174414245878
0.3631560444725762,18.029951740541414,0.18979376153601,0.09867519855557015,0.2844684920912049
0.3631560444725762,18.38055077535224,0.19031609922771775,0.10128483941876552,0.28880857193565007
0.3631560444725762,18.73114981016307,0.1908389076442658,0.10269671428946325,0.2913042146855056
0.3631560444725762,19.081748844973898,0.19136202849626008,0.09819075047955196,0.29063309696426987
0.3631560444725762,19.432347879784725,0.19188536982806265,0.09926060899686232,0.2929040072807251
0.3631560444725762,19.782946914595552,0.19240886149104783,0.0994133062403957,0.29515061275261817
0.3631560444725762,20.133545949406383,0.19293241812513726,0.08906023075226205,0.28622961491952864
0.3631560444725762,20.48414498421721,0.19345592317525567,0.09036465573157898,0.287401356545112
0.3631560444725762,20.834744019028037,0.1939792347367163,0.09040559091315507,0.2908534787099618
0.3631560444725762,21.185343053838867,0.1945022043200482,0.08157213921920102,0.2823707734383629
0.3631560444725762,21.535942088649698,0.19502469744323866,0.08139481106791324,0.28333374715196047
0.3631560444725762,21.886541123460525,0.19554660824901512,0.08099703680054274,0.2843245645046182
0.3631560444725762,22.23714015827135,0.19606786510659477,0.08059890001917308,0.28551436654653306
0.3631560444725762,22.587739193082182,0.19658842788224315,0.08144207922302021,0.28728128904632116
0.3631560444725762,22.93833822789301,0.19710827956279414,0.09077784220059669,0.29718246506761103
0.3631560444725762,23.288937262703836,0.19762741544838294,0.09092057721041334,0.29767022265054016
0.3631560444725762,23.639536297514667,0.19814583273468286,0.09563708703273131,0.30398445045310757
0.3631560444725762,23.990135332325494,0.19866352248537889,0.0959815914616503,0.3045577657275461
0.3631560444725762,24.34073436713632,0.19918046508398735,0.0957584171234782,0.3081747100626715
0.3631560444725762,24.691333401947148,0.19969662940367197,0.09091084955563129,0.30379920925953185
0.3631560444725762,25.04193243675798,0.20021197520751063,0.09070899762856555,0.3060716543019814
0.3631560444725762,25.392531471568805,0.2007264577519831,0.08611971488977473,0.3042147966590858
0.3631560444725762,25.743130506379632,0.20124003329123977,0.08709282398399208,0.3076004600210119
0.3631560444725762,26.093729541190463,0.20175266421256635,0.08654356956682567,0.3072156864081613
0.3631560444725762,26.444328576001293,0.20226432283217802,0.08797573952342336,0.30977175727258394
0.3631560444725762,26.79492761081212,0.20277499332009294,0.08699885985386598,0.3107004862817007
0.3631560444725762,27.145526645622947,0.20328467165292943,0.08912318261224353,0.31460791386991194
0.3631560444725762,27.496125680433778,0.20379336380541235,0.08903681527179466,0.3159748620086312
0.3631560444725762,27.846724715244605,0.2043010825529925,0.08774907225719798,0.3175451973690506
0.3631560444725762,28.197323750055432,0.20480784330403276,0.08755595953888615,0.31982919874423166
0.3631560444725762,28.54792278486626,0.20531365937416865,0.07376720792519889,0.30713484764733456
0.3631560444725762,28.89852181967709,0.2058185371091203,0.07436319639977115,0.3089867962512297
0.3631560444725762,29.249120854487916,0.20632247127110417,0.0766027493713294,0.31265057038631194
0.3631560444725762,29.599719889298743,0.20682544110987355,0.07643963080966017,0.3133847508856386
0.3631560444725762,29.950318924109574,0.20732740750962325,0.08590776319181637,0.32391010183820357
0.3631560444725762,30.3009179589204,0.20782831151206987,0.0858923073797189,0.3242609948295328
0.3631560444725762,30.651516993731228,0.20832807435969236,0.08432341258744933,0.3246015767867657
0.3631560444725762,31.002116028542055,0.20882659900322537,0.08502028571511662,0.325744787048885
0.3631560444725762,31.352715063352885,0.209323772818296,0.0857204970629954,0.3270029149363882
0.3631560444725762,31.703314098163716,0.2098194711301189,0.08642400406490497,0.32824538594743713
0.3631560444725762,32.05391313297454,0.21031356109077834,0.08648155279840285,0.3294691826570064
0.3631560444725762,32.40451216778537,0.2108059054960745,0.08640836094084746,0.33067143831859913
0.3631560444725762,32.7551112025962,0.21129636623900216,0.08573424202836206,0.33060934970792444
0.3631560444725762,33.105710237407024,0.21178480722990678,0.08536117813994357,0.3305407952164553
0.3631560444725762,33.45630927221785,0.21227109673453984,0.08498776109406937,0.3304545315865054
0.3631560444725762,33.806908307028685,0.21275510917983145,0.08461337803840828,0.33082629118885765
0.3631560444725762,34.15750734183951,0.2132367265592064,0.08423737726238653,0.3314060571377438
0.3631560444725762,34.50810637665034,0.21371583963732466,0.08924248139625775,0.3372978639303885
0.3631560444725762,34.858705411461166,0.2141923491925816,0.08821288117500589,0.3371141222613143
0.3631560444725762,35.20930444627199,0.21466616751557718,0.08813996133106587,0.3371914908628155
0.4214924145720483,0.5,0.17288483229772214,0.06612144385569928,0.25716850877198244
0.4214924145720483,0.8505990348108282,0.17303120260121962,0.07894149190448553,0.2671606734785665
0.4214924145720483,1.2011980696216566,0.1731877904982979,0.07594434805069832,0.2618341222874253
0.4214924145720483,1.5517971044324848,0.17335482633355437,0.07686976195975495,0.2624042703143509
0.4214924145720483,1.9023961392433129,0.17353247327549817,0.0822599040954763,0.2673926893871003
0.4214924145720483,2.2529951740541407,0.17372082478962125,0.07840162438362054,0.2624635824480593
0.4214924145720483,2.6035942088649695,0.17391991548757554,0.07836666355264324,0.26153590712379954
0.4214924145720483,2.954193243675798,0.1741297392565943,0.07812147903495958,0.26002408603737975
0.4214924145720483,3.3047922784866257,0.17435026770825454,0.07787333215118383,0.25902261944118704
0.4214924145720483,3.655391313297454,0.17458146318462284,0.08167057519949901,0.2616289201252733
0.4214924145720483,4.005990348108282,0.1748232836855919,0.08237719331152454,0.26130856332361063
0.4214924145720483,4.35658938291911,0.1750756807692009,0.08306849129436765,0.261237550007259
0.4214924145720483,4.707188417729939,0.17533859380246303,0.0829571273430026,0.2605650654469402
0.4214924145720483,5.057787452540768,0.17561194401325267,0.08386568604294609,0.26108070096979863
0.4214924145720483,5.408386487351596,0.1758956303412599,0.08339166079184651,0.26106279803566756
0.4214924145720483,5.758985522162424,0.17618952750457895,0.08812261525368548,0.26490105015907967
0.4214924145720483,6.109584556973252,0.17649348581854163,0.08932085908454777,0.2650333972173954
0.4214924145720483,6.46018359178408,0.17680733208252036,0.09055691766113663,0.2655905317338162
0.4214924145720483,6.810782626594908,0.17713087092098162,0.090031480203108,0.2662945467666709
0.4214924145720483,7.161381661405737,0.17746388620111822,0.08931727103854589,0.2670093911666535
0.4214924145720483,7.511980696216565,0.1778061426693287,0.09088075101240237,0.2687211791584083
0.4214924145720483,7.8625797310273935,0.17815738864990294,0.09081527630550106,0.26828375418965494
0.4214924145720483,8.213178765838222,0.17851736093038073,0.09096620561728042,0.26874632218911604
0.4214924145720483,8.56377780064905,0.17888579218489312,0.09503568847910776,0.27175860469106666
0.4214924145720483,8.914376835459878,0.17926241964339976,0.09693792976920534,0.27185662060912885
0.4214924145720483,9.264975870270705,0.17964699236529866,0.09747593530779959,0.2721206688722701
0.4214924145720483,9.615574905081534,0.18003927459075916,0.09767078857765887,0.2720337359026982
0.4214924145720483,9.96617393989236,0.1804390442636757,0.09688344426041641,0.2721149209426573
0.4214924145720483,10.316772974703191,0.1808460878391387,0.10010862268427341,0.2754474420464974
0.4214924145720483,10.667372009514018,0.1812601936996215,0.09985134721408936,0.27520086291358703
0.4214924145720483,11.017971044324847,0.1816811465141528,0.10029192466329748,0.275287328205147
0.4214924145720483,11.368570079135674,0.18210872408866488,0.10075132655414322,0.2751977829967051
0.4214924145720483,11.719169113946503,0.18254269729271186,0.10064860003868738,0.27517102098293955
0.4214924145720483,12.069768148757332,0.18298283289429867,0.10040374338373485,0.2751657261951784
0.4214924145720483,12.420367183568159,0.18342889866442788,0.09997542931329359,0.27516320629427016
0.4214924145720483,12.77096621837899,0.18388066980506687,0.09922952209555932,0.2748756750065837
0.4214924145720483,13.121565253189816,0.18433793545247507,0.09935427621400456,0.2755297747699003
0.4214924145720483,13.472164288000645,0.1848005036804761,0.093224007676046,0.2705671384756607
0.4214924145720483,13.822763322811472,0.18526820325772397,0.09463801679396373,0.27295319782802907
0.4214924145720483,14.1733623576223,0.18574088069210692,0.09510792735604076,0.2735209338326389
0.4214924145720483,14.523961392433128,0.18621839194922374,0.095601574542091,0.27477940475212065
0.4214924145720483,14.874560427243956,0.18670058943903478,0.09674188976138923,0.27669078943784275
0.4214924145720483,15.225159462054787,0.18718730599631128,0.09653375911753313,0.2769644411752744
0.4214924145720483,15.575758496865614,0.1876783382942752,0.09596678965422054,0.2773215899400686
0.4214924145720483,15.926357531676443,0.1881734323283587,0.09516576971640972,0.2783606178210913
0.4214924145720483,16.276956566487268,0.18867227341196655,0.09334854795203151,0.27778509794570544
0.4214924145720483,16.6275556012981,0.1891744827880559,0.09397279853079639,0.278610141212627
0.4214924145720483,16.978154636108926,0.1896796226880595,0.09630993294372199,0.2815909436829821
0.4214924145720483,17.328753670919756,0.19018721138950195,0.0961835464776019,0.28272055822543507
0.4214924145720483,17.679352705730587,0.19069674899985187,0.09584874563471756,0.28407718933429854
0.4214924145720483,18.029951740541414,0.19120775245717764,0.09426202293211854,0.28417633429625355
0.4214924145720483,18.38055077535224,0.19171979409323792,0.09497766434458967,0.28655408190244985
0.4214924145720483,18.73114981016307,0.1922325332308278,0.09416024978825711,0.28639037616036944
0.4214924145720483,19.081748844973898,0.19274572836917764,0.09461830660007024,0.2886757363901286
0.4214924145720483,19.432347879784725,0.19325922281015653,0.0909429986633735,0.2868846277889348
0.4214924145720483,19.782946914595552,0.1937729087964451,0.09259666425752092,0.29115779008344583
0.4214924145720483,20.133545949406383,0.19428668667329696,0.09012236775759093,0.28907385334842156
0.4214924145720483,20.48414498421721,0.19480043707172082,0.09047444087224099,0.2903078566619418
0.4214924145720483,20.834744019028037,0.19531401473657592,0.09038797568128402,0.2915692961448274
0.4214924145720483,21.185343053838867,0.19582726052733332,0.0930995419725323,0.2954512115563852
0.4214924145720483,21.535942088649698,0.19634002146095705,0.09475987419071524,0.2990267828643622
0.4214924145720483,21.886541123460525,0.19685216902315972,0.09975118382571337,0.30519515954100723
0.4214924145720483,22.23714015827135,0.19736361008216194,0.10022399255289313,0.306489226670427
0.4214924145720483,22.587739193082182,0.1978742890862231,0.10029529081362178,0.30805627949525605
0.4214924145720483,22.93833822789301,0.1983841831207704,0.10134768356445505,0.3104254684074508
0.4214924145720483,23.288937262703836,0.1988932926361884,0.09517185909328969,0.30485689308629477
0.4214924145720483,23.639536297514667,0.1994016306916527,0.09365038380514625,0.3049514458732436
0.4214924145720483,23.990135332325494,0.19990921298493533,0.09346417752233482,0.30518378416378694
0.4214924145720483,24.34073436713632,0.20041605019499484,0.09327672680153386,0.3062021193280278
0.4214924145720483,24.691333401947148,0.20092214345411666,0.0930876741102197,0.30784254482020246
0.4214924145720483,25.04193243675798,0.20142748312017025,0.09084099315849485,0.30830954946763456
0.4214924145720483,25.392531471568805,0.20193205043412552,0.09065098579404542,0.3094203400432848
0.4214924145720483,25.743130506379632,0.2024358211708031,0.10477582365245122,0.32679019130460196
0.4214924145720483,26.093729541190463,0.20293877011073544,0.10412318121718372,0.3271952417758945
0.4214924145720483,26.444328576001293,0.2034408751443039,0.1038207378170606,0.3286335591573653
0.4214924145720483,26.79492761081212,0.20394212005703252,0.10543403029860257,0.33134957665099923
0.4214924145720483,27.145526645622947,0.20444249544994395,0.10609572193885553,0.3329484012285901
0.4214924145720483,27.496125680433778,0.20494199769761215,0.10676123550538219,0.3345807858209794
0.4214924145720483,27.846724715244605,0.20544062623154746,0.10743031213460466,0.3381979530665637
0.4214924145720483,28.197323750055432,0.20593837969797618,0.10810270489664403,0.3415726967675295
0.4214924145720483,28.54792278486626,0.20643525166362148,0.10796996062905657,0.3419064352126519
0.4214924145720483,28.89852181967709,0.20693122654297164,0.07445630763019638,0.30923325063085055
0.4214924145720483,29.249120854487916,0.20742627631482477,0.07492243611542454,0.31092324999239457
0.4214924145720483,29.599719889298743,0.20792035840761142,0.08611583196800364,0.32434510774975167
0.4214924145720483,29.950318924109574,0.20841341489680712,0.08606687965498881,0.3251703896989832
0.4214924145720483,30.3009179589204,0.2089053729229927,0.08602120125573882,0.32692712338520946
0.4214924145720483,30.651516993731228,0.20939614605846582,0.08597792981053076,0.32876317452368564
0.4214924145720483,31.002116028542055,0.20988563625988338,0.08593619909043677,0.32894457831784174
0.4214924145720483,31.352715063352885,0.2103737360499498,0.084933206079091,0.3285234495341914
0.4214924145720483,31.703314098163716,0.2108603306493217,0.08494975373358685,0.32837221083327245
0.4214924145720483,32.05391313297454,0.21134529989274453,0.08581142655650634,0.3298348998008819
0.4214924145720483,32.40451216778537,0.2118285198765838,0.08576692721230075,0.3304811428284713
0.4214924145720483,32.7551112025962,0.21230986437978672,0.0857193750093858,0.33139034310304627
0.4214924145720483,33.105710237407024,0.21278920617521968,0.08504128829692391,0.3316503978600177
0.4214924145720483,33.45630927221785,0.21326641840834798,0.08507024475814615,0.3321763048580075
0.4214924145720483,33.806908307028685,0.213741376262404,0.08524326998189743,0.33444396197757226
0.4214924145720483,34.15750734183951,0.21421395913334407,0.09107413016993927,0.3408360194031863
0.4214924145720483,34.50810637665034,0.21468405347239128,0.08463916361659676,0.3361983581500241
0.4214924145720483,34.858705411461166,0.2151515562971229,0.08520804178290263,0.3375899875770938
0.4214924145720483,35.20930444627199,0.21561637913912288,0.09417266578958901,0.3463116126782298
0.4798287846715197,0.5,0.17503757709035592,0.06905389972305076,0.25641014710431265
0.4798287846715197,0.8505990348108282,0.17517466328419004,0.0692646123967753,0.25559653681683336
0.4798287846715197,1.2011980696216566,0.17532136871890755,0.0697933191570797,0.2553628015005627
0.4798287846715197,1.5517971044324848,0.17547798255614905,0.06996386021357368,0.2542817316358203
0.4798287846715197,1.9023961392433129,0.17564474525244114,0.07049224810535619,0.2557096641488972
0.4798287846715197,2.2529951740541407,0.17582182978051772,0.07429224483846192,0.2593661416589224
0.4798287846715197,2.6035942088649695,0.17600933999497767,0.08596119343451113,0.27014483463006944
0.4798287846715197,2.954193243675798,0.1762073213331205,0.08590233754763461,0.2689959154840378
0.4798287846715197,3.3047922784866257,0.17641577765114927,0.08304228432141487,0.2658265498931197
0.4798287846715197,3.655391313297454,0.17663468838096555,0.0857845916480387,0.2679631788905994
0.4798287846715197,4.005990348108282,0.17686402138355356,0.08667938599480912,0.267679028983494
0.4798287846715197,4.35658938291911,0.1771037389830533,0.08758721638896977,0.26741430939548105
0.4798287846715197,4.707188417729939,0.1773537973036501,0.07715979952884616,0.25681951331540576
0.4798287846715197,5.057787452540768,0.1776141411037227,0.07778469122235451,0.25662972749360863
0.4798287846715197,5.408386487351596,0.17788469699521503,0.07926148010099257,0.25712272367229205
0.4798287846715197,5.758985522162424,0.17816536738803423,0.08144580433610166,0.25841429327410864
0.4798287846715197,6.109584556973252,0.17845602645887895,0.0812048981830827,0.26001104847788653
0.4798287846715197,6.46018359178408,0.17875651851472632,0.07629707250407793,0.2551526715299685
0.4798287846715197,6.810782626594908,0.17906665848037875,0.07675830513506936,0.2552475138015418
0.4798287846715197,7.161381661405737,0.17938623395173275,0.08750161699373009,0.26600921676078637
0.4798287846715197,7.511980696216565,0.17971500847427724,0.07912927981880616,0.2568929452887248
0.4798287846715197,7.8625797310273935,0.18005272632364056,0.09567607638988311,0.2740133878530462
0.4798287846715197,8.213178765838222,0.18039911941769052,0.07968598724140913,0.2576746815118948
0.4798287846715197,8.56377780064905,0.18075391635875673,0.0995378336554258,0.2763147007670675
0.4798287846715197,8.914376835459878,0.18111685213786916,0.09812364112983653,0.2740333742873708
0.4798287846715197,9.264975870270705,0.18148767587995476,0.10046454373454108,0.2762585481511399
0.4798287846715197,9.615574905081534,0.18186615427409544,0.10133972659963282,0.2762306161519017
0.4798287846715197,9.96617393989236,0.1822520699590791,0.10163587199685552,0.2758524984736861
0.4798287846715197,10.316772974703191,0.1826452159982845,0.10130400119457064,0.27618290474642326
0.4798287846715197,10.667372009514018,0.18304538860531208,0.10096982869578373,0.27724223231581885
0.4798287846715197,11.017971044324847,0.18345238025675356,0.10363952412681089,0.27987426449649283
0.4798287846715197,11.368570079135674,0.18386597470389573,0.10307269840502704,0.2792787994666042
0.4798287846715197,11.719169113946503,0.1842859446726233,0.10317388940002106,0.28024329942004994
0.4798287846715197,12.069768148757332,0.18471205246079975,0.09968664177584348,0.2773044491587995
0.4798287846715197,12.420367183568159,0.18514405323559058,0.10155714027193039,0.2793225546409245
0.4798287846715197,12.77096621837899,0.18558170052851172,0.10408442791894243,0.28294407561611684
0.4798287846715197,13.121565253189816,0.1860247531054019,0.09536118689824279,0.27654499833579094
0.4798287846715197,13.472164288000645,0.18647298197588605,0.09604024894575507,0.27716780700011656
0.4798287846715197,13.822763322811472,0.18692617589908733,0.09668035359991493,0.2785785362135285
0.4798287846715197,14.1733623576223,0.18738414361969938,0.09634875879026716,0.27847216350622095
0.4798287846715197,14.523961392433128,0.18784671148010432,0.09737473772951362,0.27916055164087766
0.4798287846715197,14.874560427243956,0.18831371596842314,0.09724694283729533,0.279877168635444
0.4798287846715197,15.225159462054787,0.18878499187404957,0.08976498080991291,0.272802122260784
0.4798287846715197,15.575758496865614,0.18926035768823976,0.09289224224157622,0.27598960640485637
0.4798287846715197,15.926357531676443,0.18973960050464989,0.09253686614391314,0.2762921010486944
0.4798287846715197,16.276956566487268,0.19022246289806147,0.09390186210253583,0.27804156004492186
0.4798287846715197,16.6275556012981,0.1907086341786159,0.09219683192809537,0.27676501085408345
0.4798287846715197,16.978154636108926,0.19119774821809213,0.09304933977232731,0.27793041982339933
0.4798287846715197,17.328753670919756,0.19168938984401704,0.09393350505282676,0.2809927060370992
0.4798287846715197,17.679352705730587,0.1921831113935022,0.09410527999400295,0.28221443445723304
0.4798287846715197,18.029951740541414,0.19267845974746145,0.093470236362919,0.2828797217430371
0.4798287846715197,18.38055077535224,0.19317501120081146,0.09676449549241825,0.2889437931720488
0.4798287846715197,18.73114981016307,0.19367240685439546,0.0919138102988249,0.28496081832270487
0.4798287846715197,19.081748844973898,0.19417037696398468,0.09159355319138685,0.2864269740734603
0.4798287846715197,19.432347879784725,0.19466874310962226,0.08848965427428315,0.28520950328900074
0.4798287846715197,19.782946914595552,0.19516739518525958,0.08826010384377554,0.28529968296868946
0.4798287846715197,20.133545949406383,0.1956662528628692,0.08956630521163712,0.28895212676633125
0.4798287846715197,20.48414498421721,0.1961652292656404,0.08950873916360093,0.2891647569709258
0.4798287846715197,20.834744019028037,0.19666421155890704,0.09900879495409698,0.30064588785588237
0.4798287846715197,21.185343053838867,0.19716306213922583,0.0990705033350203,0.3022684593493257
0.4798287846715197,21.535942088649698,0.19766163397508618,0.09885871512890558,0.3025014794818678
0.4798287846715197,21.886541123460525,0.1981597900593378,0.10126493522127142,0.3056474925757235
0.4798287846715197,22.23714015827135,0.19865741911397283,0.10186972147402798,0.3057910273967169
0.4798287846715197,22.587739193082182,0.19915444398503,0.10205887738005127,0.30763676153313957
0.4798287846715197,22.93833822789301,0.19965082276464058,0.10212741206026166,0.3104875711793819
0.4798287846715197,23.288937262703836,0.20014654457804432,0.09614233504271542,0.306446425348641
0.4798287846715197,23.639536297514667,0.20064162237929736,0.09695561807190545,0.30813850517295094
0.4798287846715197,23.990135332325494,0.20113608467512306,0.09786518029266375,0.3104204746974564
0.4798287846715197,24.34073436713632,0.20162996747061576,0.09886240437227482,0.3126209763584067
0.4798287846715197,24.691333401947148,0.20212330724426542,0.10448601515370354,0.3189875431949615
0.4798287846715197,25.04193243675798,0.2026161354564036,0.10497704302695572,0.3207734209679533
0.4798287846715197,25.392531471568805,0.2031084748690356,0.10229241976168632,0.3197752820570077
0.4798287846715197,25.743130506379632,0.20360033771089722,0.10188342927056367,0.32101898853839167
0.4798287846715197,26.093729541190463,0.2040917254494299,0.10485467942986369,0.32595131885608175
0.4798287846715197,26.444328576001293,0.20458262969272678,0.10672459169632234,0.3276181379966261
0.4798287846715197,26.79492761081212,0.20507303361623475,0.10679798822585071,0.3292558682506876
0.4798287846715197,27.145526645622947,0.20556291333185656,0.10633456110056817,0.3308648556901297
0.4798287846715197,27.496125680433778,0.20605223877536566,0.104849934155465,0.3302354747409233
0.4798287846715197,27.846724715244605,0.2065409739217551,0.10733614617412232,0.33399815247183945
0.4798287846715197,28.197323750055432,0.20702907637203513,0.10899604606912867,0.3366445575722175
0.4798287846715197,28.54792278486626,0.20751649652528215,0.10923854048184577,0.33983986282981415
0.4798287846715197,28.89852181967709,0.20800317662022402,0.10936931166760268,0.34328334719896425
0.4798287846715197,29.249120854487916,0.20848904989925435,0.1095043069202672,0.3470467030758195
0.4798287846715197,29.599719889298743,0.20897404004560755,0.07087794234339184,0.310214112250249
0.4798287846715197,29.950318924109574,0.20945806092499458,0.07061169735840173,0.31044430577614346
0.4798287846715197,30.3009179589204,0.2099410165807219,0.0703480274469931,0.3106634915257572
0.4798287846715197,30.651516993731228,0.21042280141745823,0.07008704448060393,0.31191149838512855
0.4798287846715197,31.002116028542055,0.21090330055879933,0.0832657444159969,0.3270586559374906
0.4798287846715197,31.352715063352885,0.21138239044409016,0.08343459069597475,0.3274206753839678
0.4798287846715197,31.703314098163716,0.2118599397988086,0.08318944722908883,0.327761705683586
0.4798287846715197,32.05391313297454,0.212335811140272,0.08279042939022342,0.3287972405130943
0.4798287846715197,32.40451216778537,0.21280986295703322,0.08240259273409364,0.3304458883575117
0.4798287846715197,32.7551112025962,0.21328195263313185,0.07958733043354466,0.32865507420488005
0.4798287846715197,33.105710237407024,0.21375194009067036,0.08476404982690981,0.3337131292320389
0.4798287846715197,33.45630927221785,0.2142196920076921,0.08887564725108986,0.33839175851565045
0.4798287846715197,33.806908307028685,0.214685086342984,0.08854734174972562,0.33897007779377547
0.4798287846715197,34.15750734183951,0.21514801678032824,0.0907248812524686,0.3419228480496785
0.4798287846715197,34.50810637665034,0.21560839661893177,0.07736605538863736,0.32997210397398374
0.4798287846715197,34.858705411461166,0.21606616162122538,0.0925731607462553,0.34642241697956966
0.4798287846715197,35.20930444627199,0.21652127141650293,0.09366585564584938,0.34675512586623164
0.5381651547709918,0.5,0.1773139472865671,0.07107720275006184,0.2603098072879377
0.5381651547709918,0.8505990348108282,0.17744318378726567,0.0709430657173945,0.2600004838257934
0.5381651547709918,1.2011980696216566,0.17758139379472201,0.07129854409147007,0.2596904253494931
0.5381651547709918,1.5517971044324848,0.17772889668982725,0.07164363413397924,0.25986952873398506
0.5381651547709918,1.9023961392433129,0.17788599179938486,0.07475542307692401,0.2612037895011645
0.5381651547709918,2.2529951740541407,0.17805292081587185,0.06910824977122533,0.2548326014717305
0.5381651547709918,2.6035942088649695,0.1782298505150703,0.0710299831999494,0.25682483648976084
0.5381651547709918,2.954193243675798,0.17841687421255042,0.0725310038887068,0.25719779931000414
0.5381651547709918,3.3047922784866257,0.1786140250321743,0.07386774905848106,0.25836076043758044
0.5381651547709918,3.655391313297454,0.17882129399008803,0.09556361473891407,0.2793717780147436
0.5381651547709918,4.005990348108282,0.17903864762032173,0.07668756827299056,0.2596342681707848
0.5381651547709918,4.35658938291911,0.17926604149960532,0.07658276530515001,0.25780100511509735
0.5381651547709918,4.707188417729939,0.17950342762617189,0.07721412678570458,0.2580176937581851
0.5381651547709918,5.057787452540768,0.1797507553565781,0.08116301334797159,0.25998013386292157
0.5381651547709918,5.408386487351596,0.18000796715955497,0.08073390239709585,0.26002842273206644
0.5381651547709918,5.758985522162424,0.18027499137985886,0.08485277372256438,0.26375580807278637
0.5381651547709918,6.109584556973252,0.1805517344034478,0.08543381378948246,0.26317577470127573
0.5381651547709918,6.46018359178408,0.18083807421265624,0.0814797443192307,0.2592521838207851
0.5381651547709918,6.810782626594908,0.18113385654448674,0.08303807664658816,0.25977690539667186
0.5381651547709918,7.161381661405737,0.1814388940787788,0.08345312481229306,0.260457676203918
0.5381651547709918,7.511980696216565,0.18175296871744392,0.08388071740893677,0.261148633341745
0.5381651547709918,7.8625797310273935,0.18207583711746403,0.08369413927551103,0.26121038635236205
0.5381651547709918,8.213178765838222,0.18240723958581806,0.08359054723342331,0.26141701387551464
0.5381651547709918,8.56377780064905,0.18274691154164854,0.10183781033261954,0.2781872020834809
0.5381651547709918,8.914376835459878,0.18309459522929622,0.1021026020544117,0.27835690140586633
0.5381651547709918,9.264975870270705,0.18345004844625293,0.10269032743705868,0.2786057179476289
0.5381651547709918,9.615574905081534,0.18381304777540713,0.10422186547229463,0.27914709187208947
0.5381651547709918,9.96617393989236,0.18418338591507746,0.10419994328820892,0.2781168962497723
0.5381651547709918,10.316772974703191,0.18456086483030093,0.10408718078380735,0.2789734720985373
0.5381651547709918,10.667372009514018,0.1849452874310187,0.10346896915880166,0.28003552614687355
0.5381651547709918,11.017971044324847,0.18533645017927855,0.10024580459174397,0.27755924558467066
0.5381651547709918,11.368570079135674,0.18573413806689412,0.10515686984262972,0.2823423018911901
0.5381651547709918,11.719169113946503,0.18613812244596484,0.09980460294137784,0.2791825938162952
0.5381651547709918,12.069768148757332,0.18654816155569962,0.1013511876549018,0.28215323025592404
0.5381651547709918,12.420367183568159,0.18696400330005608,0.09903563309285006,0.28043840237817047
0.5381651547709918,12.77096621837899,0.18738538976642816,0.09028558417210474,0.271930211173001
0.5381651547709918,13.121565253189816,0.1878120629358815,0.08975622880176709,0.2707739919690166
0.5381651547709918,13.472164288000645,0.18824377084879837,0.08920422140713427,0.2702292918271628
0.5381651547709918,13.822763322811472,0.18868027315488614,0.0869924793485786,0.26917089978916986
0.5381651547709918,14.1733623576223,0.18912134470861353,0.09386398204982074,0.27688825187038385
0.5381651547709918,14.523961392433128,0.18956677594514426,0.09358854653371965,0.275337343928148
0.5381651547709918,14.874560427243956,0.19001636928331975,0.0945458687736034,0.27599123509154566
0.5381651547709918,15.225159462054787,0.1904699316017159,0.09533498025462565,0.27663473336791555
0.5381651547709918,15.575758496865614,0.1909272636763216,0.09580591226095984,0.277049965476757
0.5381651547709918,15.926357531676443,0.191388148161616,0.09566446631205387,0.2784724327837706
0.5381651547709918,16.276956566487268,0.19185233812357305,0.0951282327520743,0.2785933562308985
0.5381651547709918,16.6275556012981,0.19231954825323183,0.09477721824793063,0.27909813757810653
0.5381651547709918,16.978154636108926,0.19278945078339468,0.09375887717540071,0.2801203181729251
0.5381651547709918,17.328753670919756,0.1932616779631389,0.09415266561705646,0.2819016415234837
0.5381651547709918,17.679352705730587,0.1937358327519154,0.09258270167755718,0.2824367979945067
0.5381651547709918,18.029951740541414,0.1942115088240194,0.09305481291624991,0.28449950423348
0.5381651547709918,18.38055077535224,0.1946883192614914,0.09123997331199266,0.28475769411086177
0.5381651547709918,18.73114981016307,0.19516592982152656,0.09177607795960432,0.2861743985826614
0.5381651547709918,19.081748844973898,0.19564408805633865,0.08999218142672712,0.28642391781249965
0.5381651547709918,19.432347879784725,0.19612263681112835,0.09056428573446111,0.2871496927984522
0.5381651547709918,19.782946914595552,0.19660150384695524,0.09230757455063351,0.2906903735074244
0.5381651547709918,20.133545949406383,0.19708066948474467,0.09172403828945672,0.29151074083350903
0.5381651547709918,20.48414498421721,0.19756012554503483,0.0907862525467832,0.2920832929964116
0.5381651547709918,20.834744019028037,0.19803984276320713,0.10127171851670402,0.30390834820008544
0.5381651547709918,21.185343053838867,0.19851975737845903,0.10308485031843158,0.3066608237227437
0.5381651547709918,21.535942088649698,0.19899977656776907,0.10315003213661235,0.30707036526273185
0.5381651547709918,21.886541123460525,0.19947979477636826,0.10220222790393704,0.3062019607127509
0.5381651547709918,22.23714015827135,0.19995971178418195,0.10252889274174223,0.3074072726684778
0.5381651547709918,22.587739193082182,0.20043944642994904,0.10173139253096909,0.3074248328840287
0.5381651547709918,22.93833822789301,0.20091894389611564,0.10316373887677338,0.3103980543767162
0.5381651547709918,23.288937262703836,0.2013981772462731,0.10243708766696498,0.3118514534971307
0.5381651547709918,23.639536297514667,0.20187714501125606,0.10200897656200522,0.31327612797668664
0.5381651547709918,23.990135332325494,0.20235586650658963,0.10159265571780102,0.314671607527929
0.5381651547709918,24.34073436713632,0.20283437598377682,0.10116150403967901,0.3154614586185934
0.5381651547709918,24.691333401947148,0.2033127162370532,0.10352566633613683,0.31832971386893855
0.5381651547709918,25.04193243675798,0.2037909321020068,0.10576508503489053,0.31942795208881225
0.5381651547709918,25.392531471568805,0.2042690642992222,0.10620337863653305,0.3208114289129251
0.5381651547709918,25.743130506379632,0.20474714410674164,0.10567024306502168,0.322538640175999
0.5381651547709918,26.093729541190463,0.2052251892628976,0.10709266975288252,0.3266635701212581
0.5381651547709918,26.444328576001293,0.20570320129483316,0.10751752722074256,0.3278420682968752
0.5381651547709918,26.79492761081212,0.2061811642142146,0.10354803360742937,0.3263754228080583
0.5381651547709918,27.145526645622947,0.20665904431979812,0.10656162808388385,0.3291753125275544
0.5381651547709918,27.496125680433778,0.20713679076010785,0.1072164752592525,0.33076834416754025
0.5381651547709918,27.846724715244605,0.20761433653849978,0.10708630727353263,0.3323357679658756
0.5381651547709918,28.197323750055432,0.2080915997358,0.10694103862022329,0.33616575971403395
0.5381651547709918,28.54792278486626,0.2085684848173847,0.10678058656435813,0.33777418345570037
0.5381651547709918,28.89852181967709,0.20904488394204176,0.10660489251777247,0.34050691903328634
0.5381651547709918,29.249120854487916,0.20952067820202233,0.10641392402230299,0.3445645497201511
0.5381651547709918,29.599719889298743,0.20999573873287022,0.09018452930584397,0.3304725597175181
0.5381651547709918,29.950318924109574,0.21046992767736705,0.08961301120183332,0.33141484002746374
0.5381651547709918,30.3009179589204,0.21094309908396452,0.09136848428626085,0.33230639566545705
0.5381651547709918,30.651516993731228,0.21141509994053792,0.09279450505005735,0.3344925682662203
0.5381651547709918,31.002116028542055,0.21188577163418548,0.09217090434174136,0.33671328538927386
0.5381651547709918,31.352715063352885,0.21235495213192332,0.08374339918827625,0.3298974332887467
0.5381651547709918,31.703314098163716,0.21282247907030472,0.07945957971756079,0.3266117095822476
0.5381651547709918,32.05391313297454,0.2132881937433199,0.08225290291461387,0.3294429734423313
0.5381651547709918,32.40451216778537,0.2137519457433023,0.07854866515285826,0.32519201406605663
0.5381651547709918,32.7551112025962,0.21421359780998458,0.0790027427669865,0.3270414481866545
0.5381651547709918,33.105710237407024,0.21467303033990717,0.07900339669244669,0.32888969285415226
0.5381651547709918,33.45630927221785,0.2151301450338452,0.08893536466375546,0.339500119302801
0.5381651547709918,33.806908307028685,0.21558486730323095,0.08040260349769045,0.3325785886674266
0.5381651547709918,34.15750734183951,0.21603714726623188,0.0921104697563131,0.3447451058999888
0.5381651547709918,34.50810637665034,0.21648695936883136,0.07861282974752042,0.3327000240758907
0.5381651547709918,34.858705411461166,0.2169343008092568,0.09075574414538029,0.3461217560725428
0.5381651547709918,35.20930444627199,0.21737918900977843,0.09122722169549487,0.3471567927377332
0.5965015248704633,0.5,0.17970294312677845,0.07219961165337996,0.2626932036407967
0.5965015248704633,0.8505990348108282,0.17982637485311012,0.07276237745088669,0.2634937969874028
0.5965015248704633,1.2011980696216566,0.1799581618321444,0.07310778737077622,0.2641603116820905
0.5965015248704633,1.5517971044324848,0.1800985921949168,0.07125417633673369,0.26031175084393815
0.5965015248704633,1.9023961392433129,0.1802479725925987,0.0725177425106047,0.2587738649786587
0.5965015248704633,2.2529951740541407,0.18040657752998776,0.07389247521241511,0.25862993616196084
0.5965015248704633,2.6035942088649695,0.18057461420087642,0.07438212088839243,0.2593086282108361
0.5965015248704633,2.954193243675798,0.18075221045951784,0.07700959092633708,0.26151712832446433
0.5965015248704633,3.3047922784866257,0.18093942163138824,0.07498350224446297,0.25983133431742933
0.5965015248704633,3.655391313297454,0.18113624717032303,0.07629689142697439,0.25936530132803
0.5965015248704633,4.005990348108282,0.18134264969789646,0.07707664670938633,0.2595593626255176
0.5965015248704633,4.35658938291911,0.18155857206079218,0.09768156118616304,0.2782236570692958
0.5965015248704633,4.707188417729939,0.18178395018888924,0.09744164658199,0.2785060433232528
0.5965015248704633,5.057787452540768,0.18201872070028838,0.08338059513680138,0.2642336783920908
0.5965015248704633,5.408386487351596,0.18226282296701204,0.08425713594862005,0.2647448849446529
0.5965015248704633,5.758985522162424,0.18251619607249306,0.0848246729505359,0.2646669171599691
0.5965015248704633,6.109584556973252,0.18277877185777364,0.08372296978032598,0.26358458850696154
0.5965015248704633,6.46018359178408,0.18305046591958837,0.08889107681178222,0.26765689808809445
0.5965015248704633,6.810782626594908,0.18333116870204302,0.08747144565088731,0.2657130261478909
0.5965015248704633,7.161381661405737,0.18362073865817327,0.08783588323212449,0.26529835227793425
0.5965015248704633,7.511980696216565,0.18391899914070464,0.0854231810391993,0.26270924535333207
0.5965015248704633,7.8625797310273935,0.18422574035979392,0.08481301682681837,0.262439979082656
0.5965015248704633,8.213178765838222,0.1845407270140804,0.08530972104644237,0.2631086151756187
0.5965015248704633,8.56377780064905,0.18486371061392817,0.0865299060919727,0.2642913820327272
0.5965015248704633,8.914376835459878,0.18519444351466466,0.1005306591436299,0.27869407870217405
0.5965015248704633,9.264975870270705,0.18553269058976196,0.100593413103403,0.2786863839630887
0.5965015248704633,9.615574905081534,0.18587823529449377,0.10112155799618322,0.27941997822154274
0.5965015248704633,9.96617393989236,0.18623087918693887,0.1038877245248634,0.28229216040467386
0.5965015248704633,10.316772974703191,0.1865904363121346,0.10332891877870523,0.28267829744546447
0.5965015248704633,10.667372009514018,0.18695672502283087,0.10279454731798521,0.2826103722698132
0.5965015248704633,11.017971044324847,0.18732955970806558,0.10228336348080155,0.2818655787248535
0.5965015248704633,11.368570079135674,0.18770874416203878,0.10259575314500832,0.2828686755410674
0.5965015248704633,11.719169113946503,0.18809406753521069,0.09809338312292433,0.27893865308826943
0.5965015248704633,12.069768148757332,0.1884853031835903,0.0987590009008087,0.2800517815195971
0.5965015248704633,12.420367183568159,0.18888221026792093,0.09912118758094653,0.2814961601837321
0.5965015248704633,12.77096621837899,0.18928453761385097,0.09770659549187315,0.27995418811265904
0.5965015248704633,13.121565253189816,0.1896920290911871,0.09919256070713599,0.2813898130512901
0.5965015248704633,13.472164288000645,0.1901044295660388,0.09920327286834177,0.28089171890548353
0.5965015248704633,13.822763322811472,0.19052149032568688,0.09890391491810581,0.28119915518603317
0.5965015248704633,14.1733623576223,0.19094297284883183,0.09816481778506436,0.2800710964751231
0.5965015248704633,14.523961392433128,0.1913686499833854,0.09902975419249331,0.2804614947700217
0.5965015248704633,14.874560427243956,0.1917983039992584,0.09611287804773058,0.2779622452031999
0.5965015248704633,15.225159462054787,0.1922317215079607,0.09571232696984501,0.2782799431879906
0.5965015248704633,15.575758496865614,0.19266868578861832,0.09609273703944457,0.2795331228922863
0.5965015248704633,15.926357531676443,0.19310896758212057,0.09687059194218516,0.2810700021137224
0.5965015248704633,16.276956566487268,0.19355231584994778,0.09744714979252209,0.28255909044618094
0.5965015248704633,16.6275556012981,0.19399845024018425,0.09779055476475698,0.28400019086606865
0.5965015248704633,16.978154636108926,0.19444705701177697,0.09604366485063952,0.28375698292582857
0.5965015248704633,17.328753670919756,0.19489779003176516,0.09541182545035509,0.2853608340852992
0.5965015248704633,17.679352705730587,0.19535027831646468,0.09955272800335815,0.290449742883914
0.5965015248704633,18.029951740541414,0.19580414135319651,0.10036690611989979,0.2918672964728174
0.5965015248704633,18.38055077535224,0.19625901260674256,0.10048306187619094,0.2920542937480496
0.5965015248704633,18.73114981016307,0.1967145694205805,0.09333803538512844,0.28955945763025265
0.5965015248704633,19.081748844973898,0.19717056371814803,0.09178482674031041,0.28959160366715636
0.5965015248704633,19.432347879784725,0.1976268439335296,0.09146810124164001,0.2898220789633677
0.5965015248704633,19.782946914595552,0.19808335791215798,0.09115707339211716,0.29051772026451295
0.5965015248704633,20.133545949406383,0.19854013226808442,0.10579490686985027,0.3070364152160981
0.5965015248704633,20.48414498421721,0.1989972344209157,0.1056874121249782,0.30697741394600747
0.5965015248704633,20.834744019028037,0.19945473222339058,0.10503799179229018,0.3080226402418845
0.5965015248704633,21.185343053838867,0.19991266601974386,0.10440771369006283,0.30815498748694115
0.5965015248704633,21.535942088649698,0.2003710396916457,0.10562999737204358,0.31068595136065863
0.5965015248704633,21.886541123460525,0.20082982758610213,0.10285562306976886,0.30821288211813885
0.5965015248704633,22.23714015827135,0.20128898916263407,0.10297516433100012,0.3090318484925935
0.5965015248704633,22.587739193082182,0.20174848363863035,0.10313248121688129,0.3101037142526666
0.5965015248704633,22.93833822789301,0.20220828025450574,0.1033374348236215,0.31184744392523284
0.5965015248704633,23.288937262703836,0.20266836320328202,0.10337953859568322,0.31213056240489534
0.5965015248704633,23.639536297514667,0.20312873230756112,0.10291236535419167,0.31333541898479167
0.5965015248704633,23.990135332325494,0.20358940104125595,0.1024579256131339,0.31671541532645664
0.5965015248704633,24.34073436713632,0.2040503930819682,0.1009684298893762,0.3160580473162598
0.5965015248704633,24.691333401947148,0.2045117379721928,0.10158704204358832,0.3173780023518377
0.5965015248704633,25.04193243675798,0.2049734661208986,0.10541626734025268,0.32187036709426786
0.5965015248704633,25.392531471568805,0.2054356033747628,0.10649482241720307,0.3235039352002381
0.5965015248704633,25.743130506379632,0.2058981655698496,0.10718927985032327,0.3252045507143213
0.5965015248704633,26.093729541190463,0.20636115362623975,0.10729682688127103,0.3249185207689704
0.5965015248704633,26.444328576001293,0.2068245497329258,0.10474684602938587,0.32467521635126406
0.5965015248704633,26.79492761081212,0.20728831496941544,0.10619015439166625,0.32818625270491064
0.5965015248704633,27.145526645622947,0.20775238840292903,0.10707084173623188,0.33155078615974487
0.5965015248704633,27.496125680433778,0.2082166874096233,0.1043899555121031,0.3314004463677775
0.5965015248704633,27.846724715244605,0.2086811088031473,0.10423927750138808,0.33295081125985326
0.5965015248704633,28.197323750055432,0.2091455303620459,0.10747754031921988,0.33872486630863125
0.5965015248704633,28.54792278486626,0.20960981250476002,0.10745242500272566,0.3403831422636637
0.5965015248704633,28.89852181967709,0.2100738000907022,0.10742287318659925,0.34198769922695155
0.5965015248704633,29.249120854487916,0.2105373245352329,0.10738900356837139,0.34392592797371346
0.5965015248704633,29.599719889298743,0.21100020653830773,0.1094719740204168,0.3467976065880076
0.5965015248704633,29.950318924109574,0.21146225969913912,0.10730884283389136,0.34736857884402256
0.5965015248704633,30.3009179589204,0.21192329512274913,0.1071444438051499,0.34787776146089716
0.5965015248704633,30.651516993731228,0.21238312686105745,0.09173943822241047,0.3346829830351089
0.5965015248704633,31.002116028542055,0.212841577748144,0.08981392087804148,0.3337848154077407
0.5965015248704633,31.352715063352885,0.21329848498080858,0.09252450842869059,0.3376704017500299
0.5965015248704633,31.703314098163716,0.21375370474382577,0.08933341950453302,0.33665295079113144
0.5965015248704633,32.05391313297454,0.21420711532087633,0.08923067581931664,0.3376103355741841
0.5965015248704633,32.40451216778537,0.21465861843584072,0.09446242100688682,0.34496208314088167
0.5965015248704633,32.7551112025962,0.21510813894121816,0.09418965803119969,0.34541089009042913
0.5965015248704633,33.105710237407024,0.21555562328842764,0.09391988263446152,0.34580305192974764
0.5965015248704633,33.45630927221785,0.21600103737498177,0.093652502374512,0.34654229524103725
0.5965015248704633,33.806908307028685,0.21644436432055245,0.09268244609518159,0.34725733226581024
0.5965015248704633,34.15750734183951,0.21688560250692315,0.09312252909626655,0.34801722565212323
0.5965015248704633,34.50810637665034,0.21732476391912034,0.09428332317053915,0.34940562551986776
0.5965015248704633,34.858705411461166,0.21776187257004556,0.09259479015001963,0.3496680297977998
0.5965015248704633,35.20930444627199,0.21819696268235567,0.0923301239471688,0.35023402181209007
0.6548378949699354,0.5,0.18219680904679134,0.08646022482485836,0.2795379400008162
0.6548378949699354,0.8505990348108282,0.1823163663075709,0.08755706306539451,0.28076554246396485
0.6548378949699354,1.2011980696216566,0.18244373760053512,0.08641753322046351,0.27880283289175845
0.6548378949699354,1.5517971044324848,0.18257910751947468,0.09066991876483556,0.2813473534708977
0.6548378949699354,1.9023961392433129,0.18272271346253713,0.09065120257361478,0.2806514258943369
0.6548378949699354,2.2529951740541407,0.18287479735952408,0.07493029493179887,0.26400339187431676
0.6548378949699354,2.6035942088649695,0.18303555887334522,0.07587970384827762,0.2627037297103985
0.6548378949699354,2.954193243675798,0.18320512840765074,0.09362459538468851,0.2805651486344726
0.6548378949699354,3.3047922784866257,0.18338356440064418,0.09703246898918733,0.28373436831973936
0.6548378949699354,3.655391313297454,0.18357086727575253,0.09781490876162671,0.28350670344842344
0.6548378949699354,4.005990348108282,0.1837669993481101,0.09838761206402076,0.28231475311312787
0.6548378949699354,4.35658938291911,0.1839719033770072,0.09742375265430121,0.28167478316993716
0.6548378949699354,4.707188417729939,0.18418551673081493,0.09802340407150117,0.2810410723298093
0.6548378949699354,5.057787452540768,0.18440778057318713,0.09784475578731829,0.28043232459112605
0.6548378949699354,5.408386487351596,0.18463864421383794,0.09986567138378065,0.28121132000779653
0.6548378949699354,5.758985522162424,0.18487806475554514,0.09433746883119327,0.27457330774397976
0.6548378949699354,6.109584556973252,0.18512600220827927,0.09633892359534665,0.27504190978103293
0.6548378949699354,6.46018359178408,0.18538241071558606,0.09645018495890513,0.2760859765090926
0.6548378949699354,6.810782626594908,0.1856472273663355,0.09500599476911877,0.27380750842678664
0.6548378949699354,7.161381661405737,0.18592036092815656,0.09539494611157738,0.27384692851908315
0.6548378949699354,7.511980696216565,0.18620168343648652,0.09302578710812329,0.27092017188582673
0.6548378949699354,7.8625797310273935,0.18649102753521773,0.09346653628434215,0.2707503834061524
0.6548378949699354,8.213178765838222,0.1867881913011385,0.09315594204056757,0.27151549334411335
0.6548378949699354,8.56377780064905,0.18709294990205352,0.10193339884952247,0.2816128624457451
0.6548378949699354,8.914376835459878,0.18740507075709084,0.10379954143002582,0.2824249440098407
0.6548378949699354,9.264975870270705,0.187724327483131,0.10444081395293539,0.2832117668834158
0.6548378949699354,9.615574905081534,0.18805050878119198,0.10388830740641504,0.28397624616156636
0.6548378949699354,9.96617393989236,0.18838342092037452,0.10336061509697582,0.2847215812789328
0.6548378949699354,10.316772974703191,0.1887228849588895,0.1029953704923357,0.28550674840447343
0.6548378949699354,10.667372009514018,0.18906873104453847,0.08524252847032061,0.267476966049142
0.6548378949699354,11.017971044324847,0.18942079199556477,0.08516363267125096,0.2675170018670312
0.6548378949699354,11.368570079135674,0.18977889758638045,0.08809147873274444,0.27010865159495445
0.6548378949699354,11.719169113946503,0.1901428702163577,0.08801285406472996,0.27020675651918463
0.6548378949699354,12.069768148757332,0.1905125221877879,0.08733704757486875,0.26900311439786095
0.6548378949699354,12.420367183568159,0.1908876546366386,0.08833892628508905,0.27007181661174845
0.6548378949699354,12.77096621837899,0.1912680581109502,0.08932780899699422,0.27072882776374696
0.6548378949699354,13.121565253189816,0.19165351471044118,0.09003934580571633,0.27144248642507157
0.6548378949699354,13.472164288000645,0.19204380146262556,0.09807586263707188,0.2801927222104879
0.6548378949699354,13.822763322811472,0.19243869423389345,0.09888030052947719,0.28131263902385306
0.6548378949699354,14.1733623576223,0.19283797114524828,0.09857128659325307,0.279963841751786
0.6548378949699354,14.523961392433128,0.19324141440273518,0.0982151792141715,0.28078093692790235
0.6548378949699354,14.874560427243956,0.19364880973213355,0.09717668984826412,0.2813034379850335
0.6548378949699354,15.225159462054787,0.19405994310983754,0.09609918134817606,0.2806960389742993
0.6548378949699354,15.575758496865614,0.19447459503985495,0.09519177747174619,0.28015233543477486
0.6548378949699354,15.926357531676443,0.19489253314487417,0.09441950326117267,0.2805064316234327
0.6548378949699354,16.276956566487268,0.1953135042764549,0.0935376668080511,0.2815475668253514
0.6548378949699354,16.6275556012981,0.19573722764875437,0.096596849516963,0.28600454530205294
0.6548378949699354,16.978154636108926,0.19616339060363736,0.08899695155044234,0.2787509675306992
0.6548378949699354,17.328753670919756,0.19659164854790873,0.08914470698679638,0.2788046756958529
0.6548378949699354,17.679352705730587,0.19702163047944304,0.0889475266935589,0.28092220346249747
0.6548378949699354,18.029951740541414,0.1974529513795095,0.10069792883440756,0.29417595642044203
0.6548378949699354,18.38055077535224,0.19788523233916627,0.1013279269504456,0.29436586371101753
0.6548378949699354,18.73114981016307,0.19831812800505372,0.101471310815602,0.2970269900715284
0.6548378949699354,19.081748844973898,0.19875135819185683,0.10161181768264968,0.3005150305721937
0.6548378949699354,19.432347879784725,0.19918473664431105,0.10968542111589544,0.30922897575470903
0.6548378949699354,19.782946914595552,0.19961818707588305,0.11009314943607044,0.3106389342753249
0.6548378949699354,20.133545949406383,0.2000517381390336,0.10581431962554912,0.3076913033439275
0.6548378949699354,20.48414498421721,0.20048549645173158,0.10914315523054144,0.31194927123228
0.6548378949699354,20.834744019028037,0.20091960675630746,0.10523400369078342,0.3090862569997444
0.6548378949699354,21.185343053838867,0.201354213789957,0.1047710235824483,0.30948690271960116
0.6548378949699354,21.535942088649698,0.20178943753515213,0.10241741972178812,0.3071509065130737
0.6548378949699354,21.886541123460525,0.2022253651106071,0.10249553464297853,0.3070398216736361
0.6548378949699354,22.23714015827135,0.20266205500023654,0.10256203289751224,0.30757460823300753
0.6548378949699354,22.587739193082182,0.2030995464383121,0.10261627468952252,0.30902072112423945
0.6548378949699354,22.93833822789301,0.20353786813315428,0.10317509264658255,0.3104454942111546
0.6548378949699354,23.288937262703836,0.2039770436025935,0.10330218977337599,0.3118476316156062
0.6548378949699354,23.639536297514667,0.20441709304340097,0.10339359825132678,0.31387128035982453
0.6548378949699354,23.990135332325494,0.20485803293491892,0.10321626015626588,0.3159898527020948
0.6548378949699354,24.34073436713632,0.2052998746088521,0.10268483083433816,0.316997027538291
0.6548378949699354,24.691333401947148,0.20574262243756247,0.10261199466198581,0.3178187386961325
0.6548378949699354,25.04193243675798,0.20618627172807033,0.10213455675266872,0.3184931485212307
0.6548378949699354,25.392531471568805,0.20663080618365764,0.1025485395224529,0.32026758477522443
0.6548378949699354,25.743130506379632,0.20707619491467533,0.10846561664281869,0.32721448805837544
0.6548378949699354,26.093729541190463,0.2075223892681183,0.10654206370583523,0.3260742534212858
0.6548378949699354,26.444328576001293,0.20796931999630563,0.10884315573382046,0.3295746038429319
0.6548378949699354,26.79492761081212,0.20841689536238486,0.10740359111773244,0.3309780289670496
0.6548378949699354,27.145526645622947,0.20886500065518676,0.10772791206529986,0.3324233640308328
0.6548378949699354,27.496125680433778,0.20931349932599672,0.10808283747639807,0.33378625561455594
0.6548378949699354,27.846724715244605,0.2097622356830825,0.10838947469996829,0.33568862875884603
0.6548378949699354,28.197323750055432,0.2102110388892691,0.10847304608961864,0.3378943331297632
0.6548378949699354,28.54792278486626,0.2106597279389336,0.10857075235132699,0.34009319653257997
0.6548378949699354,28.89852181967709,0.21110811730102735,0.1086766844719084,0.34228270963001944
0.6548378949699354,29.249120854487916,0.21155602292176207,0.10878473313879428,0.3447362439882246
0.6548378949699354,29.599719889298743,0.21200326822506002,0.10881497327902917,0.3473299872926339
0.6548378949699354,29.950318924109574,0.2124496896411305,0.10168524434375892,0.3416688130983076
0.6548378949699354,30.3009179589204,0.21289514111230642,0.10166373425663398,0.3425712446674804
0.6548378949699354,30.651516993731228,0.2133394970668392,0.10164745002357775,0.3442912044329144
0.6548378949699354,31.002116028542055,0.21378265356211154,0.09933023469241967,0.34419155304411486
0.6548378949699354,31.352715063352885,0.21422452763651237,0.09401525934903902,0.33959163165621536
0.6548378949699354,31.703314098163716,0.21466505525963653,0.09430637265893928,0.34094245147377206
0.6548378949699354,32.05391313297454,0.21510418850634885,0.10000687385964792,0.3481691473155081
0.6548378949699354,32.40451216778537,0.21554189262464885,0.09788421380865446,0.34776674443403627
0.6548378949699354,32.7551112025962,0.21597814352264028,0.09748764109859996,0.34867615625312653
0.6548378949699354,33.105710237407024,0.21641292593414163,0.09257954985042988,0.34510992788278255
0.6548378949699354,33.45630927221785,0.2168462322306085,0.09248777733084601,0.34604362497603386
0.6548378949699354,33.806908307028685,0.21727806161558988,0.09481320993037012,0.3495378013597231
0.6548378949699354,34.15750734183951,0.21770841932550236,0.09315959024957758,0.34946195415703324
0.6548378949699354,34.50810637665034,0.21813731549064316,0.09154993160674962,0.34905647646734184
0.6548378949699354,34.858705411461166,0.21856476346727755,0.09127338204685295,0.34981019949035
0.6548378949699354,35.20930444627199,0.21899077767905215,0.09101728266545123,0.3508518669515719
0.7131742650694067,0.5,0.1847890873629056,0.08534764758822183,0.2782401614948903
0.7131742650694067,0.8505990348108282,0.18490577143134124,0.08665314336416922,0.2787968124911734
0.7131742650694067,1.2011980696216566,0.18502979913445886,0.08675717779330594,0.2782701247002265
0.7131742650694067,1.5517971044324848,0.1851612002638266,0.09217819944425844,0.28217498337934493
0.7131742650694067,1.9023961392433129,0.18530008038324072,0.09262083162538506,0.2821864426506046
0.7131742650694067,2.2529951740541407,0.18544659128890184,0.09315663831633468,0.28211609050774233
0.7131742650694067,2.6035942088649695,0.18560088415162343,0.09368289676433791,0.282110927730941
0.7131742650694067,2.954193243675798,0.18576306891703195,0.09752506840552096,0.2854613371816405
0.7131742650694067,3.3047922784866257,0.18593319663315439,0.0971501152639048,0.2847577311192376
0.7131742650694067,3.655391313297454,0.1861112652752213,0.09619006250236543,0.28288756764502615
0.7131742650694067,4.005990348108282,0.18629723841466894,0.09692697975872211,0.28215102292158395
0.7131742650694067,4.35658938291911,0.18649106532194404,0.09762229291276851,0.2824718045850179
0.7131742650694067,4.707188417729939,0.18669269623365964,0.09350479153828657,0.2765879180846937
0.7131742650694067,5.057787452540768,0.18690209141494282,0.09496392009000804,0.27654149442015324
0.7131742650694067,5.408386487351596,0.18711922491505967,0.09535213830658446,0.27703910749370575
0.7131742650694067,5.758985522162424,0.18734408412535355,0.10087581708124153,0.2819206455920438
0.7131742650694067,6.109584556973252,0.18757666566753767,0.10179671467690964,0.2819001466439672
0.7131742650694067,6.46018359178408,0.1878169676945184,0.1034332497993015,0.2831249685749991
0.7131742650694067,6.810782626594908,0.18806497889311297,0.10166009505172356,0.28147412833697527
0.7131742650694067,7.161381661405737,0.18832066550100604,0.09828295531971663,0.27808621122473876
0.7131742650694067,7.511980696216565,0.1885839591457328,0.09929900712882883,0.2791231503798068
0.7131742650694067,7.8625797310273935,0.18885474930101903,0.09820862938470112,0.27821593459351257
0.7131742650694067,8.213178765838222,0.18913288348010843,0.10138472450772797,0.2824655131289787
0.7131742650694067,8.56377780064905,0.1894181756731828,0.10213425268562092,0.2828119520808227
0.7131742650694067,8.914376835459878,0.18971042022933693,0.09339860859212934,0.2735407086068115
0.7131742650694067,9.264975870270705,0.1900094064069931,0.09390872866116688,0.27308043647916047
0.7131742650694067,9.615574905081534,0.1903149293361345,0.10077839144581249,0.28155077993544186
0.7131742650694067,9.96617393989236,0.1906267955166538,0.10010097646274094,0.2814967219326693
0.7131742650694067,10.316772974703191,0.1909448234852396,0.09864050486724155,0.28144509287689146
0.7131742650694067,10.667372009514018,0.19126884159888982,0.09792558167582305,0.28137711943336047
0.7131742650694067,11.017971044324847,0.19159868487427908,0.09944299930878381,0.28332323069762594
0.7131742650694067,11.368570079135674,0.19193419212506133,0.096910753603782,0.2812427598011169
0.7131742650694067,11.719169113946503,0.19227520388978292,0.09764187871674666,0.28117043541241415
0.7131742650694067,12.069768148757332,0.19262156114533446,0.09844458608931116,0.281431379428953
0.7131742650694067,12.420367183568159,0.19297310460079803,0.09932071547174659,0.2830060209577952
0.7131742650694067,12.77096621837899,0.1933296743772343,0.09808757400784193,0.2809359367720339
0.7131742650694067,13.121565253189816,0.19369110994332892,0.09940746279266428,0.28165332424384404
0.7131742650694067,13.472164288000645,0.19405725015031688,0.0988047864596865,0.28076855928329697
0.7131742650694067,13.822763322811472,0.19442793306933254,0.09824314671695338,0.28068289625361686
0.7131742650694067,14.1733623576223,0.19480299519982638,0.0969643895657743,0.280596632034011
0.7131742650694067,14.523961392433128,0.19518226962642204,0.09438316407537829,0.27899444275209273
0.7131742650694067,14.874560427243956,0.19556558286927173,0.09482292149814013,0.28042473405806717
0.7131742650694067,15.225159462054787,0.19595275040783638,0.09524089930650685,0.2819317657374461
0.7131742650694067,15.575758496865614,0.1963435710939588,0.09571527088903838,0.2835060457503425
0.7131742650694067,15.926357531676443,0.19673782092854034,0.09624845726861506,0.2839575513876926
0.7131742650694067,16.276956566487268,0.19713524698578025,0.0968427349122957,0.28499286720231104
0.7131742650694067,16.6275556012981,0.19753556256904783,0.09714844615292309,0.2863110610874127
0.7131742650694067,16.978154636108926,0.1979384448483524,0.0979403083029265,0.2896246802213864
0.7131742650694067,17.328753670919756,0.19834353619981396,0.08964795624383341,0.28085284775888203
0.7131742650694067,17.679352705730587,0.19875045032014213,0.0893044668176518,0.28370483908102834
0.7131742650694067,18.029951740541414,0.1991587840473066,0.09641134605515415,0.2921688944223598
0.7131742650694067,18.38055077535224,0.19956813563707024,0.09590086798519647,0.29226033935689166
0.7131742650694067,18.73114981016307,0.19997812965025477,0.0997276605836035,0.29699867017435655
0.7131742650694067,19.081748844973898,0.2003884469985907,0.10393661804381443,0.3016247287189992
0.7131742650694067,19.432347879784725,0.20079885578833326,0.10368410444810909,0.30233271941756024
0.7131742650694067,19.782946914595552,0.20120923528009563,0.10393565747376611,0.30370276178679567
0.7131742650694067,20.133545949406383,0.20161958401957333,0.10568631651130991,0.3082209362678594
0.7131742650694067,20.48414498421721,0.2020300066558722,0.10812329689195958,0.3110060445257932
0.7131742650694067,20.834744019028037,0.20244068196820758,0.10790545627937995,0.31151242009217955
0.7131742650694067,21.185343053838867,0.20285182263682952,0.10668182618729966,0.3111935818954837
0.7131742650694067,21.535942088649698,0.20326363969891478,0.10656969583766873,0.3115710064548297
0.7131742650694067,21.886541123460525,0.2036763200723887,0.10647650789184722,0.31182791780689306
0.7131742650694067,22.23714015827135,0.20409001798992096,0.10640243611622727,0.31206856189748894
0.7131742650694067,22.587739193082182,0.20450485573058608,0.10634773519011126,0.31226173294355564
0.7131742650694067,22.93833822789301,0.2049209277523734,0.10631274157911044,0.31335765617326744
0.7131742650694067,23.288937262703836,0.20533830411074686,0.10605065063137258,0.31535369133046914
0.7131742650694067,23.639536297514667,0.20575703170652,0.10285678776869761,0.3133573868154389
0.7131742650694067,23.990135332325494,0.2061771338506919,0.10298464483603975,0.3154262456740422
0.7131742650694067,24.34073436713632,0.20659860934774785,0.10903524797933585,0.32247225324614237
0.7131742650694067,24.691333401947148,0.20702143206038132,0.1092357970409167,0.32325779898940726
0.7131742650694067,25.04193243675798,0.20744555130386477,0.10901204392250476,0.3245986468452147
0.7131742650694067,25.392531471568805,0.20787089290606506,0.1066638556649856,0.32270039728268524
0.7131742650694067,25.743130506379632,0.20829736057751783,0.10905800077530677,0.32808090608369345
0.7131742650694067,26.093729541190463,0.20872483735155525,0.1109691990618211,0.33067598268155507
0.7131742650694067,26.444328576001293,0.20915318713638786,0.10861792092721415,0.3312636888191275
0.7131742650694067,26.79492761081212,0.20958225669837877,0.10846495275002786,0.33251633335755354
0.7131742650694067,27.145526645622947,0.21001187853312484,0.10684202017450195,0.3323265204633365
0.7131742650694067,27.496125680433778,0.21044187501333514,0.10751876850767574,0.3352075841456301
0.7131742650694067,27.846724715244605,0.21087206394294108,0.10770178775186737,0.3364916908061985
0.7131742650694067,28.197323750055432,0.21130226527262247,0.1075915627839295,0.3377186124200064
0.7131742650694067,28.54792278486626,0.21173230835622575,0.10154925049702998,0.3340246866420423
0.7131742650694067,28.89852181967709,0.21216203886534973,0.10115803697141582,0.3350866725423841
0.7131742650694067,29.249120854487916,0.21259132441451145,0.10170124733789022,0.3373344201666476
0.7131742650694067,29.599719889298743,0.21302005811059074,0.09805513205235065,0.33560288921708253
0.7131742650694067,29.950318924109574,0.21344815959242924,0.09774406243740213,0.33675766316810046
0.7131742650694067,30.3009179589204,0.21387557357888512,0.09741651026758728,0.33849626045013687
0.7131742650694067,30.651516993731228,0.21430226637615726,0.1066258881158137,0.34982328233775334
0.7131742650694067,31.002116028542055,0.21472822109587153,0.10113766632471155,0.34556352559964754
0.7131742650694067,31.352715063352885,0.2151534324379934,0.09237463526803556,0.3362414982464859
0.7131742650694067,31.703314098163716,0.2155779017969564,0.09194541695287974,0.33745493838891816
0.7131742650694067,32.05391313297454,0.21600163321451563,0.09152872252901242,0.33751826322273304
0.7131742650694067,32.40451216778537,0.21642463041699408,0.09324206761455094,0.3410520852951889
0.7131742650694067,32.7551112025962,0.2168468949189637,0.09454881025201706,0.34355580418625464
0.7131742650694067,33.105710237407024,0.21726842499916413,0.09112493240457473,0.34173531626505993
0.7131742650694067,33.45630927221785,0.217689215269414,0.09112877563271833,0.3445958668438818
0.7131742650694067,33.806908307028685,0.21810925654919977,0.09333268486990602,0.34858970956789825
0.7131742650694067,34.15750734183951,0.21852853580468515,0.09285654464993733,0.3501801281252521
0.7131742650694067,34.50810637665034,0.21894703599099205,0.09237098135616437,0.35101539240191204
0.7131742650694067,34.858705411461166,0.21936473573340534,0.0919235442870399,0.3513301751476025
0.7131742650694067,35.20930444627199,0.2197816088767654,0.09127527838544468,0.3521628227008315
0.7715106351688789,0.5,0.18747275973279315,0.0914690180512377,0.28497945604798
0.7715106351688789,0.8505990348108282,0.18758621405723558,0.09392859172710996,0.2858284797264207
0.7715106351688789,1.2011980696216566,0.18770662910940406,0.09376023340869834,0.2838269576265886
0.7715106351688789,1.5517971044324848,0.1878338771785993,0.09306267971556131,0.28389342776036725
0.7715106351688789,1.9023961392433129,0.18796790631163943,0.0962263043916069,0.2865579815444768
0.7715106351688789,2.2529951740541407,0.18810874239842168,0.09705486248529469,0.2862735648539564
0.7715106351688789,2.6035942088649695,0.18825645748867975,0.09203552198063425,0.28059930587392157
0.7715106351688789,2.954193243675798,0.18841112398272936,0.09631693354976341,0.2846922105565176
0.7715106351688789,3.3047922784866257,0.18857278023848717,0.09913964346153795,0.28602206565767807
0.7715106351688789,3.655391313297454,0.1887414215388828,0.10075365437214652,0.2859537634354031
0.7715106351688789,4.005990348108282,0.18891701260288546,0.09990831317683009,0.2843810461573007
0.7715106351688789,4.35658938291911,0.18909950843875872,0.09730423610547145,0.2828154430265314
0.7715106351688789,4.707188417729939,0.18928887219828228,0.09961354899958232,0.2841751244023801
0.7715106351688789,5.057787452540768,0.18948508529625147,0.09994455597900807,0.2835999154246939
0.7715106351688789,5.408386487351596,0.18968815019331073,0.10350142566552402,0.2853498685286044
0.7715106351688789,5.758985522162424,0.18989808811954884,0.10526193982151728,0.28578345186212345
0.7715106351688789,6.109584556973252,0.19011493366261986,0.10430042843164493,0.2850725093779138
0.7715106351688789,6.46018359178408,0.19033872700655366,0.10380810228442024,0.2849233666017203
0.7715106351688789,6.810782626594908,0.19056950378264412,0.1019093142029285,0.28259463927299855
0.7715106351688789,7.161381661405737,0.1908072827472369,0.10079180745870468,0.2823961797903729
0.7715106351688789,7.511980696216565,0.19105205293417904,0.10303884338474588,0.2849699351293586
0.7715106351688789,7.8625797310273935,0.1913037635477484,0.10482626930370138,0.28598571517969856
0.7715106351688789,8.213178765838222,0.19156232007362048,0.10481306010880552,0.2858206297188607
0.7715106351688789,8.56377780064905,0.19182758812768472,0.1017425680055728,0.2833514956569953
0.7715106351688789,8.914376835459878,0.1920994034406356,0.10429162868157928,0.2851595929863748
0.7715106351688789,9.264975870270705,0.19237758414898676,0.09700029129082506,0.2782418432684814
0.7715106351688789,9.615574905081534,0.19266194156479638,0.10575921514476898,0.2869909230150047
0.7715106351688789,9.96617393989236,0.19295228739933862,0.10594803703898448,0.2873904835349693
0.7715106351688789,10.316772974703191,0.19324843749222081,0.09521671919130582,0.27644580847463174
0.7715106351688789,10.667372009514018,0.19355021326136734,0.09442478107758034,0.2758536018302894
0.7715106351688789,11.017971044324847,0.1938574421923545,0.0928294934026995,0.27484422364779754
0.7715106351688789,11.368570079135674,0.19416995822158142,0.09300345689224238,0.2759639186163605
0.7715106351688789,11.719169113946503,0.1944876023249952,0.09996575002707747,0.28279779887364503
0.7715106351688789,12.069768148757332,0.1948102232434353,0.0995654740292609,0.2834069282450612
0.7715106351688789,12.420367183568159,0.19513767811741933,0.10046135851545765,0.2848974918501593
0.7715106351688789,12.77096621837899,0.19546983282079425,0.09672937828416903,0.28090444525210223
0.7715106351688789,13.121565253189816,0.1958065618484647,0.09833654565114629,0.28243748627586973
0.7715106351688789,13.472164288000645,0.19614774760212086,0.09967160356802643,0.2837245389797992
0.7715106351688789,13.822763322811472,0.19649327881388043,0.09885443210095282,0.28323559967492296
0.7715106351688789,14.1733623576223,0.19684304776588457,0.09775482838591808,0.2835082960212058
0.7715106351688789,14.523961392433128,0.19719694602776408,0.0966894973466728,0.2836194978007128
0.7715106351688789,14.874560427243956,0.19755485864800212,0.09565672530974566,0.2848180704155011
0.7715106351688789,15.225159462054787,0.19791665700753067,0.09079398011381898,0.2807768585357788
0.7715106351688789,15.575758496865614,0.198282190807983,0.09281653768629353,0.28233632328379543
0.7715106351688789,15.926357531676443,0.19865127992670106,0.0905729254177589,0.28279214511826156
0.7715106351688789,16.276956566487268,0.1990237071267645,0.09661382534309955,0.28984726979552267
0.7715106351688789,16.6275556012981,0.19939921279324577,0.0976838382224283,0.2909518305110118
0.7715106351688789,16.978154636108926,0.19977749287267085,0.10433203382329997,0.29870084670684366
0.7715106351688789,17.328753670919756,0.20015820098810772,0.10423073757417325,0.29899180445937684
0.7715106351688789,17.679352705730587,0.20054095538319333,0.10405133584964697,0.2989217844238138
0.7715106351688789,18.029951740541414,0.2009253510751088,0.10478341069554406,0.30038918973386286
0.7715106351688789,18.38055077535224,0.20131097743628523,0.10368555351925672,0.2999590436715896
0.7715106351688789,18.73114981016307,0.20169744120047417,0.10283910930881936,0.3000044471033872
0.7715106351688789,19.081748844973898,0.20208439415271134,0.10330976741682575,0.30193611462620923
0.7715106351688789,19.432347879784725,0.20247156303240557,0.11251505225696046,0.3119085679915336
0.7715106351688789,19.782946914595552,0.20285877652772868,0.11184652462881173,0.3113883147113538
0.7715106351688789,20.133545949406383,0.20324598195857682,0.11140442377790463,0.3116037019263105
0.7715106351688789,20.48414498421721,0.20363324466439522,0.1123343808620607,0.31413074050411843
0.7715106351688789,20.834744019028037,0.20402072778301505,0.10893930380044888,0.3118545703416951
0.7715106351688789,21.185343053838867,0.2044086574559999,0.11044164980865642,0.3141059122464743
0.7715106351688789,21.535942088649698,0.20479728401179365,0.10895853387840335,0.31378620649283573
0.7715106351688789,21.886541123460525,0.20518684963749986,0.10922540588639039,0.31466385982275963
0.7715106351688789,22.23714015827135,0.2055775680000452,0.10949912606592718,0.3154917133514646
0.7715106351688789,22.587739193082182,0.20596961517751272,0.1090794989460114,0.31627845104752617
0.7715106351688789,22.93833822789301,0.206363127682628,0.11324797687637561,0.32163185507220915
0.7715106351688789,23.288937262703836,0.20675820313258114,0.11260916663664108,0.32180665714130346
0.7715106351688789,23.639536297514667,0.20715490091375888,0.11065576273834064,0.3205024611280324
0.7715106351688789,23.990135332325494,0.20755324225058458,0.11095915771633438,0.32196451973639106
0.7715106351688789,24.34073436713632,0.20795321035399797,0.11604496491066807,0.328053279553904
0.7715106351688789,24.691333401947148,0.2083547516130766,0.11571754657024053,0.32859993656156755
0.7715106351688789,25.04193243675798,0.20875777844640736,0.11538994652939659,0.3291365094104976
0.7715106351688789,25.392531471568805,0.20916217389176264,0.11506254583970937,0.3296626533552548
0.7715106351688789,25.743130506379632,0.20956779757891653,0.11473569596414847,0.3314103227464678
0.7715106351688789,26.093729541190463,0.2099744925088691,0.11448861467009037,0.3328543861354139
0.7715106351688789,26.444328576001293,0.21038209203777652,0.11401028211645445,0.33329469448752214
0.7715106351688789,26.79492761081212,0.21079042656680244,0.11354762433458024,0.334094572769991
0.7715106351688789,27.145526645622947,0.2111993295929928,0.11309999303360768,0.3364834290830395
0.7715106351688789,27.496125680433778,0.21160864292136994,0.10854941154097868,0.33441459445035593
0.7715106351688789,27.846724715244605,0.21201822094341838,0.1063269518824929,0.33472474015858356
0.7715106351688789,28.197323750055432,0.21242793394776868,0.10506484877216965,0.33500546195497644
0.7715106351688789,28.54792278486626,0.21283767045818847,0.10318141058567622,0.33525813662181086
0.7715106351688789,28.89852181967709,0.2132473386104955,0.10353158888655692,0.33684799591176817
0.7715106351688789,29.249120854487916,0.213656866598692,0.1044687147559042,0.3388216131967983
0.7715106351688789,29.599719889298743,0.21406620224823306,0.10416824017807547,0.3408751898674204
0.7715106351688789,29.950318924109574,0.21447531180905216,0.0969732259431378,0.3360164398831213
0.7715106351688789,30.3009179589204,0.21488417809505486,0.09636668876471348,0.33614984327071057
0.7715106351688789,30.651516993731228,0.21529279812051724,0.09470881699457841,0.3361062369738275
0.7715106351688789,31.002116028542055,0.21570118038921385,0.09431000255750467,0.3366398479815638
0.7715106351688789,31.352715063352885,0.21610934197645595,0.09571298410597091,0.3392231270370182
0.7715106351688789,31.703314098163716,0.21651730551299211,0.09109311164593231,0.33704048502801126
0.7715106351688789,32.05391313297454,0.21692509614662897,0.09113070821254991,0.3382548845649056
0.7715106351688789,32.40451216778537,0.21733273853992124,0.09117967243516376,0.3395373080493751
0.7715106351688789,32.7551112025962,0.21774025397246347,0.09124067305543433,0.3408321077989472
0.7715106351688789,33.105710237407024,0.21814765765175245,0.0913143690955085,0.3421353614708225
0.7715106351688789,33.45630927221785,0.2185549563779147,0.09113496419991123,0.3437281264502255
0.7715106351688789,33.806908307028685,0.2189621467272631,0.09150241536854882,0.3460776958848161
0.7715106351688789,34.15750734183951,0.2193692138973645,0.09161800778149821,0.3479079916421275
0.7715106351688789,34.50810637665034,0.21977613128977433,0.09489196348664432,0.35270078831655943
0.7715106351688789,34.858705411461166,0.22018286081067293,0.09475709102754584,0.35316691819102836
0.7715106351688789,35.20930444627199,0.22058935376803587,0.10189978801211166,0.3615310441468154
0.8298470052683502,0.5,0.19024240188108535,0.09585494416368065,0.2899437528906194
0.8298470052683502,0.8505990348108282,0.19035116883830172,0.09585659644410166,0.28681280899858363
0.8298470052683502,1.2011980696216566,0.19046660802736642,0.09587796346317239,0.28692611571342713
0.8298470052683502,1.5517971044324848,0.19058849862216964,0.09571111206831899,0.28618746146979196
0.8298470052683502,1.9023961392433129,0.19071665258972703,0.09603025518179693,0.28557367248095983
0.8298470052683502,2.2529951740541407,0.19085095835017818,0.09731948351154493,0.28616589976591905
0.8298470052683502,2.6035942088649695,0.19099138279351122,0.09824765558927392,0.2865514246376259
0.8298470052683502,2.954193243675798,0.1911379388463133,0.09227622389143329,0.27898959698987735
0.8298470052683502,3.3047922784866257,0.19129064304822055,0.09428246142993844,0.2782138884169051
0.8298470052683502,3.655391313297454,0.19144948889489108,0.09348208720750234,0.27838331804193056
0.8298470052683502,4.005990348108282,0.1916144457476272,0.09472149487594689,0.28038077038179193
0.8298470052683502,4.35658938291911,0.19178547528561915,0.1002586631676062,0.2855730544238785
0.8298470052683502,4.707188417729939,0.19196255099797294,0.101966269859857,0.28593724980108115
0.8298470052683502,5.057787452540768,0.19214567062829432,0.10416233666080682,0.287204280714685
0.8298470052683502,5.408386487351596,0.1923348589793683,0.1060947950853329,0.28773141239490085
0.8298470052683502,5.758985522162424,0.1925301633699698,0.10659766083732175,0.28827625416797337
0.8298470052683502,6.109584556973252,0.19273164524726297,0.10688614625507863,0.28883514032801105
0.8298470052683502,6.46018359178408,0.19293937038606934,0.107028768961709,0.2894085229518251
0.8298470052683502,6.810782626594908,0.19315339851290764,0.10340299174283038,0.28527107046626377
0.8298470052683502,7.161381661405737,0.19337377245151074,0.10419140702511631,0.2852481055150019
0.8298470052683502,7.511980696216565,0.19360050751847932,0.10358933013714415,0.2852218819590599
0.8298470052683502,7.8625797310273935,0.1938335831770322,0.1016836162486373,0.2834692679168405
0.8298470052683502,8.213178765838222,0.1940729394061574,0.10245244341022132,0.2851581030763823
0.8298470052683502,8.56377780064905,0.19431847900214333,0.10385736131568907,0.28621639542418126
0.8298470052683502,8.914376835459878,0.1945700747669974,0.10475899727605158,0.28593354945509486
0.8298470052683502,9.264975870270705,0.19482757885921292,0.10504209366926416,0.2869963309407093
0.8298470052683502,9.615574905081534,0.19509083153216025,0.10659479900220951,0.28884470181144384
0.8298470052683502,9.96617393989236,0.19535966772505306,0.10158041154405147,0.284917656778663
0.8298470052683502,10.316772974703191,0.1956339213682658,0.1030376902156048,0.2865644439619564
0.8298470052683502,10.667372009514018,0.19591342802520814,0.10263927132058576,0.28554736371475653
0.8298470052683502,11.017971044324847,0.19619802659153454,0.10125994317926694,0.28516743072047734
0.8298470052683502,11.368570079135674,0.19648756055642624,0.09613794037439474,0.2795296151132237
0.8298470052683502,11.719169113946503,0.196781879070422,0.0961357547746158,0.2811533762657351
0.8298470052683502,12.069768148757332,0.19708083787495556,0.0972435647117993,0.2823305212953458
0.8298470052683502,12.420367183568159,0.1973843000722293,0.0989860753015169,0.2843548066659465
0.8298470052683502,12.77096621837899,0.1976921367288481,0.09883463328781207,0.28495353703034715
0.8298470052683502,13.121565253189816,0.1980042273171225,0.10045132175210524,0.2863866583353953
0.8298470052683502,13.472164288000645,0.19832045990996805,0.09939269409510035,0.286348335135239
0.8298470052683502,13.822763322811472,0.19864073087789513,0.09783908062493203,0.2864228397725691
0.8298470052683502,14.1733623576223,0.1989649437227376,0.11012101209143682,0.2998004090129196
0.8298470052683502,14.523961392433128,0.19929300672699582,0.10922830400879917,0.29998352801606554
0.8298470052683502,14.874560427243956,0.19962482925692568,0.1092536814420244,0.30070365415819816
0.8298470052683502,15.225159462054787,0.19996031670588268,0.10926812746305682,0.3014170749922362
0.8298470052683502,15.575758496865614,0.20029936415620303,0.10454377882892808,0.29756655257314074
0.8298470052683502,15.926357531676443,0.20064184895748288,0.10710420646514636,0.3005831440921018
0.8298470052683502,16.276956566487268,0.20098762267313203,0.10570814456517086,0.29983568320154164
0.8298470052683502,16.6275556012981,0.20133650323759655,0.1050546774815823,0.30000579843836
0.8298470052683502,16.978154636108926,0.2016882685678882,0.10550127275921008,0.3011199342516504
0.8298470052683502,17.328753670919756,0.20204265311335304,0.10953173102463981,0.30569030958389515
0.8298470052683502,17.679352705730587,0.20239934879935959,0.11010233187025034,0.30642083276091125
0.8298470052683502,18.029951740541414,0.20275801153505119,0.11067308275769903,0.307161030605417
0.8298470052683502,18.38055077535224,0.20311827400321109,0.11069656807163071,0.3079120680089665
0.8298470052683502,18.73114981016307,0.20347976488614222,0.1110360881067608,0.3091843785535516
0.8298470052683502,19.081748844973898,0.20384213390045694,0.11238106134208066,0.312063746728738
0.8298470052683502,19.432347879784725,0.2042050807469069,0.11266097310980701,0.312771419171481
0.8298470052683502,19.782946914595552,0.2045683841593136,0.11253341834823259,0.31364551309711397
0.8298470052683502,20.133545949406383,0.2049319251126697,0.11318289873707695,0.3149106200962934
0.8298470052683502,20.48414498421721,0.2052956973371676,0.11070622490870555,0.3130950264962604
0.8298470052683502,20.834744019028037,0.20565980031016948,0.11127820452433282,0.31361806060350217
0.8298470052683502,21.185343053838867,0.2060244151563332,0.11186988662725537,0.3143868688989071
0.8298470052683502,21.535942088649698,0.20638976998952227,0.1124164637508292,0.31574961340079777
0.8298470052683502,21.886541123460525,0.20675610443027706,0.11220598368528573,0.3161445272057851
0.8298470052683502,22.23714015827135,0.20712364143928916,0.11200377924631148,0.3170445929194723
0.8298470052683502,22.587739193082182,0.20749256982264042,0.11129508057627738,0.3179588450337046
0.8298470052683502,22.93833822789301,0.2078630361526023,0.1116971731042973,0.31950429280172754
0.8298470052683502,23.288937262703836,0.20823514267439958,0.1157836225266091,0.32470517788508146
0.8298470052683502,23.639536297514667,0.20860894808388966,0.11603197612396746,0.32582448117112994
0.8298470052683502,23.990135332325494,0.2089844695567364,0.11537206496711595,0.32686673296325003
0.8298470052683502,24.34073436713632,0.20936168575946537,0.11400720260355549,0.32616423955262797
0.8298470052683502,24.691333401947148,0.20974054115067092,0.11370655685277757,0.3278491080930544
0.8298470052683502,25.04193243675798,0.21012095175205892,0.11351339280467795,0.32906239454386516
0.8298470052683502,25.392531471568805,0.21050281211981456,0.11469470797422278,0.33110535301902033
0.8298470052683502,25.743130506379632,0.21088600283443393,0.1169862760998898,0.3342244177632374
0.8298470052683502,26.093729541190463,0.21127039763595823,0.11519213055718215,0.335217043498373
0.8298470052683502,26.444328576001293,0.2116558693966177,0.11045950637319756,0.33232304484294545
0.8298470052683502,26.79492761081212,0.21204229440010058,0.10998063590408949,0.33319897732613246
0.8298470052683502,27.145526645622947,0.21242955480252465,0.1095586917799652,0.33323939974875216
0.8298470052683502,27.496125680433778,0.21281753957390825,0.10919191125474666,0.33365809455414924
0.8298470052683502,27.846724715244605,0.2132061445394789,0.10887753275420427,0.33579894637060614
0.8298470052683502,28.197323750055432,0.21359527226181058,0.10742824052696354,0.33553531446100243
0.8298470052683502,28.54792278486626,0.21398483239486318,0.10636990366680416,0.3364564022057122
0.8298470052683502,28.89852181967709,0.21437474284491737,0.10445205588609353,0.33700893664238696
0.8298470052683502,29.249120854487916,0.21476493169693955,0.10272174231115119,0.338152667674527
0.8298470052683502,29.599719889298743,0.2151553395333975,0.10117386626761618,0.339691213869749
0.8298470052683502,29.950318924109574,0.2155459215859976,0.09980075503072737,0.3401775078313036
0.8298470052683502,30.3009179589204,0.2159366491616513,0.0985927948385813,0.3412204275323896
0.8298470052683502,30.651516993731228,0.21632750994734948,0.09866866644929968,0.3422560218180162
0.8298470052683502,31.002116028542055,0.2167185070482108,0.09898634890085481,0.3432839162272897
0.8298470052683502,31.352715063352885,0.21710965685657516,0.09584719670794883,0.34191807251194006
0.8298470052683502,31.703314098163716,0.21750098601924045,0.10345521791677521,0.3509627754875184
0.8298470052683502,32.05391313297454,0.21789252784361224,0.10331020488021396,0.3511374470292321
0.8298470052683502,32.40451216778537,0.21828431848255453,0.10316860523228243,0.351334983778075
0.8298470052683502,32.7551112025962,0.2186763931977852,0.10250656760971932,0.3515542705284059
0.8298470052683502,33.105710237407024,0.2190687829458683,0.10289560289585237,0.3520871457497749
0.8298470052683502,33.45630927221785,0.21946151146284432,0.10276417728245077,0.3533044183545908
0.8298470052683502,33.806908307028685,0.21985459294178328,0.10263612046394774,0.354438547261142
0.8298470052683502,34.15750734183951,0.2202480303120242,0.10251142214517024,0.35631929160521597
0.8298470052683502,34.50810637665034,0.2206418140613239,0.10239007296276705,0.358176784897237
0.8298470052683502,34.858705411461166,0.2210359215109132,0.1022681544299311,0.3595045295571051
0.8298470052683502,35.20930444627199,0.22143031646005268,0.10215738894211747,0.3612043826569958
0.8881833753678217,0.5,0.19309656038423062,0.09582164486928312,0.2920072677485943
0.8881833753678217,0.8505990348108282,0.1931988184527507,0.09725304556884327,0.29202182764135176
0.8881833753678217,1.2011980696216566,0.1933073912440489,0.09834466618160015,0.29166541825749476
0.8881833753678217,1.5517971044324848,0.19342212661462846,0.10029198099950436,0.2919076825322085
0.8881833753678217,1.9023961392433129,0.1935428125847082,0.098595211720664,0.28926303718106305
0.8881833753678217,2.2529951740541407,0.19366925816566571,0.09866413658173774,0.28815970007543396
0.8881833753678217,2.6035942088649695,0.19380133986458387,0.09868431443488483,0.2873226835109678
0.8881833753678217,2.954193243675798,0.19393900348236676,0.09872578313146721,0.2869637662513612
0.8881833753678217,3.3047922784866257,0.1940822328854207,0.10054395877420572,0.2872816169516507
0.8881833753678217,3.655391313297454,0.19423101340066604,0.0986787528993988,0.2837840506873711
0.8881833753678217,4.005990348108282,0.1943853137280823,0.10186762327381302,0.2880742156776348
0.8881833753678217,4.35658938291911,0.1945450914333998,0.10230341982600992,0.2880878573668408
0.8881833753678217,4.707188417729939,0.1947103109179823,0.10392012479203651,0.2893270242773909
0.8881833753678217,5.057787452540768,0.19488095958326063,0.10469284123131195,0.2891171851750253
0.8881833753678217,5.408386487351596,0.19505705420589559,0.10404981813945074,0.28841268416228616
0.8881833753678217,5.758985522162424,0.19523863714529766,0.1072066684601372,0.29165705105982737
0.8881833753678217,6.109584556973252,0.19542576618095003,0.1096756575606397,0.29284222287963185
0.8881833753678217,6.46018359178408,0.195618502167479,0.11046657392694141,0.2943554678393991
0.8881833753678217,6.810782626594908,0.19581689712748138,0.10752638635119864,0.2924810451291376
0.8881833753678217,7.161381661405737,0.19602098392449313,0.10763571498620185,0.29267943108683797
0.8881833753678217,7.511980696216565,0.19623076829803965,0.10098752908111319,0.28516455721992556
0.8881833753678217,7.8625797310273935,0.1964462243694769,0.10041955878992212,0.28465924531351244
0.8881833753678217,8.213178765838222,0.1966672945907617,0.10314287610719565,0.2870230879157588
0.8881833753678217,8.56377780064905,0.19689389398313598,0.10128186969756472,0.2844711997006059
0.8881833753678217,8.914376835459878,0.19712591707970553,0.10365665793411163,0.28694248446027604
0.8881833753678217,9.264975870270705,0.19736324535916439,0.10320725406962879,0.2868944410306744
0.8881833753678217,9.615574905081534,0.19760575349915885,0.1032699639589923,0.2872267102338936
0.8881833753678217,9.96617393989236,0.19785331383508473,0.10216874918482308,0.28690691405943747
0.8881833753678217,10.316772974703191,0.19810579913828133,0.09987689919243438,0.28431779039384636
0.8881833753678217,10.667372009514018,0.19836308400093794,0.09997727425823538,0.28316552585755017
0.8881833753678217,11.017971044324847,0.19862504506539813,0.0988921204998317,0.282966644370115
0.8881833753678217,11.368570079135674,0.19889156036885175,0.09781709772168798,0.2827764542710996
0.8881833753678217,11.719169113946503,0.19916250819366182,0.09675425579055617,0.28287413786184
0.8881833753678217,12.069768148757332,0.19943776589550183,0.0999206269228623,0.28632093065222686
0.8881833753678217,12.420367183568159,0.19971720917454008,0.10047305423862891,0.28658862718527833
0.8881833753678217,12.77096621837899,0.20000071216501147,0.0998137500343536,0.2877223491745836
0.8881833753678217,13.121565253189816,0.20028814853008764,0.11241630658052265,0.3004230118981748
0.8881833753678217,13.472164288000645,0.2005793934496079,0.11271702924846325,0.30045331972306216
0.8881833753678217,13.822763322811472,0.20087432605564018,0.11300318223348836,0.30052686999855216
0.8881833753678217,14.1733623576223,0.20117283166631303,0.1103311654564327,0.300890876962309
0.8881833753678217,14.523961392433128,0.20147480319677613,0.11103699285132727,0.3016145854245587
0.8881833753678217,14.874560427243956,0.2017801413240964,0.11115571540729959,0.3034224525466814
0.8881833753678217,15.225159462054787,0.2020887531897502,0.11681167952659982,0.3101429650916496
0.8881833753678217,15.575758496865614,0.20240054954883335,0.115776783760659,0.30990115466663665
0.8881833753678217,15.926357531676443,0.20271544036068367,0.11621815634146895,0.3098403134281855
0.8881833753678217,16.276956566487268,0.2030333289532882,0.11577954130921077,0.3098988174407074
0.8881833753678217,16.6275556012981,0.20335410512921825,0.11478249778161531,0.3097960799141912
0.8881833753678217,16.978154636108926,0.2036776378894002,0.11492732490314528,0.30990738522368605
0.8881833753678217,17.328753670919756,0.20400376876890436,0.11453938461197419,0.3100069550048177
0.8881833753678217,17.679352705730587,0.204332307038414,0.11417542263453408,0.3100947738506223
0.8881833753678217,18.029951740541414,0.20466302817176454,0.11253471429444278,0.3095595891290458
0.8881833753678217,18.38055077535224,0.20499567696932947,0.11333798323571957,0.31023524013109416
0.8881833753678217,18.73114981016307,0.20532997649980705,0.11291835388061065,0.31114567588033293
0.8881833753678217,19.081748844973898,0.20566564346765193,0.11450750440826896,0.3141994128070466
0.8881833753678217,19.432347879784725,0.20600240955791574,0.11332955464786185,0.3143885015932828
0.8881833753678217,19.782946914595552,0.20634004662734393,0.11315817004627425,0.3144362178787058
0.8881833753678217,20.133545949406383,0.20667839149596223,0.11365994962546119,0.3153314501759098
0.8881833753678217,20.48414498421721,0.207017364382346,0.11202323829063059,0.31469257515329546
0.8881833753678217,20.834744019028037,0.20735697510326198,0.11183916845391804,0.31540312402942633
0.8881833753678217,21.185343053838867,0.2076973140395268,0.11447278335700109,0.31938139434970386
0.8881833753678217,21.535942088649698,0.20803852988986432,0.11472007143402989,0.31959883319917487
0.8881833753678217,21.886541123460525,0.20838080083367128,0.1149731784814131,0.3206765539653843
0.8881833753678217,22.23714015827135,0.20872430720065624,0.11523191070669989,0.32176451665874506
0.8881833753678217,22.587739193082182,0.20906921151016755,0.11549606349212899,0.3228426246334792
0.8881833753678217,22.93833822789301,0.20941564766368628,0.11566235877534117,0.32433462088224263
0.8881833753678217,23.288937262703836,0.2097637176830654,0.11603976347895392,0.32502009353012085
0.8881833753678217,23.639536297514667,0.21011349300466883,0.11631885552435026,0.3263877804501303
0.8881833753678217,23.990135332325494,0.21046501769381662,0.11713867743394539,0.3289850151666953
0.8881833753678217,24.34073436713632,0.21081831199856157,0.11751252397558068,0.33069253685868366
0.8881833753678217,24.691333401947148,0.21117337555326413,0.11714137906038939,0.33150146933040464
0.8881833753678217,25.04193243675798,0.21153018997964432,0.11640510146622497,0.3322246978339512
0.8881833753678217,25.392531471568805,0.211888720768717,0.11455001782046977,0.3318337669779864
0.8881833753678217,25.743130506379632,0.21224891842118737,0.11681860619844135,0.3357168683514475
0.8881833753678217,26.093729541190463,0.21261071899914258,0.11619014085949565,0.3366067904054349
0.8881833753678217,26.444328576001293,0.21297404444648305,0.11388163667536223,0.33633204583187337
0.8881833753678217,26.79492761081212,0.21333880315047604,0.1133706751262212,0.3367796913127579
0.8881833753678217,27.145526645622947,0.21370489117538913,0.11291006982051018,0.3371425940437287
0.8881833753678217,27.496125680433778,0.21407219443013464,0.11250065240637107,0.33809897708021386
0.8881833753678217,27.846724715244605,0.21444059182134023,0.11176483776893657,0.33776940382015197
0.8881833753678217,28.197323750055432,0.214809959267918,0.11183778447720995,0.3398206527553731
0.8881833753678217,28.54792278486626,0.21518017433920916,0.10897309953489757,0.3396953990159411
0.8881833753678217,28.89852181967709,0.21555112120690098,0.111094623215234,0.3432347311504746
0.8881833753678217,29.249120854487916,0.2159226955415504,0.11068818603997117,0.3442030663173173
0.8881833753678217,29.599719889298743,0.21629480893121256,0.11029377168455842,0.34537151818132894
0.8881833753678217,29.950318924109574,0.21666739237707172,0.10991085490038274,0.3472443137629068
0.8881833753678217,30.3009179589204,0.21704039846550965,0.11111320469672786,0.3495601116628512
0.8881833753678217,30.651516993731228,0.21741380194615545,0.10896249881946668,0.3479350440895721
0.8881833753678217,31.002116028542055,0.21778759864435607,0.10882617744728265,0.35003217037313056
0.8881833753678217,31.352715063352885,0.21816180285833983,0.10973345253825845,0.35322890861359146
0.8881833753678217,31.703314098163716,0.218536443583073,0.1081518737373972,0.35379495171935965
0.8881833753678217,32.05391313297454,0.2189115600248778,0.10685494340986723,0.35344966410869044
0.8881833753678217,32.40451216778537,0.21928719690512896,0.1066584300628601,0.3545074391608569
0.8881833753678217,32.7551112025962,0.21966339999848408,0.10683956962054812,0.3559338491166757
0.8881833753678217,33.105710237407024,0.22004021222701978,0.08702287173016307,0.33851081001756356
0.8881833753678217,33.45630927221785,0.22041767046711902,0.0864643655231205,0.339137693104829
0.8881833753678217,33.806908307028685,0.22079580306410185,0.08589948797312903,0.3397382814372907
0.8881833753678217,34.15750734183951,0.22117462793368692,0.08532931383567931,0.34070862415805797
0.8881833753678217,34.50810637665034,0.22155415108444992,0.10495708244485007,0.36163018414910436
0.8881833753678217,34.858705411461166,0.22193436541759304,0.1033481627165231,0.36128882261682616
0.8881833753678217,35.20930444627199,0.22231524972336558,0.10400748903470922,0.36297111603138643
0.9465197454672938,0.5,0.1960357324023479,0.0904054565334464,0.28784857010785636
0.9465197454672938,0.8505990348108282,0.1961307291903357,0.09465644763204917,0.2914183098999175
0.9465197454672938,1.2011980696216566,0.19623130260430374,0.09506258423065893,0.2907243589498093
0.9465197454672938,1.5517971044324848,0.19633755660226954,0.09533834772914387,0.28951368956856566
0.9465197454672938,1.9023961392433129,0.19644943552475524,0.09675827364614181,0.2893709999197149
0.9465197454672938,2.2529951740541407,0.1965668063108605,0.09820977971142968,0.2894130253561731
0.9465197454672938,2.6035942088649695,0.19668953666365582,0.09853574892343184,0.28930660418975185
0.9465197454672938,2.954193243675798,0.1968175395228006,0.09985273867882011,0.2893183108197128
0.9465197454672938,3.3047922784866257,0.1969507737137411,0.10051707927799425,0.2892573773733507
0.9465197454672938,3.655391313297454,0.19708921565002152,0.10075956767263458,0.28843204367286673
0.9465197454672938,4.005990348108282,0.1972328306098329,0.10267437537595128,0.29020874007438546
0.9465197454672938,4.35658938291911,0.19738156398226125,0.10363472515925463,0.2909483868091705
0.9465197454672938,4.707188417729939,0.19753535297766991,0.10528753241189956,0.292367876540709
0.9465197454672938,5.057787452540768,0.1976941458159159,0.10665494727863167,0.2937221605456733
0.9465197454672938,5.408386487351596,0.19785791523280613,0.09587314639553207,0.2823481219020917
0.9465197454672938,5.758985522162424,0.19802666058400772,0.09512992485436332,0.2803294254152417
0.9465197454672938,6.109584556973252,0.1982004000151626,0.0975023439745496,0.28188435945648854
0.9465197454672938,6.46018359178408,0.19837915745836418,0.0980165286287355,0.28229259847614696
0.9465197454672938,6.810782626594908,0.19856294906822722,0.09710235421709126,0.2830368010134527
0.9465197454672938,7.161381661405737,0.19875177225120638,0.10186188487312951,0.28827561851933486
0.9465197454672938,7.511980696216565,0.19894559922084615,0.10198268898367814,0.28764140115164727
0.9465197454672938,7.8625797310273935,0.19914437608864152,0.10474827945683221,0.28901210593186627
0.9465197454672938,8.213178765838222,0.19934802721173672,0.1042961520037184,0.2877780770194421
0.9465197454672938,8.56377780064905,0.19955646286406667,0.10577091740460841,0.288940360965518
0.9465197454672938,8.914376835459878,0.19976958726602492,0.1054166484329986,0.28889715953740963
0.9465197454672938,9.264975870270705,0.1999873044892141,0.10244345152040651,0.285475028017634
0.9465197454672938,9.615574905081534,0.200209521412832,0.10065785395435839,0.28373176449669596
0.9465197454672938,9.96617393989236,0.20043614843621343,0.09945013232038011,0.28307494373265374
0.9465197454672938,10.316772974703191,0.20066709907338592,0.10155718952307297,0.28483972766296445
0.9465197454672938,10.667372009514018,0.20090228904301535,0.10048588102197145,0.28463744512298805
0.9465197454672938,11.017971044324847,0.2011416348611178,0.10217572596379298,0.28677249651919046
0.9465197454672938,11.368570079135674,0.20138505180057822,0.10344429360564887,0.2884262050908816
0.9465197454672938,11.719169113946503,0.2016324513480005,0.10035318820961078,0.2849452395036987
0.9465197454672938,12.069768148757332,0.2018837386415139,0.0999576793681737,0.2861401187492485
0.9465197454672938,12.420367183568159,0.20213881057793534,0.10155420439858437,0.28812392205470533
0.9465197454672938,12.77096621837899,0.20239755524808634,0.09566398039739292,0.2848420716157772
0.9465197454672938,13.121565253189816,0.20265985308658516,0.09795551416835212,0.287889266398173
0.9465197454672938,13.472164288000645,0.202925579668732,0.11214236725668193,0.30209100474423317
0.9465197454672938,13.822763322811472,0.20319460961665842,0.11252122075938378,0.3052369625526142
0.9465197454672938,14.1733623576223,0.20346682080165335,0.11279000883583609,0.30535800386016065
0.9465197454672938,14.523961392433128,0.20374209805335508,0.11261018448397289,0.3056839444431301
0.9465197454672938,14.874560427243956,0.20402033581432966,0.11571137433548302,0.3107111678478391
0.9465197454672938,15.225159462054787,0.2043014394189322,0.10523299247813726,0.30096038688811927
0.9465197454672938,15.575758496865614,0.20458532482231642,0.11405509502412997,0.3106915738476234
0.9465197454672938,15.926357531676443,0.20487191669430668,0.11849904459982567,0.3150526566209342
0.9465197454672938,16.276956566487268,0.20516114490805928,0.11944772267737176,0.3158918412485255
0.9465197454672938,16.6275556012981,0.2054529396334234,0.11996651102309333,0.31623719482332135
0.9465197454672938,16.978154636108926,0.2057472254718589,0.12014498627175828,0.3165684882945171
0.9465197454672938,17.328753670919756,0.20604391530592223,0.12030569295863251,0.31688839656462525
0.9465197454672938,17.679352705730587,0.2063429047446893,0.12032383615698578,0.317199739034711
0.9465197454672938,18.029951740541414,0.20664406818995293,0.11994386215767185,0.3175053591497975
0.9465197454672938,18.38055077535224,0.20694725759142232,0.119613995107261,0.31844182171507335
0.9465197454672938,18.73114981016307,0.20725230487444807,0.11756646053272124,0.3181101818309107
0.9465197454672938,19.081748844973898,0.20755902877485102,0.1208625495009744,0.32170946588764454
0.9465197454672938,19.432347879784725,0.20786724632162032,0.12308782501594151,0.3254748593316484
0.9465197454672938,19.782946914595552,0.20817678834305253,0.11816740641780572,0.32128426517285946
0.9465197454672938,20.133545949406383,0.2084875170799268,0.11334398269895588,0.3164565524952956
0.9465197454672938,20.48414498421721,0.2087993425304365,0.11423846533531838,0.3180501307048142
0.9465197454672938,20.834744019028037,0.2091122332748208,0.11403717525984047,0.3178960952101197
0.9465197454672938,21.185343053838867,0.20942621820395108,0.1151579208913206,0.3203329901481443
0.9465197454672938,21.535942088649698,0.20974137817283636,0.11569816459550611,0.3206658184156535
0.9465197454672938,21.886541123460525,0.21005783013709914,0.11590663261398432,0.3215313260129407
0.9465197454672938,22.23714015827135,0.21037570883713852,0.11612174558313693,0.32266987591914675
0.9465197454672938,22.587739193082182,0.21069515110160023,0.11634333830115573,0.32470595007179576
0.9465197454672938,22.93833822789301,0.2110162855917315,0.11854005510264615,0.3291642012449855
0.9465197454672938,23.288937262703836,0.21133922792758283,0.1147874149923385,0.3258473663274909
0.9465197454672938,23.639536297514667,0.21166407923492156,0.11446871293403599,0.32682140557043315
0.9465197454672938,23.990135332325494,0.21199092579241677,0.11719419416278291,0.33073679065368033
0.9465197454672938,24.34073436713632,0.21231983819710212,0.11146025543297985,0.32641491692674013
0.9465197454672938,24.691333401947148,0.21265086950967202,0.11223416383367081,0.32787699829089906
0.9465197454672938,25.04193243675798,0.21298405262507705,0.11599297938808989,0.33197703039646675
0.9465197454672938,25.392531471568805,0.2133193974741868,0.11632355683193199,0.3337235948063408
0.9465197454672938,25.743130506379632,0.21365688870142427,0.11573498969912265,0.3344314074064769
0.9465197454672938,26.093729541190463,0.21399648434350427,0.11516649014271188,0.33561684202603237
0.9465197454672938,26.444328576001293,0.21433811585848647,0.11324059769169471,0.33450454318603584
0.9465197454672938,26.79492761081212,0.21468168965895318,0.11334220276392575,0.336832591703491
0.9465197454672938,27.145526645622947,0.21502709010577928,0.11263225573338592,0.3368705095927574
0.9465197454672938,27.496125680433778,0.21537418375143116,0.11186409347674701,0.3379556273969717
0.9465197454672938,27.846724715244605,0.21572282452311992,0.11375826833990647,0.3411296077685945
0.9465197454672938,28.197323750055432,0.21607285952299443,0.11393424156907932,0.3421508579081676
0.9465197454672938,28.54792278486626,0.21642413516923162,0.11347536456502409,0.34314572538387955
0.9465197454672938,28.89852181967709,0.21677650345009858,0.1110840736617028,0.3449325249493214
0.9465197454672938,29.249120854487916,0.2171298280552842,0.11339744395969689,0.3487983378629135
0.9465197454672938,29.599719889298743,0.2174839900646569,0.11295810484605262,0.35070508618818097
0.9465197454672938,29.950318924109574,0.21783889274948937,0.11252261092326883,0.3531800098103996
0.9465197454672938,30.3009179589204,0.21819446495481074,0.09943579263298963,0.3416085814961786
0.9465197454672938,30.651516993731228,0.21855066256878503,0.09860816278412475,0.3421275007005808
0.9465197454672938,31.002116028542055,0.2189074677871309,0.10427031372112197,0.3493979029773598
0.9465197454672938,31.352715063352885,0.21926488621448523,0.10556963098073703,0.350344221515204
0.9465197454672938,31.703314098163716,0.21962294221088965,0.10690872817215986,0.35181732599347526
0.9465197454672938,32.05391313297454,0.21998167316925038,0.10672853391819745,0.35328280625546377
0.9465197454672938,32.40451216778537,0.2203411235117863,0.10648685558166458,0.35474057446474605
0.9465197454672938,32.7551112025962,0.22070133910322512,0.10623517339916458,0.3567219797988726
0.9465197454672938,33.105710237407024,0.22106236254891537,0.10881348797997376,0.36100833894106404
0.9465197454672938,33.45630927221785,0.2214242295698044,0.10889607642434054,0.3636338334464051
0.9465197454672938,33.806908307028685,0.22178696641337495,0.11205758839642446,0.3689733747539838
0.9465197454672938,34.15750734183951,0.22215058812341174,0.10591811434886098,0.3633145087514338
0.9465197454672938,34.50810637665034,0.22251509745681247,0.10562755795080712,0.3638084543011885
0.9465197454672938,34.858705411461166,0.22288048427157464,0.10433999957515011,0.36413199408660685
0.9465197454672938,35.20930444627199,0.2232467252744151,0.10377664717893231,0.36478743845832323
1.0048561155667652,0.5,0.19905801138988746,0.09480096344883766,0.2936404660228661
1.0048561155667652,0.8505990348108282,0.19914726828723678,0.0955840725839866,0.2920504128570269
1.0048561155667652,1.2011980696216566,0.1992408531659521,0.09636627536815008,0.29217641641223896
1.0048561155667652,1.5517971044324848,0.19933914563068003,0.09673501975626857,0.2921694386460611
1.0048561155667652,1.9023961392433129,0.19944235068466004,0.0971106242672958,0.29285949606734274
1.0048561155667652,2.2529951740541407,0.19955052579003132,0.09749376168095326,0.29369824697829744
1.0048561155667652,2.6035942088649695,0.1996636449542677,0.10566940934140176,0.300451491785008
1.0048561155667652,2.954193243675798,0.19978166457390467,0.10984189020517848,0.3021957905377853
1.0048561155667652,3.3047922784866257,0.19990456011917976,0.10409089259823058,0.2966720281144209
1.0048561155667652,3.655391313297454,0.20003232408390112,0.10637881542807387,0.29798198084359334
1.0048561155667652,4.005990348108282,0.2001649413676447,0.1052176187436078,0.2958200102204973
1.0048561155667652,4.35658938291911,0.20030236903129597,0.11084137106830488,0.3003379510464875
1.0048561155667652,4.707188417729939,0.20044453624804923,0.10636612718008669,0.295005595747265
1.0048561155667652,5.057787452540768,0.20059136103053243,0.1069101551450107,0.2957540419950162
1.0048561155667652,5.408386487351596,0.2007427700450039,0.10770547211425179,0.2965591438147255
1.0048561155667652,5.758985522162424,0.20089871010863597,0.10797756940350704,0.2973455429284767
1.0048561155667652,6.109584556973252,0.20105914776532127,0.09687386047806944,0.28542961950763945
1.0048561155667652,6.46018359178408,0.20122405964869594,0.09964971358543483,0.28845845465217296
1.0048561155667652,6.810782626594908,0.20139341892587412,0.10349609524203797,0.2917865812144
1.0048561155667652,7.161381661405737,0.20156718306035248,0.10277365817575337,0.2911155493832168
1.0048561155667652,7.511980696216565,0.20174528692511823,0.10123401624058173,0.28932239711867536
1.0048561155667652,7.8625797310273935,0.20192764337051236,0.10843107829049557,0.2960537021313835
1.0048561155667652,8.213178765838222,0.20211415067125654,0.10514105090082534,0.2920884690776083
1.0048561155667652,8.56377780064905,0.2023047035501753,0.10552110748114796,0.2922206332211463
1.0048561155667652,8.914376835459878,0.2024992031954661,0.10124415608827957,0.28714222029292963
1.0048561155667652,9.264975870270705,0.20269756279836482,0.10269899402272198,0.2869384449014929
1.0048561155667652,9.615574905081534,0.20289970788927145,0.10317806107547237,0.2867351463230908
1.0048561155667652,9.96617393989236,0.2031055732079431,0.1029605211956676,0.28659728542000407
1.0048561155667652,10.316772974703191,0.20331509858432653,0.10309166112354866,0.2866071728669846
1.0048561155667652,10.667372009514018,0.20352822546612973,0.10375244851684115,0.28759758951296077
1.0048561155667652,11.017971044324847,0.2037448944535962,0.10442265329079771,0.28884394950514797
1.0048561155667652,11.368570079135674,0.20396504343648295,0.10510282759812202,0.29045184781731187
1.0048561155667652,11.719169113946503,0.20418860586477938,0.1012080259269293,0.2863309777906043
1.0048561155667652,12.069768148757332,0.20441550903324662,0.1024755859931781,0.28795500901468624
1.0048561155667652,12.420367183568159,0.20464567267328374,0.10169942354842332,0.28886648288924716
1.0048561155667652,12.77096621837899,0.2048790083844752,0.10162881412382725,0.2901463788766573
1.0048561155667652,13.121565253189816,0.20511542037621264,0.10016029295330456,0.2898961219283788
1.0048561155667652,13.472164288000645,0.2053548076392433,0.10880168774134971,0.30075635573281995
1.0048561155667652,13.822763322811472,0.20559706720505275,0.10198889163310795,0.29453007277071747
1.0048561155667652,14.1733623576223,0.20584209783289034,0.10165680323729369,0.2953524174392246
1.0048561155667652,14.523961392433128,0.20608980343532754,0.10091217300069,0.29536308886876117
1.0048561155667652,14.874560427243956,0.206340095742247,0.10906921438540641,0.3042307323971384
1.0048561155667652,15.225159462054787,0.20659289592267396,0.11157059538417,0.30678399876291806
1.0048561155667652,15.575758496865614,0.20684813501711707,0.11262774332620333,0.3088854633583949
1.0048561155667652,15.926357531676443,0.2071057531002881,0.1144205701793476,0.3118979593090339
1.0048561155667652,16.276956566487268,0.2073656971726156,0.11400936347320091,0.31196591565024345
1.0048561155667652,16.6275556012981,0.207627917911584,0.11358951820219114,0.3131746780032044
1.0048561155667652,16.978154636108926,0.20789236559250338,0.11891202856665914,0.31828745778020995
1.0048561155667652,17.328753670919756,0.20815898568199653,0.11973911555833551,0.318433336482158
1.0048561155667652,17.679352705730587,0.20842771477855546,0.1194439022758886,0.3192798984160895
1.0048561155667652,18.029951740541414,0.20869847767886363,0.12144235523717889,0.32230960182076135
1.0048561155667652,18.38055077535224,0.20897118634710124,0.1213045642761762,0.3228275193274937
1.0048561155667652,18.73114981016307,0.20924574144421315,0.11563153728983638,0.3177514955875684
1.0048561155667652,19.081748844973898,0.20952203684921675,0.11600025346535824,0.3181061594141136
1.0048561155667652,19.432347879784725,0.2097999672818636,0.11637427463299188,0.31792126339210225
1.0048561155667652,19.782946914595552,0.2100794386743766,0.11664422139915122,0.3180551815994389
1.0048561155667652,20.133545949406383,0.21036038026648987,0.11635434417082222,0.3191670054548496
1.0048561155667652,20.48414498421721,0.21064275652788478,0.1157602283721208,0.31813492637460755
1.0048561155667652,20.834744019028037,0.21092657622660796,0.11637024984970182,0.3188918217424877
1.0048561155667652,21.185343053838867,0.21121189584059868,0.11629202547695142,0.3204233451587509
1.0048561155667652,21.535942088649698,0.21149881559223066,0.11730594567185966,0.32329323335353444
1.0048561155667652,21.886541123460525,0.21178746857771286,0.1174615599450797,0.3252276826410315
1.0048561155667652,22.23714015827135,0.21207800577213076,0.11712549550119528,0.3256406293947387
1.0048561155667652,22.587739193082182,0.21237058080463597,0.11564491701549148,0.325673097701646
1.0048561155667652,22.93833822789301,0.2126653377227044,0.1155316759632826,0.32633050207684217
1.0048561155667652,23.288937262703836,0.21296240309453288,0.11540531321278825,0.3269572667360549
1.0048561155667652,23.639536297514667,0.2132618819578751,0.11536184410839527,0.328251340824306
1.0048561155667652,23.990135332325494,0.2135638562024,0.11685603320822435,0.32952402348735654
1.0048561155667652,24.34073436713632,0.2138683840565056,0.11526668997300141,0.3297033399753372
1.0048561155667652,24.691333401947148,0.21417549995021484,0.11524656632233347,0.3299744644854298
1.0048561155667652,25.04193243675798,0.2144852145945441,0.11447278541050543,0.3307312386712249
1.0048561155667652,25.392531471568805,0.21479751538180858,0.11371936192448234,0.33143027052881235
1.0048561155667652,25.743130506379632,0.21511236719891166,0.1124937450328261,0.33291017684332436
1.0048561155667652,26.093729541190463,0.2154297136281091,0.11535198254276174,0.3372195671317043
1.0048561155667652,26.444328576001293,0.21574947843785522,0.11410054870447084,0.337790942450677
1.0048561155667652,26.79492761081212,0.21607156729255736,0.11386621964543887,0.3371720649778163
1.0048561155667652,27.145526645622947,0.21639586969799915,0.11368244214114852,0.33797888080550126
1.0048561155667652,27.496125680433778,0.21672226127898145,0.11337962450783881,0.3409773978735593
1.0048561155667652,27.846724715244605,0.21705060650891783,0.11287680510725477,0.3419920159515693
1.0048561155667652,28.197323750055432,0.21738076197403855,0.11226107996176797,0.34361480353603957
1.0048561155667652,28.54792278486626,0.2177125801849893,0.11148614784817121,0.34406533788089033
1.0048561155667652,28.89852181967709,0.21804591387304914,0.11078625578636257,0.3459336484914194
1.0048561155667652,29.249120854487916,0.2183806206322111,0.1110137054678516,0.3493093183569657
1.0048561155667652,29.599719889298743,0.21871656768001133,0.10438660984173098,0.34476234368185327
1.0048561155667652,29.950318924109574,0.21905363640381192,0.10363347871497942,0.34437467038104597
1.0048561155667652,30.3009179589204,0.21939172625753042,0.10450579295454794,0.3453830542100359
1.0048561155667652,30.651516993731228,0.21973075752602692,0.10460086366069266,0.3463829678167858
1.0048561155667652,31.002116028542055,0.2200706725323881,0.1031667411651339,0.34737284372211474
1.0048561155667652,31.352715063352885,0.2204114350474274,0.10595284414353195,0.35215233263253887
1.0048561155667652,31.703314098163716,0.2207530279383595,0.1061155804952294,0.35361263992214087
1.0048561155667652,32.05391313297454,0.2210954493866221,0.10632371967085767,0.35506683349311174
1.0048561155667652,32.40451216778537,0.2214387082226912,0.10592378405665961,0.3565147609955122
1.0048561155667652,32.7551112025962,0.22178281900723573,0.10209141469504723,0.35382298023519665
1.0048561155667652,33.105710237407024,0.222127797427131,0.10171204242621966,0.354584147236609
1.0048561155667652,33.45630927221785,0.2224736564168614,0.10134637061410941,0.3561768504306756
1.0048561155667652,33.806908307028685,0.22282040322735627,0.10099415326903853,0.35787169734306196
1.0048561155667652,34.15750734183951,0.22316803749924868,0.10065514978077751,0.3595536149551785
1.0048561155667652,34.50810637665034,0.22351655027966538,0.10465304029921207,0.3650593936545955
1.0048561155667652,34.858705411461166,0.22386592384940396,0.10525565287169698,0.3672070231434347
1.0048561155667652,35.20930444627199,0.22421613218942676,0.10391063437893497,0.3678471662626964
1.0631924856662374,0.5,0.20215721060220482,0.10144853733725798,0.3040184961579237
1.0631924856662374,0.8505990348108282,0.2022437951725653,0.10189194852866174,0.30228196377741373
1.0631924856662374,1.2011980696216566,0.2023332250358999,0.10418891507051949,0.30227567325117477
1.0631924856662374,1.5517971044324848,0.20242596864878132,0.10619536884088575,0.3037774094336851
1.0631924856662374,1.9023961392433129,0.20252241368265209,0.10685926064719696,0.30314099767782315
1.0631924856662374,2.2529951740541407,0.20262282606401608,0.10662888486890958,0.30273234985391456
1.0631924856662374,2.6035942088649695,0.20272735505823578,0.10665045670753844,0.30324439479208976
1.0631924856662374,2.954193243675798,0.20283607377457394,0.11106794108621586,0.3057085988149822
1.0631924856662374,3.3047922784866257,0.20294902618644894,0.11171522835920267,0.3046818738890524
1.0631924856662374,3.655391313297454,0.20306625224188027,0.11221081840750143,0.30512036372926493
1.0631924856662374,4.005990348108282,0.2031877825518878,0.11306007306863748,0.30561726105856657
1.0631924856662374,4.35658938291911,0.20331361819632893,0.11313954097491527,0.3043832293960409
1.0631924856662374,4.707188417729939,0.20344371891356225,0.11356868096517848,0.3049469297154212
1.0631924856662374,5.057787452540768,0.20357801040949114,0.11506900821441463,0.30673580210066964
1.0631924856662374,5.408386487351596,0.20371640435255237,0.11146141511171356,0.3026955727521764
1.0631924856662374,5.758985522162424,0.20385881770141995,0.11162067097190002,0.3034316609699302
1.0631924856662374,6.109584556973252,0.2040051820488357,0.11305546472204846,0.30414116101970484
1.0631924856662374,6.46018359178408,0.2041554412071877,0.10680957055197912,0.2983681895317289
1.0631924856662374,6.810782626594908,0.2043095407592802,0.1059702144301413,0.2984182872550382
1.0631924856662374,7.161381661405737,0.2044674156360032,0.11340537625810555,0.3060197765820642
1.0631924856662374,7.511980696216565,0.20462898168782134,0.10266412369644277,0.29409540893289454
1.0631924856662374,7.8625797310273935,0.20479413515983283,0.10823958381279399,0.29952208881147874
1.0631924856662374,8.213178765838222,0.20496276038925726,0.10944544840540373,0.30093372033381194
1.0631924856662374,8.56377780064905,0.20513474224904527,0.10455289539329256,0.2941754514960886
1.0631924856662374,8.914376835459878,0.20530997785528265,0.10500719240922587,0.2939707995224438
1.0631924856662374,9.264975870270705,0.2054883830140167,0.10187154868178912,0.2898449917930038
1.0631924856662374,9.615574905081534,0.20566989203226554,0.10252529292557722,0.29054439153957895
1.0631924856662374,9.96617393989236,0.2058544526990838,0.10098389368705385,0.289001224721211
1.0631924856662374,10.316772974703191,0.2060420196644396,0.10095303981578829,0.2896095329313188
1.0631924856662374,10.667372009514018,0.20623254888200437,0.1043459324545038,0.2922540071661981
1.0631924856662374,11.017971044324847,0.20642599425459113,0.10499019875909554,0.29269646806903704
1.0631924856662374,11.368570079135674,0.2066223062639999,0.1056522145289915,0.29343333424534346
1.0631924856662374,11.719169113946503,0.2068214317240243,0.1058044115224286,0.2937838743806007
1.0631924856662374,12.069768148757332,0.20702331383835174,0.10440214934622584,0.29260635337159213
1.0631924856662374,12.420367183568159,0.2072278921794814,0.10408614044473385,0.29225155017022214
1.0631924856662374,12.77096621837899,0.20743510268773915,0.10252839910368428,0.29313883059267604
1.0631924856662374,13.121565253189816,0.2076448780473883,0.10455671224986664,0.29620440116823765
1.0631924856662374,13.472164288000645,0.20785714872270247,0.10691077869842142,0.30087780811333187
1.0631924856662374,13.822763322811472,0.20807184463765097,0.11017419674904595,0.3044517717340229
1.0631924856662374,14.1733623576223,0.20828889719376473,0.11016137557809728,0.30472417183248407
1.0631924856662374,14.523961392433128,0.2085082412169425,0.10840024300496126,0.3038582286866142
1.0631924856662374,14.874560427243956,0.20872981650210445,0.10919770469944742,0.3052507937030283
1.0631924856662374,15.225159462054787,0.2089535687664067,0.10873968630951263,0.30636296694294796
1.0631924856662374,15.575758496865614,0.2091794499363106,0.11070979552515232,0.3088951165798433
1.0631924856662374,15.926357531676443,0.20940741777147248,0.11074878654837904,0.30996136126668694
1.0631924856662374,16.276956566487268,0.2096374348913072,0.11200969918635645,0.31233146286287955
1.0631924856662374,16.6275556012981,0.2098694673249362,0.1121932159595516,0.31340691381859515
1.0631924856662374,16.978154636108926,0.2101034827520209,0.11172560950438017,0.3139520321031637
1.0631924856662374,17.328753670919756,0.2103394486555767,0.11297099595139587,0.31666769593177213
1.0631924856662374,17.679352705730587,0.21057733068452125,0.11494524629627698,0.3197449139907148
1.0631924856662374,18.029951740541414,0.2108170916098179,0.11334253743147267,0.31875937052911546
1.0631924856662374,18.38055077535224,0.21105869130805008,0.11602355815491522,0.32115561230455325
1.0631924856662374,18.73114981016307,0.21130208817686727,0.11500152935368367,0.3198302849963509
1.0631924856662374,19.081748844973898,0.2115472422683841,0.11549994183313292,0.3205604618374949
1.0631924856662374,19.432347879784725,0.2117941202369582,0.11417726629710809,0.31994331629192774
1.0631924856662374,19.782946914595552,0.21204270194350974,0.11500123752789815,0.32039235497643465
1.0631924856662374,20.133545949406383,0.21229298820572864,0.11713573112605412,0.3229851691198316
1.0631924856662374,20.48414498421721,0.21254500868810267,0.117111765626396,0.3236759572366636
1.0631924856662374,20.834744019028037,0.21279882834260372,0.11932673589696398,0.3274012524812655
1.0631924856662374,21.185343053838867,0.2130545504061741,0.1189560943339621,0.3270437823798412
1.0631924856662374,21.535942088649698,0.21331231415980953,0.11883204030744453,0.32809421728713783
1.0631924856662374,21.886541123460525,0.21357228672837622,0.11705798690016803,0.3281518291843372
1.0631924856662374,22.23714015827135,0.21383464989998952,0.11695934393868965,0.3298658649677074
1.0631924856662374,22.587739193082182,0.21409958448773783,0.11994750745459533,0.33487620295149695
1.0631924856662374,22.93833822789301,0.2143672553442068,0.11321660804932854,0.32786315302295177
1.0631924856662374,23.288937262703836,0.21463779955605927,0.11389260279389728,0.32822568168591393
1.0631924856662374,23.639536297514667,0.21491131907241834,0.11295091767219385,0.3294564766492383
1.0631924856662374,23.990135332325494,0.2151878777803523,0.11205168203659636,0.3306696804830965
1.0631924856662374,24.34073436713632,0.21546750227755881,0.11632849993394977,0.33589769975038464
1.0631924856662374,24.691333401947148,0.2157501853199911,0.11767774710324783,0.3372188921232201
1.0631924856662374,25.04193243675798,0.2160358909263562,0.11765138978726117,0.3372132823197408
1.0631924856662374,25.392531471568805,0.21632456021620805,0.11704022398852713,0.33758120295820637
1.0631924856662374,25.743130506379632,0.21661611718291154,0.11623591484634306,0.33751041246196956
1.0631924856662374,26.093729541190463,0.21691047377095507,0.1154527799972771,0.33881404834078716
1.0631924856662374,26.444328576001293,0.2172075338499742,0.11469054945970204,0.3405636753387131
1.0631924856662374,26.79492761081212,0.2175071959333491,0.11394893427561364,0.342328861461666
1.0631924856662374,27.145526645622947,0.21780935473382956,0.11322762948707153,0.34410812272280744
1.0631924856662374,27.496125680433778,0.21811390183799478,0.1137585741289838,0.34603611447087096
1.0631924856662374,27.846724715244605,0.2184207258842786,0.10510199022006912,0.3384681946529304
1.0631924856662374,28.197323750055432,0.21872971263587898,0.11118234547617173,0.34717952777977695
1.0631924856662374,28.54792278486626,0.21904074526467662,0.11053900687062118,0.34886942032610624
1.0631924856662374,28.89852181967709,0.21935370503914609,0.10777701837510459,0.3464528641518899
1.0631924856662374,29.249120854487916,0.21966847247787952,0.10855329096109025,0.348649117386141
1.0631924856662374,29.599719889298743,0.21998492892140947,0.10867391836798487,0.351169821094868
1.0631924856662374,29.950318924109574,0.22030295840182615,0.10392400647824471,0.34820086209631385
1.0631924856662374,30.3009179589204,0.22062244964948138,0.10387043072802808,0.34960963753638014
1.0631924856662374,30.651516993731228,0.2209432980583157,0.1037866000863099,0.3498680692272718
1.0631924856662374,31.002116028542055,0.22126540742720419,0.10389662947793749,0.35067129124436974
1.0631924856662374,31.352715063352885,0.22158869130267908,0.10175329399945428,0.3498016981346468
1.0631924856662374,31.703314098163716,0.2219130737732531,0.10198617044779613,0.3507297916914666
1.0631924856662374,32.05391313297454,0.22223848961272355,0.10095304511648043,0.35188739539861835
1.0631924856662374,32.40451216778537,0.22256488373990196,0.10077157263428141,0.353682800675768
1.0631924856662374,32.7551112025962,0.2228922100496854,0.09994830721186712,0.35438519492506426
1.0631924856662374,33.105710237407024,0.22322042976455,0.10374664575179894,0.35995521619018256
1.0631924856662374,33.45630927221785,0.22354950954012584,0.10473164508227625,0.36254773070036617
1.0631924856662374,33.806908307028685,0.22387941961134045,0.11165993111373451,0.3717132288244081
1.0631924856662374,34.15750734183951,0.22421013226412273,0.11220188308077338,0.37256666763131757
1.0631924856662374,34.50810637665034,0.22454162085119944,0.11247861385365474,0.3765902212354235
1.0631924856662374,34.858705411461166,0.22487385945089627,0.11214831089945523,0.3784165703075371
1.0631924856662374,35.20930444627199,0.22520682312772472,0.09067095342527362,0.3590462972282589
1.1215288557657086,0.5,0.20532392344756245,0.10437700432904073,0.3109376275236202
1.1215288557657086,0.8505990348108282,0.20541108875882105,0.10505536758088876,0.30989342366276823
1.1215288557657086,1.2011980696216566,0.2054996827071728,0.1057446037362294,0.30919902475447864
1.1215288557657086,1.5517971044324848,0.20559005328428998,0.10644435262619996,0.3088308985080042
1.1215288557657086,1.9023961392433129,0.20568258201587816,0.10715427154388071,0.3084032820106017
1.1215288557657086,2.2529951740541407,0.20577762920968287,0.10787404486340678,0.3079120409543579
1.1215288557657086,2.6035942088649695,0.20587549262351224,0.10857635950379908,0.3073522773315175
1.1215288557657086,2.954193243675798,0.20597639604122475,0.10924041804872814,0.30767662289082026
1.1215288557657086,3.3047922784866257,0.2060805057179634,0.10990748183443784,0.30698497459957336
1.1215288557657086,3.655391313297454,0.20618795471196336,0.11057729397055897,0.3073692031183065
1.1215288557657086,4.005990348108282,0.20629885271006265,0.11124964159040225,0.30774088412460243
1.1215288557657086,4.35658938291911,0.2064132754427724,0.11312416674882544,0.30830699610283424
1.1215288557657086,4.707188417729939,0.2065312479406648,0.11260133891715092,0.3071211701458039
1.1215288557657086,5.057787452540768,0.20665274021120675,0.11328052314386979,0.3074289974597921
1.1215288557657086,5.408386487351596,0.20677768097300994,0.1139170790692302,0.3086268046768524
1.1215288557657086,5.758985522162424,0.20690598059792842,0.11128922431403902,0.3056746718869893
1.1215288557657086,6.109584556973252,0.20703755045593933,0.11261327266906104,0.30741186571879486
1.1215288557657086,6.46018359178408,0.20717231110877438,0.1143814203391734,0.31000712574296657
1.1215288557657086,6.810782626594908,0.20731018924385705,0.11529220268919708,0.31028499398129783
1.1215288557657086,7.161381661405737,0.20745110842484935,0.1166389279141443,0.31055177137380396
1.1215288557657086,7.511980696216565,0.20759498054970513,0.11798519221086241,0.31124387806264076
1.1215288557657086,7.8625797310273935,0.20774170353486834,0.11880909479732565,0.3129363922973204
1.1215288557657086,8.213178765838222,0.20789116701568955,0.11866877632023483,0.31266856950323313
1.1215288557657086,8.56377780064905,0.20804326355193273,0.11969582825416343,0.31334566301361866
1.1215288557657086,8.914376835459878,0.20819790019430112,0.1209510441411975,0.31435618235921414
1.1215288557657086,9.264975870270705,0.2083550055955598,0.10271092719313103,0.29719216924009495
1.1215288557657086,9.615574905081534,0.20851453054866595,0.10198805998385196,0.29573932282044696
1.1215288557657086,9.96617393989236,0.20867644298912275,0.10934837200225807,0.30181329556505276
1.1215288557657086,10.316772974703191,0.20884072037154344,0.10694115601018409,0.2997399374645471
1.1215288557657086,10.667372009514018,0.2090073424036266,0.10691076363986739,0.2990487889835984
1.1215288557657086,11.017971044324847,0.20917628598278043,0.10417309861816319,0.2956304537047009
1.1215288557657086,11.368570079135674,0.20934752276649138,0.10484211288668803,0.296675137301327
1.1215288557657086,11.719169113946503,0.20952101879979082,0.10614103100655709,0.29831067894497415
1.1215288557657086,12.069768148757332,0.20969673527100008,0.1063224972567106,0.2992061966216172
1.1215288557657086,12.420367183568159,0.20987462965734713,0.10612212192898736,0.30076558306238776
1.1215288557657086,12.77096621837899,0.2100546569404624,0.11048115226066361,0.30610129584966156
1.1215288557657086,13.121565253189816,0.21023677089425383,0.10888820595171152,0.3061233480055839
1.1215288557657086,13.472164288000645,0.21042092551280545,0.10867623860655522,0.30662282885760145
1.1215288557657086,13.822763322811472,0.21060707651871238,0.10781095387992219,0.3073418011156902
1.1215288557657086,14.1733623576223,0.21079518276443848,0.10545063285275864,0.30484165051426615
1.1215288557657086,14.523961392433128,0.21098520734224027,0.10518856146510351,0.30456710783844493
1.1215288557657086,14.874560427243956,0.21117711832712582,0.1049320042276953,0.30430689807562833
1.1215288557657086,15.225159462054787,0.211370889187781,0.10444327985652531,0.3044877538186555
1.1215288557657086,15.575758496865614,0.21156649895418622,0.1050321495525922,0.30567877548572286
1.1215288557657086,15.926357531676443,0.21176393224146622,0.10457914256012542,0.3068144675269152
1.1215288557657086,16.276956566487268,0.2119631792216827,0.10413263504625017,0.3079743239901392
1.1215288557657086,16.6275556012981,0.21216423560564499,0.10370392712913856,0.3085021615563588
1.1215288557657086,16.978154636108926,0.212367102640364,0.10333638100692481,0.30991484937606917
1.1215288557657086,17.328753670919756,0.2125717870710992,0.10297472451216338,0.3108541964704258
1.1215288557657086,17.679352705730587,0.2127783010050532,0.1080629140344239,0.3154975055719486
1.1215288557657086,18.029951740541414,0.21298666166650423,0.1093660246419922,0.31630002605861673
1.1215288557657086,18.38055077535224,0.21319689112497456,0.11000952170936865,0.31711568526687545
1.1215288557657086,18.73114981016307,0.21340901616124255,0.11065754383949797,0.31909090973359444
1.1215288557657086,19.081748844973898,0.2136230684784821,0.11305949278595051,0.32185315094444167
1.1215288557657086,19.432347879784725,0.2138390854657239,0.11196503020490806,0.3211811597560899
1.1215288557657086,19.782946914595552,0.21405711168707353,0.11239206430129552,0.32274480939307204
1.1215288557657086,20.133545949406383,0.2142772011857716,0.1120763521911387,0.32432605140253673
1.1215288557657086,20.48414498421721,0.21449942050005652,0.11394701254282269,0.32609178659298105
1.1215288557657086,20.834744019028037,0.21472385193758706,0.11442436248646659,0.328548683384349
1.1215288557657086,21.185343053838867,0.21495059620511275,0.11472715893152001,0.33093381406483213
1.1215288557657086,21.535942088649698,0.21517977317104722,0.12058055068132552,0.33844444505943816
1.1215288557657086,21.886541123460525,0.21541151965857175,0.12035205976120247,0.3392137840474714
1.1215288557657086,22.23714015827135,0.2156459838565526,0.11958222827202007,0.33864180978531716
1.1215288557657086,22.587739193082182,0.21588331694818544,0.11947569723181425,0.3390962379695654
1.1215288557657086,22.93833822789301,0.21612366337411854,0.11911260393939256,0.3390443283670796
1.1215288557657086,23.288937262703836,0.21636715135943924,0.11875916168514924,0.33920066693093004
1.1215288557657086,23.639536297514667,0.21661388495385403,0.11687914922114735,0.33895699687216607
1.1215288557657086,23.990135332325494,0.21686393823157152,0.11628174304640919,0.33892248885473464
1.1215288557657086,24.34073436713632,0.21711735185528164,0.11508323513372187,0.33889459064816785
1.1215288557657086,24.691333401947148,0.21737413204339995,0.1139168725325574,0.3395853983384659
1.1215288557657086,25.04193243675798,0.2176342519436819,0.11564611246654492,0.34346204429054006
1.1215288557657086,25.392531471568805,0.21789765530462885,0.11483169206907581,0.3436753614652806
1.1215288557657086,25.743130506379632,0.21816426207313513,0.11655722700597819,0.34709576588373575
1.1215288557657086,26.093729541190463,0.21843397521803581,0.10905396065949564,0.33886272504101816
1.1215288557657086,26.444328576001293,0.21870668783984293,0.1085904404292903,0.3399563008105611
1.1215288557657086,26.79492761081212,0.21898228959296584,0.11457545789687573,0.34782928034142757
1.1215288557657086,27.145526645622947,0.2192606716403535,0.10503759066527725,0.34127034686742647
1.1215288557657086,27.496125680433778,0.21954172971738165,0.10457987048095238,0.34226066793426413
1.1215288557657086,27.846724715244605,0.21982536529066257,0.10495190976914517,0.3438360591189812
1.1215288557657086,28.197323750055432,0.22011148514479634,0.10380491491683216,0.3436765099566713
1.1215288557657086,28.54792278486626,0.22039999993537068,0.10333752516975622,0.3441967722463934
1.1215288557657086,28.89852181967709,0.22069082228252535,0.10321413951827464,0.34604611662702933
1.1215288557657086,29.249120854487916,0.22098386487434238,0.10185473812125241,0.34708205253029745
1.1215288557657086,29.599719889298743,0.22127903887019099,0.09357771980425844,0.3393443873090365
1.1215288557657086,29.950318924109574,0.22157625271725395,0.09321925818272947,0.33942764280427135
1.1215288557657086,30.3009179589204,0.2218754113751248,0.09284908595760939,0.3406770214071079
1.1215288557657086,30.651516993731228,0.22217641590319256,0.10167320765351118,0.350729489577985
1.1215288557657086,31.002116028542055,0.2224791633869642,0.10207583126351112,0.35187754160328355
1.1215288557657086,31.352715063352885,0.22278354722384391,0.1025107106650541,0.35298580413935277
1.1215288557657086,31.703314098163716,0.22308945781529343,0.10259546869403384,0.35405599706848456
1.1215288557657086,32.05391313297454,0.22339678369583924,0.10270495796074179,0.3553390780976922
1.1215288557657086,32.40451216778537,0.22370541307187553,0.10711120793888915,0.36305566604727485
1.1215288557657086,32.7551112025962,0.22401523567136186,0.10528178734328089,0.3633448019600595
1.1215288557657086,33.105710237407024,0.22432614475603127,0.10327510866229316,0.36276517704837785
1.1215288557657086,33.45630927221785,0.22463803914575087,0.10354587865441656,0.3641712567537794
1.1215288557657086,33.806908307028685,0.22495082514840017,0.1038573105255283,0.3655728111672319
1.1215288557657086,34.15750734183951,0.22526441835034522,0.10420965497900674,0.3669694531044783
1.1215288557657086,34.50810637665034,0.22557874526528143,0.10435210837475965,0.3683607732031383
1.1215288557657086,34.858705411461166,0.2258937448378741,0.10394239300717323,0.36974634117261124
1.1215288557657086,35.20930444627199,0.22620936975333597,0.10451823088748678,0.3726955333784974
1.1798652258651807,0.5,0.20854511808659193,0.09591710109737935,0.3068115845579827
1.1798652258651807,0.8505990348108282,0.20863584048877404,0.09613049334050656,0.3063839476401244
1.1798652258651807,1.2011980696216566,0.20872673437458283,0.0955123783819199,0.30599057541440305
1.1798652258651807,1.5517971044324848,0.20881793431338164,0.09608440018218203,0.30579263149040814
1.1798652258651807,1.9023961392433129,0.20890965961281255,0.10552666276093771,0.3142355216065551
1.1798652258651807,2.2529951740541407,0.20900219302720954,0.10618570196759314,0.3131880767754133
1.1798652258651807,2.6035942088649695,0.20909584661442304,0.10684882655014796,0.31233209042451443
1.1798652258651807,2.954193243675798,0.20919092892075886,0.1075156866066554,0.31250392212340455
1.1798652258651807,3.3047922784866257,0.20928772645570734,0.1066000398665639,0.31089957181700245
1.1798652258651807,3.655391313297454,0.20938650102453285,0.11686960072794308,0.3196688396388614
1.1798652258651807,4.005990348108282,0.20948749085934795,0.10763715808565902,0.3097447708775614
1.1798652258651807,4.35658938291911,0.20959090116840068,0.10886156657121075,0.3100600999710616
1.1798652258651807,4.707188417729939,0.2096968829784039,0.11205881579544856,0.3126953154340336
1.1798652258651807,5.057787452540768,0.20980551447769188,0.1114742128846685,0.3118568282492508
1.1798652258651807,5.408386487351596,0.2099167997020755,0.11226677826658517,0.3130155325446672
1.1798652258651807,5.758985522162424,0.2100306860353107,0.11203950989576854,0.312877633038528
1.1798652258651807,6.109584556973252,0.21014708957721626,0.11104374910775747,0.31146881140477084
1.1798652258651807,6.46018359178408,0.2102659156970251,0.1164764782594754,0.31637375945052537
1.1798652258651807,6.810782626594908,0.2103870685748507,0.1135671831942855,0.3119546923781292
1.1798652258651807,7.161381661405737,0.2105104512799997,0.11380823636412543,0.3121810559021124
1.1798652258651807,7.511980696216565,0.21063596240411459,0.12142323141320452,0.31907847529816175
1.1798652258651807,7.8625797310273935,0.21076349534137861,0.1223173125911644,0.31998597861146677
1.1798652258651807,8.213178765838222,0.21089294313377477,0.12075403350080512,0.31834381407460594
1.1798652258651807,8.56377780064905,0.21102420771542896,0.11858808934035046,0.3161224034381745
1.1798652258651807,8.914376835459878,0.21115720972516572,0.11931442313947678,0.3159515898437784
1.1798652258651807,9.264975870270705,0.2112918949124086,0.11696592724968914,0.3134231678226036
1.1798652258651807,9.615574905081534,0.21142823501072913,0.11516654455324718,0.31280709977263776
1.1798652258651807,9.96617393989236,0.21156622335832953,0.10679888824554376,0.3038671963423608
1.1798652258651807,10.316772974703191,0.211705867265514,0.1082027741275263,0.3040077869363119
1.1798652258651807,10.667372009514018,0.2118471796830174,0.10868701871253623,0.30454177670729615
1.1798652258651807,11.017971044324847,0.21199017225929018,0.11018394266240818,0.3056140578349407
1.1798652258651807,11.368570079135674,0.21213485084898,0.10967112219939065,0.3045437895944102
1.1798652258651807,11.719169113946503,0.21228121350026874,0.10881274906209078,0.30529632613107155
1.1798652258651807,12.069768148757332,0.21242925033984555,0.10792031550879219,0.3060387847146052
1.1798652258651807,12.420367183568159,0.21257894470807692,0.108765974375895,0.30850298879937615
1.1798652258651807,12.77096621837899,0.21273027515285034,0.12288246430080628,0.32398394758418636
1.1798652258651807,13.121565253189816,0.21288321811993505,0.10678428341701275,0.3086173983702815
1.1798652258651807,13.472164288000645,0.2130377511726339,0.1025186920295318,0.3058977946867282
1.1798652258651807,13.822763322811472,0.21319385638731872,0.10373281696685187,0.30635042797122125
1.1798652258651807,14.1733623576223,0.2133515234166799,0.12396804520617338,0.3271631744407918
1.1798652258651807,14.523961392433128,0.21351075174941267,0.10366117497899822,0.30723798914861095
1.1798652258651807,14.874560427243956,0.21367155191252069,0.10544416382681258,0.3101735255758045
1.1798652258651807,15.225159462054787,0.21383394563552663,0.1083153665136723,0.31308264730524815
1.1798652258651807,15.575758496865614,0.21399796520970737,0.10837426575359037,0.3136448597422096
1.1798652258651807,15.926357531676443,0.21416365237992002,0.10908439166853044,0.3145593334375367
1.1798652258651807,16.276956566487268,0.21433105709687553,0.108444042576108,0.3154269901942026
1.1798652258651807,16.6275556012981,0.2145002363510806,0.10917006590982058,0.3162463491322529
1.1798652258651807,16.978154636108926,0.21467125314734922,0.10951190162741052,0.31704947627346824
1.1798652258651807,17.328753670919756,0.21484417552660842,0.10903908365157397,0.3178402271427719
1.1798652258651807,17.679352705730587,0.21501907546485344,0.10845632794448003,0.3184035346612655
1.1798652258651807,18.029951740541414,0.21519602750586114,0.11015404754211286,0.3200635000976603
1.1798652258651807,18.38055077535224,0.21537510709281082,0.11042803781118522,0.3215928095807079
1.1798652258651807,18.73114981016307,0.21555638870326724,0.1119944423771565,0.324297105479607
1.1798652258651807,19.081748844973898,0.21573994401537558,0.1121277626878514,0.32429831929928793
1.1798652258651807,19.432347879784725,0.21592584041761712,0.11228448216820494,0.32577553038673235
1.1798652258651807,19.782946914595552,0.21611414021507358,0.11546091158340928,0.3286767047862786
1.1798652258651807,20.133545949406383,0.21630490087103582,0.11230005123060048,0.32787515092199604
1.1798652258651807,20.48414498421721,0.21649817651700248,0.11228171544684289,0.32777475957924884
1.1798652258651807,20.834744019028037,0.21669402071696056,0.111696705774502,0.32937069913165967
1.1798652258651807,21.185343053838867,0.21689249008129136,0.11015261882756774,0.3309818190899507
1.1798652258651807,21.535942088649698,0.21709364790581853,0.1102577839143743,0.33260888052395415
1.1798652258651807,21.886541123460525,0.21729756678548687,0.11089881750228467,0.33430788516673465
1.1798652258651807,22.23714015827135,0.21750432931995614,0.11154193464499149,0.33622753382211557
1.1798652258651807,22.587739193082182,0.2177140265851324,0.1132329083263993,0.33885631488387674
1.1798652258651807,22.93833822789301,0.2179267547226895,0.11433942710105684,0.34076860217898386
1.1798652258651807,23.288937262703836,0.2181426104346286,0.12245026565314343,0.3492899642151989
1.1798652258651807,23.639536297514667,0.21836168617308635,0.12250496874939104,0.35043937588639257
1.1798652258651807,23.990135332325494,0.21858406550624934,0.09711298264384322,0.3273246991131971
1.1798652258651807,24.34073436713632,0.21880981882193978,0.09625675139185197,0.3276334298604146
1.1798652258651807,24.691333401947148,0.2190389994341439,0.12003336151292551,0.3515164260727898
1.1798652258651807,25.04193243675798,0.21927164029372895,0.09532255813449338,0.32820166027652437
1.1798652258651807,25.392531471568805,0.2195077517031901,0.09504461513210018,0.32846236801034795
1.1798652258651807,25.743130506379632,0.21974732050641024,0.09449794643455627,0.3287082322124995
1.1798652258651807,26.093729541190463,0.2199903110828469,0.11556340110072942,0.35056906711309915
1.1798652258651807,26.444328576001293,0.22023666816166718,0.11527405962574708,0.3511243639393786
1.1798652258651807,26.79492761081212,0.22048632109818508,0.11368446107108245,0.3507563498261952
1.1798652258651807,27.145526645622947,0.22073918894526234,0.11528203186276074,0.3545740965773955
1.1798652258651807,27.496125680433778,0.2209951854984488,0.11446976894287164,0.35495605786789813
1.1798652258651807,27.846724715244605,0.22125422353739022,0.11413211820715705,0.35532399262174325
1.1798652258651807,28.197323750055432,0.22151621770917787,0.11358514496171271,0.3556784542520191
1.1798652258651807,28.54792278486626,0.22178108582750664,0.11305526663136577,0.35601999807296864
1.1798652258651807,28.89852181967709,0.22204874868879734,0.11254138472602875,0.3563491797795314
1.1798652258651807,29.249120854487916,0.22231912873642515,0.1120424587793706,0.35666655344519343
1.1798652258651807,29.599719889298743,0.2225921479891408,0.11155750633374818,0.35697266914983156
1.1798652258651807,29.950318924109574,0.22286772560688753,0.11295817071703261,0.3588886464789136
1.1798652258651807,30.3009179589204,0.22314577536357585,0.11278228539852492,0.3589080933257063
1.1798652258651807,30.651516993731228,0.22342620321115117,0.1101775278607985,0.3589150306891868
1.1798652258651807,31.002116028542055,0.22370890510296582,0.10973978955599978,0.36061239315742377
1.1798652258651807,31.352715063352885,0.22399376529471146,0.10888765601070116,0.36291222418550095
1.1798652258651807,31.703314098163716,0.22428065540712605,0.10582302731440643,0.3618754455748239
1.1798652258651807,32.05391313297454,0.22456943454820003,0.10609665708466012,0.36424628626134403
1.1798652258651807,32.40451216778537,0.22485995071031,0.10172876842237985,0.3614343952167815
1.1798652258651807,32.7551112025962,0.22515204348869028,0.10184715009476165,0.3628350739449408
1.1798652258651807,33.105710237407024,0.22544554796799138,0.10200405669861337,0.3642333131684243
1.1798652258651807,33.45630927221785,0.22574029946138122,0.1012552934576738,0.3658695986902903
1.1798652258651807,33.806908307028685,0.22603613870263856,0.09603050737733129,0.36203148973794913
1.1798652258651807,34.15750734183951,0.2263329170839229,0.09569737242717807,0.3627355926839728
1.1798652258651807,34.50810637665034,0.22663050156952932,0.102742128816234,0.3706754679842985
1.1798652258651807,34.858705411461166,0.22692877896719907,0.10337541179647737,0.37213623209831714
1.1798652258651807,35.20930444627199,0.2272276592897772,0.10410737717429877,0.373650374680789
1.2382015959646524,0.5,0.21180373215480794,0.1128435722485936,0.3298724618985092
1.2382015959646524,0.8505990348108282,0.21190060122560586,0.11356131265201949,0.329073835024348
1.2382015959646524,1.2011980696216566,0.2119965200316256,0.1143058473023083,0.3287543333292957
1.2382015959646524,1.5517971044324848,0.21209141928792177,0.11507873045029471,0.328412419071625
1.2382015959646524,1.9023961392433129,0.21218530696161148,0.10037367862329322,0.31199577579342674
1.2382015959646524,2.2529951740541407,0.21227827852645256,0.11671615945363104,0.32769603375385414
1.2382015959646524,2.6035942088649695,0.2123705139697945,0.11758422861378254,0.3273336852979703
1.2382015959646524,2.954193243675798,0.21246226370769236,0.11766299729502701,0.3269731628196978
1.2382015959646524,3.3047922784866257,0.21255382982209878,0.11537582519259457,0.32435205158072217
1.2382015959646524,3.655391313297454,0.2126455493493645,0.11866301356985066,0.3265264653050666
1.2382015959646524,4.005990348108282,0.21273778026855567,0.12033042351583646,0.3265549748188258
1.2382015959646524,4.35658938291911,0.21283088280101212,0.12152777437742905,0.32658080684073987
1.2382015959646524,4.707188417729939,0.21292518889031103,0.12147125807812628,0.32660398198354507
1.2382015959646524,5.057787452540768,0.2130209646414755,0.12129676361342039,0.3266245456697408
1.2382015959646524,5.408386487351596,0.21311838212013723,0.11962039156502646,0.3245009579161595
1.2382015959646524,5.758985522162424,0.21321751422530708,0.11969393099637438,0.3246595675131647
1.2382015959646524,6.109584556973252,0.21331835182541142,0.109465943753733,0.31306746427484033
1.2382015959646524,6.46018359178408,0.2134208306782366,0.11062559359067026,0.31327459053210766
1.2382015959646524,6.810782626594908,0.21352485532790227,0.11060843678678649,0.3119517404279545
1.2382015959646524,7.161381661405737,0.21363031455195824,0.11236202790970794,0.31365540172388856
1.2382015959646524,7.511980696216565,0.21373709022258852,0.11286486947065322,0.3138291826851737
1.2382015959646524,7.8625797310273935,0.21384506417885843,0.11415238695829905,0.31484564559870293
1.2382015959646524,8.213178765838222,0.2139541261087611,0.115067357351933,0.31436655009328557
1.2382015959646524,8.56377780064905,0.21406418228781338,0.1154444995500203,0.3151718226027274
1.2382015959646524,8.914376835459878,0.2141751629692035,0.12065704163223749,0.3201931678653729
1.2382015959646524,9.264975870270705,0.21428702620134163,0.11788770392060315,0.31615272613307926
1.2382015959646524,9.615574905081534,0.21439975715083698,0.11885144830130684,0.3160545143706223
1.2382015959646524,9.96617393989236,0.21451336345679237,0.11925798247138898,0.31721463102590397
1.2382015959646524,10.316772974703191,0.21462786808696765,0.11929416935447094,0.31837516588723164
1.2382015959646524,10.667372009514018,0.21474330154364224,0.12149588250084901,0.32127677736381705
1.2382015959646524,11.017971044324847,0.21485969514585723,0.10644328783250742,0.30654726973801655
1.2382015959646524,11.368570079135674,0.21497707652967168,0.10766252171967503,0.30878706589788035
1.2382015959646524,11.719169113946503,0.21509546765299942,0.11156462056006829,0.3118876988377565
1.2382015959646524,12.069768148757332,0.215214884868855,0.1142432089795066,0.3158212952072235
1.2382015959646524,12.420367183568159,0.21533534036852994,0.10730440191236092,0.31128587885963344
1.2382015959646524,12.77096621837899,0.21545684447765215,0.10806704677188526,0.31230045089867775
1.2382015959646524,13.121565253189816,0.21557940860488173,0.10761554283725837,0.3116337265154537
1.2382015959646524,13.472164288000645,0.21570304878598986,0.12386343658096362,0.3287852767087021
1.2382015959646524,13.822763322811472,0.2158277896542732,0.1237838917488576,0.33005026320988795
1.2382015959646524,14.1733623576223,0.21595366843763866,0.11966097886646926,0.3278064948451282
1.2382015959646524,14.523961392433128,0.21608073841282677,0.10828997471914106,0.31658373295158504
1.2382015959646524,14.874560427243956,0.21620907122937497,0.10845174204776079,0.31757760782876726
1.2382015959646524,15.225159462054787,0.21633875765287053,0.10813029627780509,0.31847358876935705
1.2382015959646524,15.575758496865614,0.21646990653184756,0.11125629870126287,0.32091171713920835
1.2382015959646524,15.926357531676443,0.216602642100589,0.11238953434256989,0.322873684007662
1.2382015959646524,16.276956566487268,0.21673709999815788,0.10434984144364765,0.3152537586858113
1.2382015959646524,16.6275556012981,0.21687342252812197,0.10428120618776804,0.3150725082815833
1.2382015959646524,16.978154636108926,0.21701175368175177,0.10350886646276597,0.31469137086233756
1.2382015959646524,17.328753670919756,0.21715223435118428,0.10275995779298716,0.31469958503710616
1.2382015959646524,17.679352705730587,0.2172949980458002,0.10180675369356304,0.3150212172064637
1.2382015959646524,18.029951740541414,0.21744016734017976,0.10085093738241016,0.3154122365092577
1.2382015959646524,18.38055077535224,0.21758785121959284,0.11144039479400147,0.32655177427355336
1.2382015959646524,18.73114981016307,0.21773814342014247,0.11151956511563144,0.3277479603968357
1.2382015959646524,19.081748844973898,0.21789112177387202,0.11000220036301869,0.3265778754529287
1.2382015959646524,19.432347879784725,0.21804684848713493,0.11040200855639581,0.3291676714140349
1.2382015959646524,19.782946914595552,0.2182053712442465,0.11154666525682672,0.3322529918719667
1.2382015959646524,20.133545949406383,0.2183667250606114,0.11233828895070176,0.33412636459060324
1.2382015959646524,20.48414498421721,0.21853093488178554,0.11193294071667989,0.33530501816634445
1.2382015959646524,20.834744019028037,0.2186980189558689,0.11262085497120194,0.3371748379134535
1.2382015959646524,21.185343053838867,0.21886799290864709,0.11408941422407083,0.33981238700637195
1.2382015959646524,21.535942088649698,0.2190408742086802,0.11907151720580553,0.3448801835117679
1.2382015959646524,21.886541123460525,0.21921668642924336,0.10009491790655589,0.3265715752592675
1.2382015959646524,22.23714015827135,0.21939546258008755,0.09941936669500492,0.32692591820635775
1.2382015959646524,22.587739193082182,0.2195772469270886,0.09873641385320073,0.3280411861377286
1.2382015959646524,22.93833822789301,0.21976209510377656,0.09805655858373793,0.32915177212172136
1.2382015959646524,23.288937262703836,0.21995007274226544,0.09895482999561457,0.3308099331426748
1.2382015959646524,23.639536297514667,0.22014125308840066,0.09867180496368194,0.33186498603914755
1.2382015959646524,23.990135332325494,0.22033571403729155,0.12189336229571274,0.3559088389945712
1.2382015959646524,24.34073436713632,0.22053353483840676,0.09558749407213507,0.330729455173517
1.2382015959646524,24.691333401947148,0.22073479256301323,0.0966722674664201,0.33260953329706544
1.2382015959646524,25.04193243675798,0.22093955842019705,0.0960832492846751,0.3334308148810432
1.2382015959646524,25.392531471568805,0.22114789413004277,0.09916890396755731,0.33707157158560386
1.2382015959646524,25.743130506379632,0.22135984869790978,0.09862045373298779,0.3377312539703633
1.2382015959646524,26.093729541190463,0.22157545597051015,0.11947374309536649,0.36036311682936983
1.2382015959646524,26.444328576001293,0.2217947332546196,0.11555756110262788,0.3572273103728996
1.2382015959646524,26.79492761081212,0.22201768108302278,0.11576396025643487,0.35739311640452825
1.2382015959646524,27.145526645622947,0.22224428399866977,0.11549604858493223,0.35754647553437
1.2382015959646524,27.496125680433778,0.2224745120688565,0.11523832044319537,0.3576874704053522
1.2382015959646524,27.846724715244605,0.2227083227729988,0.1146511841435985,0.3578161722454766
1.2382015959646524,28.197323750055432,0.222945662925801,0.11408363574900048,0.3579326421356879
1.2382015959646524,28.54792278486626,0.22318647036918726,0.11293393272978905,0.3571565486100425
1.2382015959646524,28.89852181967709,0.22343067525026325,0.11270079133214632,0.3570588117168649
1.2382015959646524,29.249120854487916,0.22367820076900427,0.11247872679495477,0.3569226375259161
1.2382015959646524,29.599719889298743,0.22392896331979933,0.11198429960056513,0.357840067211031
1.2382015959646524,29.950318924109574,0.22418287197805345,0.11149646368279079,0.3583330772674957
1.2382015959646524,30.3009179589204,0.22443982732278148,0.11102135835223621,0.3583770032505229
1.2382015959646524,30.651516993731228,0.22469971966509403,0.11055805816093668,0.3584089256932036
1.2382015959646524,31.002116028542055,0.22496242688216148,0.11010569917544606,0.3605337409339647
1.2382015959646524,31.352715063352885,0.2252278122193411,0.10966347807074343,0.3642141979772904
1.2382015959646524,31.703314098163716,0.22549572257012726,0.10923065088760098,0.3689640780946199
1.2382015959646524,32.05391313297454,0.2257659878071968,0.09895381137433105,0.3613214015070628
1.2382015959646524,32.40451216778537,0.2260384216640849,0.09855439356417516,0.36271218510855524
1.2382015959646524,32.7551112025962,0.22631282444793607,0.09330957579431523,0.3583489692888188
1.2382015959646524,33.105710237407024,0.22658898755057671,0.0930690522529759,0.3591770738364008
1.2382015959646524,33.45630927221785,0.22686669941002433,0.10081949450454478,0.3670090720417095
1.2382015959646524,33.806908307028685,0.22714575234847792,0.10144372404568855,0.3684641005379527
1.2382015959646524,34.15750734183951,0.22742594962419468,0.10093211130974927,0.3701816149298119
1.2382015959646524,34.50810637665034,0.22770711207347327,0.10029249409005318,0.37197460060180104
1.2382015959646524,34.858705411461166,0.2279890838345982,0.10211820613305521,0.3754152862019592
1.2382015959646524,35.20930444627199,0.22827173678326274,0.1024207303468,0.37562029671232017
1.2965379660641245,0.5,0.21508060125504494,0.09190007006864796,0.3157782113806514
1.2965379660641245,0.8505990348108282,0.21518566392557484,0.09446102426825398,0.31613747181370266
1.2965379660641245,1.2011980696216566,0.21528875212167412,0.09467088644260617,0.3147807907550971
1.2965379660641245,1.5517971044324848,0.2153896321163088,0.09432368630045207,0.31424493737509307
1.2965379660641245,1.9023961392433129,0.21548812026133377,0.11208738226050818,0.3306362732221032
1.2965379660641245,2.2529951740541407,0.21558410685579668,0.11273153744238854,0.3301126987916139
1.2965379660641245,2.6035942088649695,0.21567757429163872,0.11338627226329243,0.32930819372310194
1.2965379660641245,2.954193243675798,0.21576860796338201,0.11495673010294594,0.32915374997178964
1.2965379660641245,3.3047922784866257,0.21585739954348349,0.11637613261604346,0.3289975869709688
1.2965379660641245,3.655391313297454,0.21594424323387065,0.11541255762030518,0.32818953850776234
1.2965379660641245,4.005990348108282,0.21602952538051015,0.11610887328106746,0.3286831675363078
1.2965379660641245,4.35658938291911,0.21611370471596048,0.11680328618116877,0.3285264126321373
1.2965379660641245,4.707188417729939,0.21619727729673377,0.11753441812504643,0.3300907075671728
1.2965379660641245,5.057787452540768,0.2162807243492817,0.12325480886551493,0.3352335879208502
1.2965379660641245,5.408386487351596,0.21636445410460792,0.12287286589530218,0.33321515943772956
1.2965379660641245,5.758985522162424,0.2164487584361812,0.11709525457200778,0.3281763529776923
1.2965379660641245,6.109584556973252,0.216533799481755,0.11855239239880279,0.32821667736091975
1.2965379660641245,6.46018359178408,0.2166196248481776,0.12005590924339861,0.3282549707189604
1.2965379660641245,6.810782626594908,0.21670619785504514,0.1204371735692101,0.3282912754181967
1.2965379660641245,7.161381661405737,0.21679342920313865,0.10946315034690877,0.3174188296967884
1.2965379660641245,7.511980696216565,0.21688120346127265,0.11066001193418208,0.3173618254082559
1.2965379660641245,7.8625797310273935,0.2169693997472422,0.12458982483032005,0.3291432390535882
1.2965379660641245,8.213178765838222,0.21705790767560462,0.1254475816673851,0.3295324509070986
1.2965379660641245,8.56377780064905,0.21714663870721515,0.12603655203432618,0.33001672415157307
1.2965379660641245,8.914376835459878,0.2172355322574247,0.11930862580060977,0.3214772600686574
1.2965379660641245,9.264975870270705,0.21732455644734083,0.11958135039987099,0.32101466792905936
1.2965379660641245,9.615574905081534,0.2174137045359624,0.11964718360955712,0.3217180627522047
1.2965379660641245,9.96617393989236,0.217502988780528,0.11840284348303992,0.32126716270970734
1.2965379660641245,10.316772974703191,0.21759243344057935,0.11898700881359786,0.3215793082990253
1.2965379660641245,10.667372009514018,0.21768206827541167,0.11911039601807528,0.32189783376283143
1.2965379660641245,11.017971044324847,0.2177719235579941,0.11830795194738286,0.3215473536713435
1.2965379660641245,11.368570079135674,0.21786202731531168,0.11750167921331027,0.32161788443486783
1.2965379660641245,11.719169113946503,0.21795240504614719,0.11760597800937711,0.32383803325793614
1.2965379660641245,12.069768148757332,0.2180430816167941,0.10854985550810517,0.31660735599652795
1.2965379660641245,12.420367183568159,0.2181340846382625,0.10875453158098741,0.3161721380119385
1.2965379660641245,12.77096621837899,0.21822544855214046,0.10893700992557483,0.31727148050508297
1.2965379660641245,13.121565253189816,0.21831721883289118,0.1090984217766509,0.3178277604536151
1.2965379660641245,13.472164288000645,0.21840945595557104,0.10751420352976027,0.31747412136298175
1.2965379660641245,13.822763322811472,0.21850223893249968,0.10489786647452824,0.3149738938912928
1.2965379660641245,14.1733623576223,0.21859566825993018,0.10464831287168963,0.31613192910593774
1.2965379660641245,14.523961392433128,0.21868986806695212,0.10585362924682559,0.3178714938436962
1.2965379660641245,14.874560427243956,0.2187849871652468,0.10963422578829693,0.32191702746761724
1.2965379660641245,15.225159462054787,0.21888119862344177,0.10968580036098838,0.32192470810705476
1.2965379660641245,15.575758496865614,0.21897869752057667,0.1084362933400783,0.32201094623388143
1.2965379660641245,15.926357531676443,0.21907769672414035,0.11357535832337654,0.3287169508046449
1.2965379660641245,16.276956566487268,0.21917842085685993,0.11420331438584086,0.3294797934803853
1.2965379660641245,16.6275556012981,0.21928109895617612,0.100364199392627,0.3158042959010288
1.2965379660641245,16.978154636108926,0.21938595657543267,0.09930768923824956,0.3157711916250615
1.2965379660641245,17.328753670919756,0.2194932081591331,0.10125428976605967,0.31753517481202453
1.2965379660641245,17.679352705730587,0.2196030504428383,0.10763228769211781,0.32477341579142865
1.2965379660641245,18.029951740541414,0.21971565742343435,0.10713610097618445,0.3251788472327224
1.2965379660641245,18.38055077535224,0.21983117717763223,0.106549239616345,0.325711235937102
1.2965379660641245,18.73114981016307,0.2199497305340648,0.10388030105474899,0.3239586630288814
1.2965379660641245,19.081748844973898,0.22007141137664984,0.10475059229536636,0.3273964150260503
1.2965379660641245,19.432347879784725,0.2201962882142668,0.11120894120476765,0.3356405960539339
1.2965379660641245,19.782946914595552,0.22032440662254738,0.11128473599935695,0.3368189820384446
1.2965379660641245,20.133545949406383,0.22045579225168688,0.11425537293630104,0.34064454955161394
1.2965379660641245,20.48414498421721,0.2205904542619653,0.11599638861066759,0.34163778135623135
1.2965379660641245,20.834744019028037,0.22072838921146534,0.11669989338564297,0.3437499442900108
1.2965379660641245,21.185343053838867,0.2208695854736562,0.11930543016145248,0.3466019352513711
1.2965379660641245,21.535942088649698,0.2210140281430068,0.11965587502735889,0.3480551963637454
1.2965379660641245,21.886541123460525,0.2211617041334561,0.11904155045799492,0.34923630463985395
1.2965379660641245,22.23714015827135,0.2213126069301602,0.11750240557186592,0.34956612740271215
1.2965379660641245,22.587739193082182,0.22146674038454986,0.11192534126952564,0.3449842166135756
1.2965379660641245,22.93833822789301,0.22162412111679664,0.11208349938111524,0.3461834607110573
1.2965379660641245,23.288937262703836,0.22178477942407718,0.11225199226791549,0.3474135801069542
1.2965379660641245,23.639536297514667,0.2219487589023756,0.1102260885959415,0.34688248253319953
1.2965379660641245,23.990135332325494,0.22211611511869575,0.10178754243178768,0.34008397069446133
1.2965379660641245,24.34073436713632,0.22228691359947947,0.11280096000745408,0.35128226173174615
1.2965379660641245,24.691333401947148,0.22246122724477269,0.0968206843475933,0.337500407655063
1.2965379660641245,25.04193243675798,0.22263913318931908,0.10620268250144588,0.3478138788972357
1.2965379660641245,25.392531471568805,0.22282070919080865,0.09522401230702635,0.33756545807973215
1.2965379660641245,25.743130506379632,0.2230060297928526,0.10371581420335281,0.346784125564046
1.2965379660641245,26.093729541190463,0.22319516266869233,0.10619045909035343,0.34891053945642714
1.2965379660641245,26.444328576001293,0.22338816558896413,0.10763533392186146,0.3493892413312902
1.2965379660641245,26.79492761081212,0.22358508433081048,0.10691389992964609,0.35062240396395233
1.2965379660641245,27.145526645622947,0.2237859515986739,0.10623587232394066,0.3523946023966542
1.2965379660641245,27.496125680433778,0.22399078675660716,0.1056008311206186,0.3529444841897148
1.2965379660641245,27.846724715244605,0.22419959598163405,0.1087132739675468,0.3569493237889286
1.2965379660641245,28.197323750055432,0.22441237240378692,0.10875054526863775,0.3570962327682086
1.2965379660641245,28.54792278486626,0.2246290959049326,0.10881372479920506,0.3577665934914667
1.2965379660641245,28.89852181967709,0.22484973244943615,0.11309701017870426,0.3634166694655456
1.2965379660641245,29.249120854487916,0.22507423302651644,0.11166502879511249,0.36179159972294317
1.2965379660641245,29.599719889298743,0.22530253241580328,0.11244312712915844,0.3632973559109944
1.2965379660641245,29.950318924109574,0.22553454800557704,0.11122468839972352,0.3631693186286561
1.2965379660641245,30.3009179589204,0.2257701788159765,0.11102183049335757,0.3633404511397605
1.2965379660641245,30.651516993731228,0.2260093047708414,0.1097445092026219,0.3630519807289501
1.2965379660641245,31.002116028542055,0.2262517861979038,0.10999231711959123,0.36600949655808435
1.2965379660641245,31.352715063352885,0.22649746356692427,0.11004752906597393,0.36887262636815127
1.2965379660641245,31.703314098163716,0.2267461575944541,0.10960123720122988,0.3719470467092852
1.2965379660641245,32.05391313297454,0.2269976699931814,0.1091639076844476,0.37408940572305205
1.2965379660641245,32.40451216778537,0.22725178523700185,0.10821526928911879,0.37543288362558175
1.2965379660641245,32.7551112025962,0.22750827367879203,0.09171457032352083,0.3609135448297489
1.2965379660641245,33.105710237407024,0.2277668961770386,0.09224570418489694,0.3616665927575802
1.2965379660641245,33.45630927221785,0.22802741010530822,0.0874159773673807,0.35610855485953646
1.2965379660641245,33.806908307028685,0.2282895763260542,0.08705585771784193,0.35674765874568914
1.2965379660641245,34.15750734183951,0.2285531665027551,0.09324824343740877,0.3638366533596702
1.2965379660641245,34.50810637665034,0.22881797005975016,0.09303167132235242,0.3633976060920424
1.2965379660641245,34.858705411461166,0.22908380017804628,0.09420902520163166,0.36521040231827645
1.2965379660641245,35.20930444627199,0.229350498391369,0.09264387791709541,0.3658759971922239
1.3548743361635958,0.5,0.2183576842129306,0.10157106474584753,0.32798971973959956
1.3548743361635958,0.8505990348108282,0.21847229406040894,0.1059219042572774,0.3319255692135305
1.3548743361635958,1.2011980696216566,0.21858397721145495,0.1025608095785443,0.3281376077161298
1.3548743361635958,1.5517971044324848,0.21869236906561396,0.09316815759080836,0.3182834107525616
1.3548743361635958,1.9023961392433129,0.21879713151588223,0.10994049600184369,0.33406390193126473
1.3548743361635958,2.2529951740541407,0.2188979803096304,0.11012547524808414,0.3324268870873528
1.3548743361635958,2.6035942088649695,0.2189947110538091,0.11289557525438597,0.33384903658257814
1.3548743361635958,2.954193243675798,0.21908722310388568,0.11344923069347919,0.33373332246007975
1.3548743361635958,3.3047922784866257,0.21917554035609396,0.11312961656680458,0.33138745160245753
1.3548743361635958,3.655391313297454,0.21925982646934503,0.11486451956615339,0.333488629133689
1.3548743361635958,4.005990348108282,0.21934039098250227,0.11190977813220522,0.3298281762167779
1.3548743361635958,4.35658938291911,0.2194176822147537,0.11095453590951684,0.32896789345891925
1.3548743361635958,4.707188417729939,0.21949226164888663,0.11105991213190786,0.3288809666906182
1.3548743361635958,5.057787452540768,0.21956475483265941,0.11115641983539487,0.32895061903288414
1.3548743361635958,5.408386487351596,0.21963578112557008,0.11229003398023364,0.32912786769080127
1.3548743361635958,5.758985522162424,0.21970587838390201,0.11132274868321279,0.3268381133160709
1.3548743361635958,6.109584556973252,0.219775447023226,0.1062444203152225,0.3210964212750674
1.3548743361635958,6.46018359178408,0.21984473019985168,0.10608573027995034,0.32024516021462307
1.3548743361635958,6.810782626594908,0.21991382889517433,0.10593351611161364,0.31884186141911103
1.3548743361635958,7.161381661405737,0.21998273774098162,0.12204436600465596,0.33492568376993986
1.3548743361635958,7.511980696216565,0.22005138629365578,0.12283164249049963,0.3336848089101693
1.3548743361635958,7.8625797310273935,0.2201196761048919,0.12103437107362529,0.33213279689677316
1.3548743361635958,8.213178765838222,0.22018750930956468,0.12444807502096537,0.3346340860138715
1.3548743361635958,8.56377780064905,0.22025480727510538,0.12527726166585842,0.3337942456644216
1.3548743361635958,8.914376835459878,0.2203215193903599,0.1258119391634329,0.3345918681843702
1.3548743361635958,9.264975870270705,0.2203876235470975,0.11536978243320428,0.32461868371318137
1.3548743361635958,9.615574905081534,0.22045312112391996,0.11611406146680459,0.3234797839947334
1.3548743361635958,9.96617393989236,0.22051802963581668,0.11674738586843646,0.3249125235191222
1.3548743361635958,10.316772974703191,0.2205823755629874,0.11577822597078187,0.32305702528819413
1.3548743361635958,10.667372009514018,0.22064618880399425,0.11670120667174119,0.3229848092582076
1.3548743361635958,11.017971044324847,0.22070949934717896,0.11679161262980467,0.3229234282715915
1.3548743361635958,11.368570079135674,0.2207723363269094,0.11636510707122084,0.32287321711693306
1.3548743361635958,11.719169113946503,0.2208347294490002,0.11917555227733527,0.3300456164703194
1.3548743361635958,12.069768148757332,0.22089671258714497,0.1203767655138323,0.3322188860210368
1.3548743361635958,12.420367183568159,0.22095832908280158,0.12084910879397284,0.3333545825380146
1.3548743361635958,12.77096621837899,0.22101963799986266,0.10445734346723569,0.3171093182395103
1.3548743361635958,13.121565253189816,0.22108072040754875,0.10588144259955928,0.31853525645019853
1.3548743361635958,13.472164288000645,0.22114168475500287,0.10599564999801415,0.317978530661174
1.3548743361635958,13.822763322811472,0.2212026705658806,0.1064986786125867,0.318045283300641
1.3548743361635958,14.1733623576223,0.22126384998222598,0.10763041606437622,0.31973601706177396
1.3548743361635958,14.523961392433128,0.22132542703832317,0.10788711642310687,0.32123075904511333
1.3548743361635958,14.874560427243956,0.22138763484138638,0.10721668201736452,0.32182775502691313
1.3548743361635958,15.225159462054787,0.22145073101498225,0.10674310789968966,0.3231245245002277
1.3548743361635958,15.575758496865614,0.2215149918348712,0.10323521966771841,0.32104833586626924
1.3548743361635958,15.926357531676443,0.22158070550190784,0.10425856915492832,0.3235113150134543
1.3548743361635958,16.276956566487268,0.22164816498164117,0.1107729761918436,0.33050222691839265
1.3548743361635958,16.6275556012981,0.22171766080062907,0.10764243136340698,0.3271829600475999
1.3548743361635958,16.978154636108926,0.2217894741331268,0.10733176935153102,0.3267514071491116
1.3548743361635958,17.328753670919756,0.22186387045896697,0.11135970682714177,0.331720706874307
1.3548743361635958,17.679352705730587,0.2219410940379546,0.11246486183662563,0.3326422365855164
1.3548743361635958,18.029951740541414,0.2220213634178752,0.11222833565925984,0.33405539357077607
1.3548743361635958,18.38055077535224,0.22210486814680871,0.10876877379538671,0.33218709066804664
1.3548743361635958,18.73114981016307,0.22219176678025088,0.11152569283339582,0.337060024958033
1.3548743361635958,19.081748844973898,0.22228218616971224,0.11624748612094359,0.3416379799285432
1.3548743361635958,19.432347879784725,0.22237622192233722,0.11613962145127187,0.34245306316438884
1.3548743361635958,19.782946914595552,0.22247393986366426,0.11766828623261294,0.3456036745274493
1.3548743361635958,20.133545949406383,0.22257537833841495,0.12090167969261344,0.3491478879096086
1.3548743361635958,20.48414498421721,0.222680551245661,0.11888495355570498,0.3470991249451515
1.3548743361635958,20.834744019028037,0.22278945179329307,0.11962448890677331,0.34944910853388816
1.3548743361635958,21.185343053838867,0.2229020570105288,0.11985951672962106,0.3507111117972945
1.3548743361635958,21.535942088649698,0.22301833300958865,0.11862782870881243,0.35080850994013785
1.3548743361635958,21.886541123460525,0.22313824081776684,0.11677139016837054,0.3507951109686332
1.3548743361635958,22.23714015827135,0.22326174237078278,0.11631005969942584,0.35111110992380967
1.3548743361635958,22.587739193082182,0.2233888060904672,0.11770429256791336,0.3530065504053842
1.3548743361635958,22.93833822789301,0.22351941147118526,0.1169365171878255,0.352572512242591
1.3548743361635958,23.288937262703836,0.22365355228418912,0.11482342047865825,0.3517991545060416
1.3548743361635958,23.639536297514667,0.22379123828581862,0.11471636962930838,0.3525608612863317
1.3548743361635958,23.990135332325494,0.22393249554775554,0.11437949508421785,0.352891446829943
1.3548743361635958,24.34073436713632,0.22407736562341624,0.11361154247842947,0.3532095549235351
1.3548743361635958,24.691333401947148,0.22422590372998805,0.11268631858736575,0.35351529427338696
1.3548743361635958,25.04193243675798,0.22437817604876129,0.1118392052478613,0.353559598430842
1.3548743361635958,25.392531471568805,0.22453425622994216,0.11080142769339217,0.35409004969849495
1.3548743361635958,25.743130506379632,0.2246942212789819,0.10953381700510814,0.3543592352855263
1.3548743361635958,26.093729541190463,0.22485814716324026,0.10829864732499368,0.3546163935002046
1.3548743361635958,26.444328576001293,0.22502610461820852,0.10749050678436574,0.3548615921992977
1.3548743361635958,26.79492761081212,0.22519815566100926,0.1086182455000194,0.3557478850763584
1.3548743361635958,27.145526645622947,0.22537435119512073,0.11245848403255217,0.36203591381118094
1.3548743361635958,27.496125680433778,0.22555472983879735,0.10600662672916135,0.3577526587871135
1.3548743361635958,27.846724715244605,0.22573931780383236,0.10652433447628708,0.35868147753724816
1.3548743361635958,28.197323750055432,0.22592812938374734,0.09995531577820589,0.3539162703038977
1.3548743361635958,28.54792278486626,0.22612116746292338,0.10527528186293451,0.36039604656800067
1.3548743361635958,28.89852181967709,0.22631842347655698,0.1047103012504364,0.3611844946909808
1.3548743361635958,29.249120854487916,0.22651987643144336,0.09869726892704721,0.35639940874441844
1.3548743361635958,29.599719889298743,0.2267254908865445,0.11241778002894026,0.37019714880523485
1.3548743361635958,29.950318924109574,0.22693521410559223,0.11043784247943787,0.3693251234992937
1.3548743361635958,30.3009179589204,0.22714897284261043,0.11022275721154658,0.3692698926272316
1.3548743361635958,30.651516993731228,0.2273666703403566,0.1100197431023818,0.37075950052416506
1.3548743361635958,31.002116028542055,0.22758818409196466,0.10982863017000583,0.3735839556250737
1.3548743361635958,31.352715063352885,0.22781336476921088,0.1096492308311846,0.37501252860508877
1.3548743361635958,31.703314098163716,0.22804203652418195,0.1094813399130162,0.3763991819161754
1.3548743361635958,32.05391313297454,0.22827399869611834,0.10117872380920666,0.36846741486363155
1.3548743361635958,32.40451216778537,0.2285090288445132,0.10070421589727493,0.36832205662955264
1.3548743361635958,32.7551112025962,0.22874688698123624,0.1004820765896628,0.3698914209796849
1.3548743361635958,33.105710237407024,0.22898732085201254,0.10015653910738659,0.370620598067169
1.3548743361635958,33.45630927221785,0.22923007207839152,0.09984568629734748,0.3720755439823119
1.3548743361635958,33.806908307028685,0.22947488289477572,0.10454121465014314,0.37937387787204147
1.3548743361635958,34.15750734183951,0.22972150311417933,0.09638450557934033,0.373200810495236
1.3548743361635958,34.50810637665034,0.22996969686933783,0.09117505789306118,0.370207087436778
1.3548743361635958,34.858705411461166,0.23021924864544133,0.09874159407222857,0.37850100763125016
1.3548743361635958,35.20930444627199,0.23046996817372012,0.1083796165391109,0.38968102854417963
1.413210706263067,0.5,0.2216189242202872,0.1091629946761731,0.338850588984018
1.413210706263067,0.8505990348108282,0.2217436255024883,0.10833741116677442,0.3383855378989043
1.413210706263067,1.2011980696216566,0.2218644927436926,0.110274470639631,0.33991896181578185
1.413210706263067,1.5517971044324848,0.22198105169962157,0.10529826534490398,0.3335771861143815
1.413210706263067,1.9023961392433129,0.22209284164776075,0.10542676077577068,0.3333327286458804
1.413210706263067,2.2529951740541407,0.22219944416536547,0.1078592913854785,0.3346940982090529
1.413210706263067,2.6035942088649695,0.22230051141785065,0.10788941317823295,0.33398574621396393
1.413210706263067,2.954193243675798,0.22239579325767234,0.1097363478345108,0.33600212527248124
1.413210706263067,3.3047922784866257,0.22248516314854463,0.11278215565894528,0.3380716719003024
1.413210706263067,3.655391313297454,0.22256864149028524,0.11205684144779031,0.3382521982428553
1.413210706263067,4.005990348108282,0.22264641272180447,0.1074220529963246,0.3341033383289059
1.413210706263067,4.35658938291911,0.2227188314106389,0.10682357561339714,0.3324694336255359
1.413210706263067,4.707188417729939,0.22278641231324475,0.11436354680642218,0.33774910158128224
1.413210706263067,5.057787452540768,0.2228497990947851,0.11160451305134521,0.3337556919272754
1.413210706263067,5.408386487351596,0.22290970786086844,0.1083149876348702,0.32955979258135937
1.413210706263067,5.758985522162424,0.22296684938878017,0.108508395097515,0.3295325138265587
1.413210706263067,6.109584556973252,0.22302184717525103,0.10280265586456885,0.32200538603314843
1.413210706263067,6.46018359178408,0.2230751763295297,0.1030966269974934,0.3224333818920734
1.413210706263067,6.810782626594908,0.2231271410724556,0.12050339426992054,0.34005448923890585
1.413210706263067,7.161381661405737,0.2231778908991172,0.1212300981185665,0.3381435454561508
1.413210706263067,7.511980696216565,0.22322746130131205,0.1219685373163288,0.33848478804582044
1.413210706263067,7.8625797310273935,0.22327582167943538,0.12271879452763536,0.3388551409891834
1.413210706263067,8.213178765838222,0.2233229175386176,0.12257974960227852,0.33913714611673906
1.413210706263067,8.56377780064905,0.22336870035396683,0.10920378481499876,0.32352820040983044
1.413210706263067,8.914376835459878,0.22341314362453238,0.10966997051874386,0.32278061190892593
1.413210706263067,9.264975870270705,0.22345624713834492,0.10952972604334726,0.3221772076819528
1.413210706263067,9.615574905081534,0.22349803339465174,0.10939402156966865,0.322643044648594
1.413210706263067,9.96617393989236,0.22353854050410352,0.11161710886074487,0.3255020739498915
1.413210706263067,10.316772974703191,0.22357781503379467,0.11305573480308101,0.32505943104513146
1.413210706263067,10.667372009514018,0.2236159068360215,0.11307555489004346,0.3239760940409309
1.413210706263067,11.017971044324847,0.22365286656092115,0.11236045260255192,0.3246036555931015
1.413210706263067,11.368570079135674,0.22368874570574337,0.11604471078584862,0.3283819931792793
1.413210706263067,11.719169113946503,0.2237235987696754,0.11586004772664801,0.3293224139295092
1.413210706263067,12.069768148757332,0.2237574871565993,0.1168789526435881,0.3314398094954567
1.413210706263067,12.420367183568159,0.22379048456304534,0.11717119724467943,0.3312175732487158
1.413210706263067,12.77096621837899,0.22382268346253745,0.11676188771305254,0.3326199790330211
1.413210706263067,13.121565253189816,0.2238542019556604,0.10582183443634266,0.3221990880326531
1.413210706263067,13.472164288000645,0.22388518991462203,0.10672229844951542,0.3224735611651876
1.413210706263067,13.822763322811472,0.2239158332609324,0.10652292065743743,0.32318736687260163
1.413210706263067,14.1733623576223,0.22394635547806624,0.11205793446030948,0.32774193217945463
1.413210706263067,14.523961392433128,0.22397701597949868,0.10702398326744761,0.3246481532525836
1.413210706263067,14.874560427243956,0.2240081055180511,0.10198400313051198,0.32022046441598884
1.413210706263067,15.225159462054787,0.2240399392617967,0.09974245103130297,0.3185207623855662
1.413210706263067,15.575758496865614,0.22407284840971375,0.09945883266614226,0.31782489409561615
1.413210706263067,15.926357531676443,0.22410717128909857,0.09958465724972693,0.3200608210547772
1.413210706263067,16.276956566487268,0.22414324479593983,0.11165411631842034,0.33203122538799446
1.413210706263067,16.6275556012981,0.22418139683618818,0.11092352756270649,0.33306315985331897
1.413210706263067,16.978154636108926,0.22422194014145422,0.11068943919349425,0.3334555278985427
1.413210706263067,17.328753670919756,0.2242651675324129,0.11179831326640674,0.3362714672290391
1.413210706263067,17.679352705730587,0.22431134846074519,0.11340509095677907,0.3383788026070256
1.413210706263067,18.029951740541414,0.22436072653102968,0.11546720570799589,0.3414042603663793
1.413210706263067,18.38055077535224,0.2244135177044793,0.11546422693619876,0.34186910627896244
1.413210706263067,18.73114981016307,0.22446990898889627,0.11457743418640023,0.34230542793596846
1.413210706263067,19.081748844973898,0.224530057560558,0.11692180238258987,0.3452929811248857
1.413210706263067,19.432347879784725,0.22459409037332323,0.11749277486312645,0.34664930008711625
1.413210706263067,19.782946914595552,0.22466210434675357,0.11804464667743218,0.34801607850577454
1.413210706263067,20.133545949406383,0.2247341672001359,0.1187453869224031,0.3493932612668228
1.413210706263067,20.48414498421721,0.2248103189668528,0.12108936471383698,0.3511302077703768
1.413210706263067,20.834744019028037,0.2248905742346955,0.11924831340501432,0.35132239283418465
1.413210706263067,21.185343053838867,0.22497492521056756,0.1195013064820266,0.3516790315546391
1.413210706263067,21.535942088649698,0.2250633457364917,0.11935046357230224,0.35310309339740564
1.413210706263067,21.886541123460525,0.22515579630606358,0.1164953901116683,0.35207590032651614
1.413210706263067,22.23714015827135,0.22525222992385954,0.11653300644168106,0.35341498322048037
1.413210706263067,22.587739193082182,0.22535259838685454,0.1165635231906433,0.3547518875258748
1.413210706263067,22.93833822789301,0.225456858374178,0.11658872714488065,0.3560839697366239
1.413210706263067,23.288937262703836,0.22556497670881034,0.11652659857996736,0.3574104315116126
1.413210706263067,23.639536297514667,0.22567693431033314,0.11530259897306663,0.35701594084985483
1.413210706263067,23.990135332325494,0.2257927286098727,0.11665154229331622,0.3602586620886426
1.413210706263067,24.34073436713632,0.22591237443175213,0.1142362041103984,0.35935795609439686
1.413210706263067,24.691333401947148,0.22603590348096994,0.11351105076677154,0.36057422737272843
1.413210706263067,25.04193243675798,0.22616336260431869,0.10954947534416304,0.35713820304827626
1.413210706263067,25.392531471568805,0.22629481097275736,0.1086986605113543,0.3569930216738335
1.413210706263067,25.743130506379632,0.22643031634018482,0.10955207784339326,0.35806215065572206
1.413210706263067,26.093729541190463,0.22656995061337565,0.11002259782074615,0.35908196862051794
1.413210706263067,26.444328576001293,0.226713785102071,0.1101684774476296,0.3600516185039139
1.413210706263067,26.79492761081212,0.2268618859383395,0.10865693878937184,0.3581984045848692
1.413210706263067,27.145526645622947,0.2270143101823013,0.10896165006975266,0.3598193104291296
1.413210706263067,27.496125680433778,0.227171103024541,0.1010579586401593,0.3552745712934834
1.413210706263067,27.846724715244605,0.22733229626745097,0.10078350236104812,0.3559598035150095
1.413210706263067,28.197323750055432,0.227497907979496,0.10050474042838609,0.35703818406168814
1.413210706263067,28.54792278486626,0.22766794295190956,0.10022183115340057,0.3585170007481852
1.413210706263067,28.89852181967709,0.22784239342467624,0.09993494005900729,0.36000217689766795
1.413210706263067,29.249120854487916,0.22802123953478604,0.10415755770388058,0.36367609362582526
1.413210706263067,29.599719889298743,0.22820444907500817,0.10317393155851316,0.3644568294565944
1.413210706263067,29.950318924109574,0.22839197638985692,0.10463555987862556,0.3676377889822532
1.413210706263067,30.3009179589204,0.2285837605018468,0.11235800535723485,0.3770191036217026
1.413210706263067,30.651516993731228,0.22877972277873088,0.11185495056428645,0.3782496077079405
1.413210706263067,31.002116028542055,0.2289797645695575,0.11932348731999529,0.3869997420679215
1.413210706263067,31.352715063352885,0.22918376524309284,0.10782616909700915,0.3757444803821347
1.413210706263067,31.703314098163716,0.22939158098345702,0.10839191773058822,0.3765301854208337
1.413210706263067,32.05391313297454,0.2296030445808983,0.10854782647351247,0.3782566371110671
1.413210706263067,32.40451216778537,0.229817966341678,0.11304496897946836,0.38409251738108735
1.413210706263067,32.7551112025962,0.23003613615070143,0.11138977269513282,0.3842845043333967
1.413210706263067,33.105710237407024,0.23025732665347504,0.096238593017281,0.37234389627294906
1.413210706263067,33.45630927221785,0.23048129746864,0.10796594508266567,0.38477466542473293
1.413210706263067,33.806908307028685,0.23070780028595844,0.09560515573146092,0.373762947906831
1.413210706263067,34.15750734183951,0.23093658463862002,0.1150309140476427,0.3952049384283042
1.413210706263067,34.50810637665034,0.2311674040620254,0.10429278521032212,0.38581052752771156
1.413210706263067,34.858705411461166,0.231400022274469,0.11340785357469467,0.396811022234996
1.413210706263067,35.20930444627199,0.2316342189625231,0.07274043179614537,0.3579148610094828
1.4715470763625391,0.5,0.22484761769792894,0.10862572025358351,0.346649233742029
1.4715470763625391,0.8505990348108282,0.22498213235752795,0.10932623367735987,0.3463273084845958
1.4715470763625391,1.2011980696216566,0.225111926645653,0.10956603480570644,0.34619722069599995
1.4715470763625391,1.5517971044324848,0.22523643448371558,0.10729223357405254,0.3426851439753702
1.4715470763625391,1.9023961392433129,0.22535509837505605,0.10809218513758967,0.342897159082727
1.4715470763625391,2.2529951740541407,0.22546740008808497,0.10916432897415566,0.3430170312211808
1.4715470763625391,2.6035942088649695,0.22557289051203383,0.11012956744494674,0.3430470425692218
1.4715470763625391,2.954193243675798,0.22567121693661185,0.10312892461444155,0.3353541128505666
1.4715470763625391,3.3047922784866257,0.2257621477557326,0.10369358881081882,0.33549554294502804
1.4715470763625391,3.655391313297454,0.22584559467898854,0.10567378918911893,0.3369799268665065
1.4715470763625391,4.005990348108282,0.22592163095442386,0.10653407181871126,0.3385601701445888
1.4715470763625391,4.35658938291911,0.2259905023572213,0.11250179409376368,0.34247873293082554
1.4715470763625391,4.707188417729939,0.22605262714694754,0.11200915494618224,0.342207392953591
1.4715470763625391,5.057787452540768,0.2261085813502485,0.11659724049359939,0.34342211831455166
1.4715470763625391,5.408386487351596,0.2261590653017889,0.11693825941036015,0.3446216953929883
1.4715470763625391,5.758985522162424,0.22620484791945092,0.12008921964096037,0.3464999038663147
1.4715470763625391,6.109584556973252,0.22624669136777856,0.10495609788602273,0.3307589466515762
1.4715470763625391,6.46018359178408,0.22628527103911963,0.12195327610488099,0.34649177526947333
1.4715470763625391,6.810782626594908,0.2263211146404235,0.11980477774685293,0.34295938627175077
1.4715470763625391,7.161381661405737,0.2263545789938033,0.12047376747165078,0.34261381403739527
1.4715470763625391,7.511980696216565,0.22638586629189178,0.10544655114542388,0.3281400094547375
1.4715470763625391,7.8625797310273935,0.22641506607469455,0.10539432272301817,0.32748707605425015
1.4715470763625391,8.213178765838222,0.22644220420733252,0.10612853771021476,0.32697190267431836
1.4715470763625391,8.56377780064905,0.2264672844488726,0.10543766100434175,0.3259765674285934
1.4715470763625391,8.914376835459878,0.22649031588493873,0.11128590700985704,0.33159492273652963
1.4715470763625391,9.264975870270705,0.22651132604795549,0.11156643177580472,0.33073681638363966
1.4715470763625391,9.615574905081534,0.22653036330980852,0.1062603903236283,0.3241400520348966
1.4715470763625391,9.96617393989236,0.22654749326179377,0.11073999495329723,0.3289529996622077
1.4715470763625391,10.316772974703191,0.22656279319846415,0.11099561876693395,0.3279174291593221
1.4715470763625391,10.667372009514018,0.22657634745425181,0.11275146995562062,0.3287817793171252
1.4715470763625391,11.017971044324847,0.22658824488027393,0.1130644503780815,0.3295678500059137
1.4715470763625391,11.368570079135674,0.22659857858849553,0.11140900589182662,0.3279359625570366
1.4715470763625391,11.719169113946503,0.22660744745718125,0.11170351642902226,0.32769249269024575
1.4715470763625391,12.069768148757332,0.2266149588186147,0.11228126885615106,0.3297642008119468
1.4715470763625391,12.420367183568159,0.22662123200782333,0.11353333684484292,0.3317858374609388
1.4715470763625391,12.77096621837899,0.2266264026588167,0.11111952045426399,0.3296884187854048
1.4715470763625391,13.121565253189816,0.22663062753708307,0.11174858664725158,0.33046548044045837
1.4715470763625391,13.472164288000645,0.2266340893469754,0.1123682486226744,0.3312216990740487
1.4715470763625391,13.822763322811472,0.22663700062965927,0.11297256285918134,0.3311813990878866
1.4715470763625391,14.1733623576223,0.22663960582445383,0.11488689995740112,0.33267702315063985
1.4715470763625391,14.523961392433128,0.2266421808475077,0.11479656816257461,0.33374951702976297
1.4715470763625391,14.874560427243956,0.22664503000412728,0.1126529537450739,0.3325780887825771
1.4715470763625391,15.225159462054787,0.22664848051365516,0.11172173969151857,0.3330645937236924
1.4715470763625391,15.575758496865614,0.22665287527679312,0.11468629851509714,0.33696614105928224
1.4715470763625391,15.926357531676443,0.22665856471542478,0.11471708756325014,0.3381690001465799
1.4715470763625391,16.276956566487268,0.2266658985568964,0.11214030861529727,0.33700421922703666
1.4715470763625391,16.6275556012981,0.22667521832652862,0.1137193980479053,0.3396399234368429
1.4715470763625391,16.978154636108926,0.22668685108738548,0.11187255162265529,0.33788411188280315
1.4715470763625391,17.328753670919756,0.22670110468595794,0.1110307739712708,0.3359474360687647
1.4715470763625391,17.679352705730587,0.22671826449544188,0.11091171817494874,0.33682211714214544
1.4715470763625391,18.029951740541414,0.2267385914475489,0.11080302312383122,0.3396319843409764
1.4715470763625391,18.38055077535224,0.22676232103485347,0.11281402987705222,0.34233957195351
1.4715470763625391,18.73114981016307,0.22678966294877556,0.1111510627665994,0.3419055027686838
1.4715470763625391,19.081748844973898,0.22682080107322816,0.11174508194574914,0.34173905819834777
1.4715470763625391,19.432347879784725,0.22685589364514727,0.11110067170042874,0.34190376741288814
1.4715470763625391,19.782946914595552,0.22689507348088403,0.11043846870294052,0.3425040279046774
1.4715470763625391,20.133545949406383,0.2269384482288609,0.1097590575045485,0.3440305455715367
1.4715470763625391,20.48414498421721,0.22698610065612407,0.1186428593934284,0.35348202139678503
1.4715470763625391,20.834744019028037,0.22703808904875017,0.1165174869888646,0.3532782959362181
1.4715470763625391,21.185343053838867,0.22709444792681938,0.11905576132325164,0.35624559796614114
1.4715470763625391,21.535942088649698,0.2271551894050289,0.11913014980915732,0.35762013566308387
1.4715470763625391,21.886541123460525,0.22722030557395892,0.1178260234899564,0.3561494320132277
1.4715470763625391,22.23714015827135,0.2272897721514803,0.11773224069484006,0.35740892367013505
1.4715470763625391,22.587739193082182,0.2273635533667992,0.11641587520642122,0.3586565364546271
1.4715470763625391,22.93833822789301,0.22744160770179186,0.11514742176566484,0.3598916451682895
1.4715470763625391,23.288937262703836,0.22752389387141525,0.1084408249730547,0.3537582362561269
1.4715470763625391,23.639536297514667,0.22761037636932016,0.1081488856676888,0.35389342536559537
1.4715470763625391,23.990135332325494,0.22770103003036657,0.10785946215028709,0.3529930734899635
1.4715470763625391,24.34073436713632,0.22779584328412497,0.10757254275522772,0.3532148697539594
1.4715470763625391,24.691333401947148,0.22789481998737324,0.10728812313486055,0.3542482877936997
1.4715470763625391,25.04193243675798,0.22799797985839,0.1070062062011639,0.3544798766758246
1.4715470763625391,25.392531471568805,0.22810535758239334,0.1067268019667958,0.3555241269510911
1.4715470763625391,25.743130506379632,0.2282170006609334,0.10644992728954253,0.3566336091945024
1.4715470763625391,26.093729541190463,0.22833296610387027,0.1046247211980049,0.35667507668822745
1.4715470763625391,26.444328576001293,0.22845331615320147,0.1045546016412792,0.3571868859512862
1.4715470763625391,26.79492761081212,0.22857811337388118,0.1038110093196004,0.3578281102977257
1.4715470763625391,27.145526645622947,0.2287074155901502,0.10536827922171428,0.3608173555981749
1.4715470763625391,27.496125680433778,0.22884127121465284,0.10419887609310498,0.36179540888597417
1.4715470763625391,27.846724715244605,0.2289797154651514,0.10370832762804119,0.3630694839463453
1.4715470763625391,28.197323750055432,0.2291227677908398,0.0991071643460598,0.36027214203024177
1.4715470763625391,28.54792278486626,0.22927043058321098,0.09958639668279971,0.36144081387748395
1.4715470763625391,28.89852181967709,0.22942268899819135,0.09916935376734894,0.36288430377220915
1.4715470763625391,29.249120854487916,0.22957951154080336,0.10055866259226533,0.36624716020074566
1.4715470763625391,29.599719889298743,0.22974085100854494,0.12168262299254974,0.3882681427893535
1.4715470763625391,29.950318924109574,0.2299066454565224,0.12026243568012739,0.387133281719766
1.4715470763625391,30.3009179589204,0.2300768189910378,0.12025257755859046,0.3875648220689145
1.4715470763625391,30.651516993731228,0.2302512823487325,0.12027196562193682,0.3889231793636101
1.4715470763625391,31.002116028542055,0.2304299333142966,0.12032088339122898,0.3909718943011042
1.4715470763625391,31.352715063352885,0.2306126570466247,0.11861760035713806,0.3921738860502851
1.4715470763625391,31.703314098163716,0.23079932634056938,0.11973854971248685,0.39373581960121895
1.4715470763625391,32.05391313297454,0.23098980179703893,0.11892097040523789,0.3945344032289057
1.4715470763625391,32.40451216778537,0.23118393185669106,0.11908805190219503,0.3967377421755222
1.4715470763625391,32.7551112025962,0.23138155269707658,0.11896359980330852,0.39818027734261224
1.4715470763625391,33.105710237407024,0.23158248809237456,0.11873695380910554,0.3999618933481687
1.4715470763625391,33.45630927221785,0.23178654945493676,0.10034188702225284,0.3819066245984529
1.4715470763625391,33.806908307028685,0.2319935363725163,0.10087651943833148,0.38272041894663533
1.4715470763625391,34.15750734183951,0.2322032379808595,0.09664984851632381,0.379480329045882
1.4715470763625391,34.50810637665034,0.232415435440857,0.096782909592911,0.3798579764031353
1.4715470763625391,34.858705411461166,0.23262990562227764,0.09906008030842438,0.38341431817364274
1.4715470763625391,35.20930444627199,0.23284642586490176,0.09871447576202969,0.3838610963077297
1.5298834464620108,0.5,0.22802345631978116,0.10337270498132668,0.3499995423774957
1.5298834464620108,0.8505990348108282,0.22816675054112734,0.10457470012632657,0.350475107283208
1.5298834464620108,1.2011980696216566,0.22830446503890542,0.10585063559802547,0.34950141126725665
1.5298834464620108,1.5517971044324848,0.22843597527731474,0.10720216199821621,0.3494541135416192
1.5298834464620108,1.9023961392433129,0.22856066381456927,0.10863046776525181,0.3480763891704711
1.5298834464620108,2.2529951740541407,0.22867795160740448,0.10972233479663443,0.3475572429094408
1.5298834464620108,2.6035942088649695,0.22878732836732696,0.11000665441716202,0.3496808453852639
1.5298834464620108,2.954193243675798,0.22888837952874447,0.10837317658913087,0.3462212988229438
1.5298834464620108,3.3047922784866257,0.22898080926699144,0.10962848749182362,0.3462744401940294
1.5298834464620108,3.655391313297454,0.22906445996092423,0.11079084216605838,0.34640985808360986
1.5298834464620108,4.005990348108282,0.22913932795450867,0.1118627005755901,0.34685812177424313
1.5298834464620108,4.35658938291911,0.2292055740169992,0.11057949524081818,0.3440533622914011
1.5298834464620108,4.707188417729939,0.2292635260351807,0.11110737089810156,0.345154913509402
1.5298834464620108,5.057787452540768,0.22931367196161484,0.11328317810291769,0.347983926186206
1.5298834464620108,5.408386487351596,0.22935664152557053,0.11531238609830269,0.34860786386400056
1.5298834464620108,5.758985522162424,0.2293931738730306,0.11598398561843311,0.3485587025459883
1.5298834464620108,6.109584556973252,0.22942406700136614,0.11799041139497797,0.34939853593759124
1.5298834464620108,6.46018359178408,0.22945010931047963,0.12059975270863164,0.3501477308726813
1.5298834464620108,6.810782626594908,0.22947200536880946,0.12016945155157047,0.3496944897773131
1.5298834464620108,7.161381661405737,0.22949031793292846,0.11800929865581983,0.34642738566110665
1.5298834464620108,7.511980696216565,0.22950544486223312,0.1183634533626923,0.3464090385372014
1.5298834464620108,7.8625797310273935,0.22951763372482173,0.10632882022838948,0.3330970888326937
1.5298834464620108,8.213178765838222,0.22952702125960164,0.10500480522677456,0.3314409668830734
1.5298834464620108,8.56377780064905,0.22953367947222636,0.10503922966466919,0.3305139087390987
1.5298834464620108,8.914376835459878,0.22953765456079156,0.1036707331055482,0.3287334511949741
1.5298834464620108,9.264975870270705,0.22953899282075274,0.10367238574621505,0.328072310479856
1.5298834464620108,9.615574905081534,0.2295377540176259,0.10736187292474525,0.33131376097899445
1.5298834464620108,9.96617393989236,0.22953401577728824,0.10755068098868363,0.3314099266882635
1.5298834464620108,10.316772974703191,0.22952787301437008,0.11311484649150452,0.3361610029303639
1.5298834464620108,10.667372009514018,0.2295194355933191,0.11347930227504094,0.33772976457767206
1.5298834464620108,11.017971044324847,0.22950882622074031,0.1136810257988532,0.33577795248671316
1.5298834464620108,11.368570079135674,0.22949617944529485,0.11544660559283593,0.3370771940726413
1.5298834464620108,11.719169113946503,0.2294816418075858,0.11707099108538385,0.3383038335737948
1.5298834464620108,12.069768148757332,0.229465372765015,0.11798045231320953,0.33835600261299364
1.5298834464620108,12.420367183568159,0.22944754599926834,0.11839084827109043,0.33958650992619605
1.5298834464620108,12.77096621837899,0.2294283508933792,0.11817055075740805,0.3390786949358851
1.5298834464620108,13.121565253189816,0.229407994075689,0.11794417716323745,0.33960307299302167
1.5298834464620108,13.472164288000645,0.2293867008459327,0.11257984731558883,0.3345374791053912
1.5298834464620108,13.822763322811472,0.2293647161213969,0.11261300857288842,0.3344998311857758
1.5298834464620108,14.1733623576223,0.2293423044643257,0.11292273421840694,0.3343528912484377
1.5298834464620108,14.523961392433128,0.22931974888202702,0.11525264683921922,0.33627973046496495
1.5298834464620108,14.874560427243956,0.22929734837383844,0.11598532250458382,0.3370265636730512
1.5298834464620108,15.225159462054787,0.22927541448977148,0.11555880202508648,0.33842495023534225
1.5298834464620108,15.575758496865614,0.2292542673373108,0.11312228357618005,0.339825811174196
1.5298834464620108,15.926357531676443,0.2292342314741859,0.10606605962127626,0.33357262803831966
1.5298834464620108,16.276956566487268,0.22921563198616915,0.10650391284312928,0.33416168190538215
1.5298834464620108,16.6275556012981,0.22919879085747213,0.11510579166628886,0.34438064278500385
1.5298834464620108,16.978154636108926,0.22918402359622989,0.11539239651924632,0.3446846330256937
1.5298834464620108,17.328753670919756,0.2291716360382555,0.11517567754757589,0.34344611962538946
1.5298834464620108,17.679352705730587,0.22916192131085877,0.1143985245433221,0.3429582298544522
1.5298834464620108,18.029951740541414,0.2291551570354458,0.11328888451334146,0.3440094001465654
1.5298834464620108,18.38055077535224,0.22915160291549594,0.11216449590258325,0.34431013343986044
1.5298834464620108,18.73114981016307,0.2291514988580996,0.11113397512838796,0.34509296672001893
1.5298834464620108,19.081748844973898,0.22915506371424957,0.11977764019004516,0.3543739796927354
1.5298834464620108,19.432347879784725,0.22916249462055646,0.11074839084151752,0.34688802085755027
1.5298834464620108,19.782946914595552,0.22917396681257787,0.1127621746042103,0.34764244617386614
1.5298834464620108,20.133545949406383,0.229189633686407,0.11924813733568575,0.3580886769281062
1.5298834464620108,20.48414498421721,0.2292096268455579,0.10131139118938158,0.33994216510282127
1.5298834464620108,20.834744019028037,0.2292340559252692,0.10079715413482543,0.3412317175659223
1.5298834464620108,21.185343053838867,0.22926300815772932,0.11209854600702851,0.3536199526089156
1.5298834464620108,21.535942088649698,0.2292965478934475,0.11087255692643481,0.3529514639634032
1.5298834464620108,21.886541123460525,0.22933471652243875,0.10975551034961323,0.3528261067679711
1.5298834464620108,22.23714015827135,0.22937753332121608,0.10984773184245122,0.35408798169881656
1.5298834464620108,22.587739193082182,0.2294249976250359,0.11004812319363994,0.3546837567446302
1.5298834464620108,22.93833822789301,0.2294770924312892,0.10982274714464521,0.35503473238680344
1.5298834464620108,23.288937262703836,0.22953378919936013,0.10962076556973027,0.3557709644502694
1.5298834464620108,23.639536297514667,0.22959505335167144,0.1094412413844978,0.3565892260889993
1.5298834464620108,23.990135332325494,0.22966084987166294,0.10928318173186731,0.3574492640792389
1.5298834464620108,24.34073436713632,0.2297311484335043,0.11014595944319432,0.36024143910942547
1.5298834464620108,24.691333401947148,0.22980592762791305,0.10902733230894265,0.35958265623143437
1.5298834464620108,25.04193243675798,0.2298851779974979,0.10892745320884308,0.36029958287784086
1.5298834464620108,25.392531471568805,0.22996890371428352,0.1088448845111168,0.36290557029540715
1.5298834464620108,25.743130506379632,0.23005712281062407,0.10774799562024494,0.3618162056654577
1.5298834464620108,26.093729541190463,0.23014986593569806,0.10838960201012991,0.3638580271444696
1.5298834464620108,26.444328576001293,0.23024717368902475,0.10779314359555905,0.3659282847113458
1.5298834464620108,26.79492761081212,0.23034909270149698,0.10721587810790906,0.3679790213511629
1.5298834464620108,27.145526645622947,0.2304556707836219,0.10794586020967062,0.3700067410161098
1.5298834464620108,27.496125680433778,0.23056695160248158,0.10857458146844454,0.37261771391489906
1.5298834464620108,27.846724715244605,0.23068296943712918,0.1178328645594052,0.38413186107079744
1.5298834464620108,28.197323750055432,0.2308037445624954,0.12433036543756025,0.3914128116804057
1.5298834464620108,28.54792278486626,0.23092927971467103,0.10591378345190343,0.3743234117023154
1.5298834464620108,28.89852181967709,0.23105955791393581,0.10408418349003874,0.37294451297576775
1.5298834464620108,29.249120854487916,0.2311945417084542,0.10360857880315677,0.3722497525322512
1.5298834464620108,29.599719889298743,0.23133417370482015,0.10350663413482646,0.3753523205797182
1.5298834464620108,29.950318924109574,0.2314783781163961,0.10269131307083797,0.37526782575729034
1.5298834464620108,30.3009179589204,0.23162706300429597,0.10203531178724937,0.37544575897421467
1.5298834464620108,30.651516993731228,0.23178012289521385,0.10133878230446797,0.3755945006999113
1.5298834464620108,31.002116028542055,0.23193744150282827,0.10066814475462856,0.375716324662778
1.5298834464620108,31.352715063352885,0.23209889432450076,0.09974486856468735,0.3758133181999864
1.5298834464620108,31.703314098163716,0.23226435091742945,0.10021221579413121,0.3770308193999281
1.5298834464620108,32.05391313297454,0.2324336766811617,0.10019432705850102,0.37838583323689684
1.5298834464620108,32.40451216778537,0.23260673400012016,0.10116169352978727,0.3814143581138566
1.5298834464620108,32.7551112025962,0.23278338264606432,0.10351462315180891,0.384087953617039
1.5298834464620108,33.105710237407024,0.2329634794169426,0.10213095126484605,0.38350532224334727
1.5298834464620108,33.45630927221785,0.23314687709777676,0.10262301225295249,0.38513125009066784
1.5298834464620108,33.806908307028685,0.23333342296249635,0.10312003048838055,0.3877271801163072
1.5298834464620108,34.15750734183951,0.2335229571710163,0.09809320603063611,0.3844587785933368
1.5298834464620108,34.50810637665034,0.23371531151793767,0.10164432028067368,0.38794196014082294
1.5298834464620108,34.858705411461166,0.2339103090162662,0.10125739217729296,0.38740879215383145
1.5298834464620108,35.20930444627199,0.23410776471897773,0.10048709792576166,0.3868732971885047
1.588219816561483,0.5,0.231122613047449,0.10072379369848763,0.3554234412780075
1.588219816561483,0.8505990348108282,0.23127353295602798,0.10255407440550761,0.3542742924743196
1.588219816561483,1.2011980696216566,0.23141808997942148,0.10306414190546305,0.3531024214520302
1.588219816561483,1.5517971044324848,0.23155564500318812,0.10327125697453968,0.35311098873733954
1.588219816561483,1.9023961392433129,0.2316855654652153,0.1076369151932296,0.35549238144209516
1.588219816561483,2.2529951740541407,0.23180725392942775,0.10916302297993792,0.3568096306840371
1.588219816561483,2.6035942088649695,0.2319201762785166,0.10942373969812777,0.35332086501025023
1.588219816561483,2.954193243675798,0.23202388739094343,0.1101194745383283,0.35185427896288507
1.588219816561483,3.3047922784866257,0.23211805329404714,0.11082600286516052,0.352354423662637
1.588219816561483,3.655391313297454,0.2322024694877265,0.11154391576981293,0.3528155569668169
1.588219816561483,4.005990348108282,0.23227707518285243,0.10916854243031959,0.35108395631858247
1.588219816561483,4.35658938291911,0.23234196256496573,0.10939184870803285,0.3512914422363442
1.588219816561483,4.707188417729939,0.23239737957406995,0.11377183672170012,0.35445943240809313
1.588219816561483,5.057787452540768,0.23244372515419787,0.11604854102617797,0.35428225653817086
1.588219816561483,5.408386487351596,0.23248153725955975,0.115324871292597,0.35172723775113873
1.588219816561483,5.758985522162424,0.2325114739276375,0.11612353971552672,0.3521025666931513
1.588219816561483,6.109584556973252,0.23253428490433348,0.116545186325452,0.352942128493052
1.588219816561483,6.46018359178408,0.23255076857591692,0.11582204256443578,0.351834664953037
1.588219816561483,6.810782626594908,0.2325617125791545,0.11833804610799202,0.35264678688750356
1.588219816561483,7.161381661405737,0.23256782775922996,0.1179673596401397,0.35168865233960717
1.588219816561483,7.511980696216565,0.23256969512880907,0.11915166593181256,0.3515415846749918
1.588219816561483,7.8625797310273935,0.23256774317867704,0.11933230957684433,0.35134102895596914
1.588219816561483,8.213178765838222,0.2325622588379235,0.11951219145476899,0.35108382873018007
1.588219816561483,8.56377780064905,0.23255342112780802,0.1189403627086677,0.35088067466921613
1.588219816561483,8.914376835459878,0.23254134151152864,0.11987046166966625,0.3520939249340087
1.588219816561483,9.264975870270705,0.2325260988598647,0.12233573795279414,0.3521741894842548
1.588219816561483,9.615574905081534,0.23250776400766487,0.12262930156914954,0.3509335350803823
1.588219816561483,9.96617393989236,0.2324864143240784,0.11944716466347072,0.34883751739283014
1.588219816561483,10.316772974703191,0.23246214118115896,0.12403754607021372,0.3515941445577727
1.588219816561483,10.667372009514018,0.2324350534321681,0.12076527877657371,0.34743430402376013
1.588219816561483,11.017971044324847,0.23240527918225584,0.12372435338572117,0.351142082626037
1.588219816561483,11.368570079135674,0.23237296707372138,0.11837450910906831,0.3457102081307088
1.588219816561483,11.719169113946503,0.2323382874341742,0.11924564395631822,0.3447222890847603
1.588219816561483,12.069768148757332,0.23230143311258447,0.12148868923730954,0.34501839700455955
1.588219816561483,12.420367183568159,0.23226261966171072,0.12137243833023434,0.34617516140149357
1.588219816561483,12.77096621837899,0.2322220846114728,0.12109286080329079,0.34698741487226403
1.588219816561483,13.121565253189816,0.23218008575796156,0.12141686436022775,0.3484019458750104
1.588219816561483,13.472164288000645,0.232136898536216,0.11187157065135815,0.3389820934483647
1.588219816561483,13.822763322811472,0.23209281261520998,0.11425389435754556,0.3405831267723702
1.588219816561483,14.1733623576223,0.23204812790099116,0.11496474657242836,0.3415118205356518
1.588219816561483,14.523961392433128,0.23200315021996584,0.11543030827791292,0.3434540647181808
1.588219816561483,14.874560427243956,0.23195818708235175,0.1191855081963253,0.3486855168188396
1.588219816561483,15.225159462054787,0.23191354403289918,0.11647239563213217,0.3461681577075055
1.588219816561483,15.575758496865614,0.23186952209330475,0.11470732177087406,0.34577205544682305
1.588219816561483,15.926357531676443,0.23182641662866263,0.1139579115250348,0.3458351726423274
1.588219816561483,16.276956566487268,0.23178451764258837,0.10670329936162726,0.3392099473749924
1.588219816561483,16.6275556012981,0.231744111119709,0.10727085562926085,0.3396625595291636
1.588219816561483,16.978154636108926,0.2317054807330927,0.11816406132674481,0.3515762321222672
1.588219816561483,17.328753670919756,0.23166890913720828,0.1177819412591713,0.3516115135441789
1.588219816561483,17.679352705730587,0.2316346782109078,0.11763201892855865,0.352801973677529
1.588219816561483,18.029951740541414,0.23160306794000712,0.11658006432251052,0.3522531719505344
1.588219816561483,18.38055077535224,0.23157435401335694,0.121726980593545,0.3573193573992855
1.588219816561483,18.73114981016307,0.23154880452309842,0.12004975619209475,0.3567955187653702
1.588219816561483,19.081748844973898,0.23152667632544746,0.12093400510053855,0.3582122814016962
1.588219816561483,19.432347879784725,0.2315082116103011,0.12028112512038253,0.3589370955470071
1.588219816561483,19.782946914595552,0.23149363507440357,0.1196119471645732,0.3602975250303647
1.588219816561483,20.133545949406383,0.23148315185198048,0.11244615352910166,0.35444894924685094
1.588219816561483,20.48414498421721,0.23147694610348565,0.10945271864132465,0.3525532265931596
1.588219816561483,20.834744019028037,0.2314751799824411,0.11535525814837135,0.35994416398689083
1.588219816561483,21.185343053838867,0.23147799267023697,0.11372316330721752,0.3585020788305976
1.588219816561483,21.535942088649698,0.23148549931986934,0.11317211985916446,0.3586702516103983
1.588219816561483,21.886541123460525,0.2314977900250941,0.11188285440349115,0.3588213667071913
1.588219816561483,22.23714015827135,0.23151492919524902,0.11437077600228683,0.3627893335850562
1.588219816561483,22.587739193082182,0.23153695582669873,0.11369736235830531,0.3635146912735362
1.588219816561483,22.93833822789301,0.23156388506202077,0.11289396380913072,0.36424567863189344
1.588219816561483,23.288937262703836,0.23159571117345507,0.11588744202519789,0.36802824339756635
1.588219816561483,23.639536297514667,0.2316324118168017,0.11538831703806933,0.36838358091018436
1.588219816561483,23.990135332325494,0.2316739531792548,0.1148239565833092,0.3707372964900193
1.588219816561483,24.34073436713632,0.2317202955321143,0.12010752226093917,0.37739168767120523
1.588219816561483,24.691333401947148,0.23177139868451052,0.11985571872006888,0.3788118278986403
1.588219816561483,25.04193243675798,0.23182722688130294,0.1195979464478032,0.38024520322998245
1.588219816561483,25.392531471568805,0.23188775276397103,0.10383973765701478,0.36590544422559906
1.588219816561483,25.743130506379632,0.2319529600978197,0.1061045546532141,0.370285384550305
1.588219816561483,26.093729541190463,0.23202284505669354,0.12271103062650554,0.3871696717640736
1.588219816561483,26.444328576001293,0.23209741595237812,0.10125135279618185,0.36616504506356834
1.588219816561483,26.79492761081212,0.23217669140779357,0.1019958761239131,0.3674522013026074
1.588219816561483,27.145526645622947,0.2322606971038405,0.10613121927722811,0.37341430844386825
1.588219816561483,27.496125680433778,0.23234946137322487,0.10755813261606688,0.3742050239487406
1.588219816561483,27.846724715244605,0.232443010056053,0.10749665606735447,0.37629547065635194
1.588219816561483,28.197323750055432,0.23254136114941729,0.10886138380983962,0.3790676367464951
1.588219816561483,28.54792278486626,0.2326445198477018,0.10652310763412186,0.3774450415160476
1.588219816561483,28.89852181967709,0.23275247455088183,0.10739236624530536,0.3794429897121472
1.588219816561483,29.249120854487916,0.23286519429510463,0.10738200669994563,0.3806882898133487
1.588219816561483,29.599719889298743,0.2329826278423239,0.10721007231897373,0.3824427412051551
1.588219816561483,29.950318924109574,0.23310470439838418,0.10207906669964631,0.37979383994775845
1.588219816561483,30.3009179589204,0.2332313356792825,0.1029198015909484,0.3805949135129974
1.588219816561483,30.651516993731228,0.23336241887663664,0.10360441888384513,0.3816352550770821
1.588219816561483,31.002116028542055,0.23349784001882024,0.10466727466609241,0.38403186315360904
1.588219816561483,31.352715063352885,0.23363747727676612,0.10557436983423693,0.38550914584448626
1.588219816561483,31.703314098163716,0.23378120388436294,0.10650390088641451,0.38749879403034326
1.588219816561483,32.05391313297454,0.23392889048221305,0.10445084795542807,0.3863477127061843
1.588219816561483,32.40451216778537,0.23408040680870287,0.10559553214090756,0.3887907574822907
1.588219816561483,32.7551112025962,0.23423562273398663,0.10111535073772343,0.38615752668773673
1.588219816561483,33.105710237407024,0.23439440866426034,0.09573142635135269,0.38171074933797955
1.588219816561483,33.45630927221785,0.23455663535583987,0.10196144437161649,0.38859249026292353
1.588219816561483,33.806908307028685,0.23472217319671507,0.09593443159363517,0.3821256691887887
1.588219816561483,34.15750734183951,0.23489089105707664,0.09577694339639435,0.3812382180741223
1.588219816561483,34.50810637665034,0.23506265488420755,0.09563457338278389,0.3803378719472789
1.588219816561483,34.858705411461166,0.23523732630563843,0.0955075656348462,0.3809492426198605
1.588219816561483,35.20930444627199,0.23541476157510258,0.09539617195912144,0.38197759697530836
1.6465561866609542,0.5,0.23412396467364907,0.1018580319610744,0.3630539496514452
1.6465561866609542,0.8505990348108282,0.23428177299208483,0.1020527782073953,0.36201045150108346
1.6465561866609542,1.2011980696216566,0.23443252187499608,0.10530141181133036,0.3632715030618845
1.6465561866609542,1.5517971044324848,0.23457559662971603,0.10245081421162411,0.35996242720837357
1.6465561866609542,1.9023961392433129,0.23471039041510028,0.10265430475828591,0.3589498589456221
1.6465561866609542,2.2529951740541407,0.2348363268277642,0.10342073925996258,0.35828520939005715
1.6465561866609542,2.6035942088649695,0.23495288295882558,0.1066565158994377,0.3600421483908816
1.6465561866609542,2.954193243675798,0.2350596117110187,0.10856830579846131,0.3591937949731863
1.6465561866609542,3.3047922784866257,0.23515616235856396,0.10925113829181217,0.3596193762066516
1.6465561866609542,3.655391313297454,0.23524229826009854,0.10994510697877248,0.36002439587623397
1.6465561866609542,4.005990348108282,0.23531791065626897,0.1039424518850511,0.35405588542514327
1.6465561866609542,4.35658938291911,0.23538302753494236,0.11505124949793051,0.3640669387036076
1.6465561866609542,4.707188417729939,0.23543781658409432,0.11547360455155423,0.36181459967835095
1.6465561866609542,5.057787452540768,0.2354825817915541,0.1158789763879599,0.35986877129159683
1.6465561866609542,5.408386487351596,0.2355177546431368,0.11360043431126972,0.35790236147139
1.6465561866609542,5.758985522162424,0.2355438819950518,0.11674600674013774,0.3619419638913049
1.6465561866609542,6.109584556973252,0.2355616113823158,0.11717289656025948,0.3621592948714848
1.6465561866609542,6.46018359178408,0.23557167036982404,0.1171664286906597,0.36234161412248017
1.6465561866609542,6.810782626594908,0.235574833314719,0.12225544354198356,0.36513966758639643
1.6465561866609542,7.161381661405737,0.23557187227250945,0.11711796927280424,0.3594553620958913
1.6465561866609542,7.511980696216565,0.23556349936103183,0.11706791255963389,0.357155331225647
1.6465561866609542,7.8625797310273935,0.23555031748507962,0.11737273119235246,0.35558403591927473
1.6465561866609542,8.213178765838222,0.23553279528892154,0.11663882258040294,0.35512451953967333
1.6465561866609542,8.56377780064905,0.235511270717914,0.11659517542500229,0.3552018075657399
1.6465561866609542,8.914376835459878,0.2354859752843065,0.11838648501136313,0.35583569575793544
1.6465561866609542,9.264975870270705,0.23545706625160936,0.11890480363944068,0.3553971810812537
1.6465561866609542,9.615574905081534,0.23542465665293041,0.11951776797937201,0.3566061253366622
1.6465561866609542,9.96617393989236,0.23538883862636467,0.12126014797661862,0.35781395960909584
1.6465561866609542,10.316772974703191,0.23534969995348667,0.1207082407959461,0.3558586354521337
1.6465561866609542,10.667372009514018,0.23530733564060272,0.12309271250888047,0.3567311690593932
1.6465561866609542,11.017971044324847,0.23526185644878345,0.12296373207680555,0.3556777308438495
1.6465561866609542,11.368570079135674,0.2352133955073344,0.12338792140690587,0.35624493867464574
1.6465561866609542,11.719169113946503,0.23516211334120518,0.1234647817880511,0.35579992531625565
1.6465561866609542,12.069768148757332,0.23510820117381104,0.12354107384902917,0.35570797094160195
1.6465561866609542,12.420367183568159,0.23505188224892512,0.12361696010321249,0.3562320631720797
1.6465561866609542,12.77096621837899,0.23499341100923296,0.11483779100117025,0.34625669893655786
1.6465561866609542,13.121565253189816,0.23493307014658338,0.11564624101492191,0.3470671137537917
1.6465561866609542,13.472164288000645,0.23487116573951955,0.11617123593845957,0.3478466832401788
1.6465561866609542,13.822763322811472,0.23480802089659153,0.11724409273877653,0.34973689575014727
1.6465561866609542,14.1733623576223,0.23474396850748724,0.11803466184675793,0.35155591301070294
1.6465561866609542,14.523961392433128,0.23467934383550534,0.1188205156995152,0.35136766361430016
1.6465561866609542,14.874560427243956,0.23461447773579092,0.11960233613793217,0.3530175899452721
1.6465561866609542,15.225159462054787,0.23454969123890512,0.1144500348154337,0.3495079694383007
1.6465561866609542,15.575758496865614,0.23448529208931337,0.11751333353611011,0.3521653002162981
1.6465561866609542,15.926357531676443,0.23442157356764937,0.11769707022419289,0.35288872304061947
1.6465561866609542,16.276956566487268,0.23435881557272872,0.11602760386951297,0.35334745540586066
1.6465561866609542,16.6275556012981,0.23429728755755153,0.11588190964641623,0.3546260842703094
1.6465561866609542,16.978154636108926,0.2342372525987617,0.11663454540646405,0.3558868763511937
1.6465561866609542,17.328753670919756,0.2341789717154141,0.11912364502730417,0.35713008111238925
1.6465561866609542,17.679352705730587,0.23412270757232795,0.1185906877554766,0.3580380126722144
1.6465561866609542,18.029951740541414,0.23406872687868507,0.10182089687666025,0.34179630221543433
1.6465561866609542,18.38055077535224,0.23401730106390625,0.12003139413572333,0.36121734301632824
1.6465561866609542,18.73114981016307,0.2339687051199307,0.11943862216063736,0.3615962818279079
1.6465561866609542,19.081748844973898,0.2339232147955948,0.11817752534314377,0.36190197593074
1.6465561866609542,19.432347879784725,0.2338811025757465,0.09868954642334062,0.34337360792369387
1.6465561866609542,19.782946914595552,0.2338426330317355,0.12313108832235316,0.3674713804976525
1.6465561866609542,20.133545949406383,0.23380805814803549,0.1204855488828222,0.36668306329121164
1.6465561866609542,20.48414498421721,0.23377761309523543,0.12198253379729246,0.3693077312326544
1.6465561866609542,20.834744019028037,0.23375151267294608,0.11147394368428865,0.3603882896223839
1.6465561866609542,21.185343053838867,0.23372994839123173,0.10804084631367808,0.3582204020848331
1.6465561866609542,21.535942088649698,0.23371308602202104,0.10889445011529875,0.35943066655620975
1.6465561866609542,21.886541123460525,0.2337010635034889,0.10764620840498029,0.3585505899191831
1.6465561866609542,22.23714015827135,0.23369398927873739,0.10642485143769878,0.35872686548146465
1.6465561866609542,22.587739193082182,0.233691941360033,0.10522980577780455,0.3589106106423579
1.6465561866609542,22.93833822789301,0.23369496749431248,0.10406050765350681,0.3591017859716299
1.6465561866609542,23.288937262703836,0.23370308671417267,0.10291640115709097,0.36002422440198467
1.6465561866609542,23.639536297514667,0.23371629234313643,0.11536687728818794,0.374099164529264
1.6465561866609542,23.990135332325494,0.23373455628560655,0.11477217493168684,0.37473798651659396
1.6465561866609542,24.34073436713632,0.23375783425380564,0.11420165653988654,0.37538275620517836
1.6465561866609542,24.691333401947148,0.23378607149749395,0.11350922831499607,0.37603336120215247
1.6465561866609542,25.04193243675798,0.23381920859209535,0.11263672023228316,0.37668966422870925
1.6465561866609542,25.392531471568805,0.23385718687237098,0.10734535275327478,0.3721705941371106
1.6465561866609542,25.743130506379632,0.23389995314461598,0.10684625903632437,0.3716904962346058
1.6465561866609542,26.093729541190463,0.23394746336190667,0.1063613281883808,0.3722259169149356
1.6465561866609542,26.444328576001293,0.23399968500916904,0.1058904560610561,0.373810770153732
1.6465561866609542,26.79492761081212,0.23405659802513576,0.1054335520299381,0.375413756198934
1.6465561866609542,27.145526645622947,0.2341181941890293,0.09154712984698506,0.3635258633955453
1.6465561866609542,27.496125680433778,0.2341844750184677,0.1063423282215412,0.378679671144163
1.6465561866609542,27.846724715244605,0.23425544835806777,0.10941379776289854,0.38212089733943105
1.6465561866609542,28.197323750055432,0.2343311239822301,0.11213346467583356,0.3861352354073982
1.6465561866609542,28.54792278486626,0.23441150868081134,0.11299533884355138,0.3886855705174052
1.6465561866609542,28.89852181967709,0.2344966014155028,0.11276059601729362,0.3878615423337216
1.6465561866609542,29.249120854487916,0.23458638918096353,0.11298576454741555,0.38956343560389756
1.6465561866609542,29.599719889298743,0.234680844129697,0.11707525311121399,0.3941516938414663
1.6465561866609542,29.950318924109574,0.23477992230565098,0.11510939015567848,0.3937272443544567
1.6465561866609542,30.3009179589204,0.23488356401673224,0.11181915586978822,0.3929690592561604
1.6465561866609542,30.651516993731228,0.23499169555046714,0.11158428641600927,0.39462281479584305
1.6465561866609542,31.002116028542055,0.23510423170412684,0.10507107493865914,0.38847651916688375
1.6465561866609542,31.352715063352885,0.23522107853096444,0.10594582845284348,0.3891872272795759
1.6465561866609542,31.703314098163716,0.2353421358027653,0.10595725693005525,0.39065178863420047
1.6465561866609542,32.05391313297454,0.23546729889817355,0.10597924094866287,0.3921143749982957
1.6465561866609542,32.40451216778537,0.23559646005742338,0.10601119080629735,0.39354356540887314
1.6465561866609542,32.7551112025962,0.23572950911701912,0.10293281552838142,0.391178131329213
1.6465561866609542,33.105710237407024,0.23586633391003323,0.10392381315579238,0.3927206899901751
1.6465561866609542,33.45630927221785,0.2360068204925817,0.09486836439425217,0.38310602082586287
1.6465561866609542,33.806908307028685,0.23615085327414798,0.09581396469757372,0.38352254124881807
1.6465561866609542,34.15750734183951,0.23629831504329385,0.09620914897636054,0.38539329135557576
1.6465561866609542,34.50810637665034,0.23644908683803093,0.09661000094353227,0.38726052395371857
1.6465561866609542,34.858705411461166,0.2366030476342882,0.08924735733838643,0.3812443279374616
1.6465561866609542,35.20930444627199,0.23676007390734663,0.08863519602474862,0.381054685475924
1.7048925567604263,0.5,0.23701016288669915,0.10106401678805094,0.36937428672872014
1.7048925567604263,0.8505990348108282,0.2371746117360395,0.10125279145558023,0.36822175718480765
1.7048925567604263,1.2011980696216566,0.23733141570626895,0.10096028562467355,0.36705217799500767
1.7048925567604263,1.5517971044324848,0.23748000629073002,0.09993519043237074,0.3658614366971733
1.7048925567604263,1.9023961392433129,0.2376198252972567,0.09862475845486952,0.3646453877573769
1.7048925567604263,2.2529951740541407,0.2377503405696821,0.10486323978522771,0.3693256331731055
1.7048925567604263,2.6035942088649695,0.23787106249628281,0.10512877590959868,0.36785947067707975
1.7048925567604263,2.954193243675798,0.23798156108301377,0.1129076294796361,0.3739553159011187
1.7048925567604263,3.3047922784866257,0.2380814831676415,0.11402906626450944,0.3726943952773918
1.7048925567604263,3.655391313297454,0.23817056864782285,0.1143838215731636,0.3705242864731223
1.7048925567604263,4.005990348108282,0.23824866411683387,0.11473557213437631,0.36949198084191803
1.7048925567604263,4.35658938291911,0.23831573237482234,0.11447057710991933,0.36999678892568916
1.7048925567604263,4.707188417729939,0.23837185675690026,0.11391855027782354,0.36635990333412577
1.7048925567604263,5.057787452540768,0.23841724003197567,0.11056227616560425,0.36158054609766305
1.7048925567604263,5.408386487351596,0.23845219890907943,0.10769920901272992,0.35947298961583507
1.7048925567604263,5.758985522162424,0.23847715652944626,0.10766551080258141,0.3595678237867133
1.7048925567604263,6.109584556973252,0.23849263534590864,0.10793207625253032,0.3599735654605857
1.7048925567604263,6.46018359178408,0.2384992501307836,0.10473179261038272,0.3558145948042519
1.7048925567604263,6.810782626594908,0.23849769614059027,0.10502252783519561,0.35544172671793633
1.7048925567604263,7.161381661405737,0.23848872450065547,0.12440925564266525,0.37315603633925337
1.7048925567604263,7.511980696216565,0.23847310043178474,0.12447033136436106,0.37351702763585715
1.7048925567604263,7.8625797310273935,0.23845155012908564,0.11757699757028543,0.36562431779525495
1.7048925567604263,8.213178765838222,0.23842471151630198,0.11843410919097144,0.365485789376166
1.7048925567604263,8.56377780064905,0.23839310419761822,0.11926676085783336,0.36542127569217453
1.7048925567604263,8.914376835459878,0.23835712450934732,0.11919758953244561,0.3642293262177569
1.7048925567604263,9.264975870270705,0.238317060684814,0.12111505073295832,0.36523185916249873
1.7048925567604263,9.615574905081534,0.23827311805853535,0.12204726515223002,0.36541495899188536
1.7048925567604263,9.96617393989236,0.2382254456298853,0.12299982066891273,0.36597657282696283
1.7048925567604263,10.316772974703191,0.2381741594742186,0.12548532778238225,0.36697178072402936
1.7048925567604263,10.667372009514018,0.23811936195752723,0.1269804479032997,0.367430508315863
1.7048925567604263,11.017971044324847,0.23806115724795207,0.12598616534387078,0.3668568293167833
1.7048925567604263,11.368570079135674,0.2379996636919913,0.12434698895504649,0.36459669790701604
1.7048925567604263,11.719169113946503,0.23793502320044246,0.12432876450697636,0.36461288071890585
1.7048925567604263,12.069768148757332,0.23786740753691082,0.12415496818038924,0.3645984549779557
1.7048925567604263,12.420367183568159,0.23779702147746287,0.12386620709484962,0.3645547975100504
1.7048925567604263,12.77096621837899,0.23772410304428374,0.11240792753236022,0.353005691817999
1.7048925567604263,13.121565253189816,0.23764892120749218,0.11126788585122387,0.3522631695574116
1.7048925567604263,13.472164288000645,0.23757177153612058,0.12367343474214003,0.36426474416384824
1.7048925567604263,13.822763322811472,0.23749297032146433,0.12346378688158689,0.3641212822260097
1.7048925567604263,14.1733623576223,0.23741284775728416,0.1228384641520412,0.3639579086549434
1.7048925567604263,14.523961392433128,0.2373317408340081,0.12306525702501714,0.3637768705027372
1.7048925567604263,14.874560427243956,0.23724998663193977,0.12333093507269693,0.3638819219515024
1.7048925567604263,15.225159462054787,0.23716791663982414,0.1239993755363699,0.36387935084709966
1.7048925567604263,15.575758496865614,0.23708585257867174,0.12244673434362192,0.36338784733644597
1.7048925567604263,15.926357531676443,0.23700410399964866,0.12205690920956033,0.36413907739850815
1.7048925567604263,16.276956566487268,0.2369229676810454,0.11993743887834364,0.36354119649083555
1.7048925567604263,16.6275556012981,0.2368427286143692,0.1203246704361431,0.3636658144696361
1.7048925567604263,16.978154636108926,0.23676366219131365,0.1191826975618915,0.3639435841271808
1.7048925567604263,17.328753670919756,0.23668603711539446,0.12085535494038438,0.365257011631706
1.7048925567604263,17.679352705730587,0.23661011856202888,0.12051261740339334,0.36674292741543957
1.7048925567604263,18.029951740541414,0.23653617116146936,0.11980727473982078,0.36765847405590474
1.7048925567604263,18.38055077535224,0.2364644614355054,0.11752879324201919,0.3652566711437739
1.7048925567604263,18.73114981016307,0.23639525936181183,0.11822487520391287,0.3662050870715309
1.7048925567604263,19.081748844973898,0.23632883878692262,0.1177137704284887,0.36630328368234116
1.7048925567604263,19.432347879784725,0.23626547649605686,0.11652838426726735,0.36650060028386106
1.7048925567604263,19.782946914595552,0.23620544989518935,0.12028544496067901,0.3703702391285081
1.7048925567604263,20.133545949406383,0.23614903344709726,0.11940790224795753,0.3710793414900237
1.7048925567604263,20.48414498421721,0.23609649417183437,0.11450874869798303,0.36746067399337085
1.7048925567604263,20.834744019028037,0.23604808661275328,0.11443107514827637,0.36816462723548726
1.7048925567604263,21.185343053838867,0.2360040476594718,0.11538109776446348,0.36958196046085684
1.7048925567604263,21.535942088649698,0.2359645915461267,0.10936712995790555,0.3638274848091527
1.7048925567604263,21.886541123460525,0.23592990528066343,0.11158737037739212,0.3673237003547973
1.7048925567604263,22.23714015827135,0.23590014476049642,0.11208915302947738,0.36822963538471437
1.7048925567604263,22.587739193082182,0.23587543187489352,0.11326358293389181,0.37188142675331864
1.7048925567604263,22.93833822789301,0.2358558529134929,0.11215856481733183,0.37238486407663385
1.7048925567604263,23.288937262703836,0.23584145853163144,0.11474137640289038,0.375432910465675
1.7048925567604263,23.639536297514667,0.2358322653665964,0.11412834320320073,0.37639709925561077
1.7048925567604263,23.990135332325494,0.2358282592105461,0.11487761909995285,0.3782169031628755
1.7048925567604263,24.34073436713632,0.2358293994902677,0.11427570287161776,0.3782638668645759
1.7048925567604263,24.691333401947148,0.23583562471329242,0.113699726816038,0.3791652520453651
1.7048925567604263,25.04193243675798,0.2358468585076195,0.1131486253285527,0.38050982070680894
1.7048925567604263,25.392531471568805,0.23586301588343947,0.11632066228042418,0.384421666610889
1.7048925567604263,25.743130506379632,0.23588400935830597,0.11587733368766584,0.3849914612978103
1.7048925567604263,26.093729541190463,0.23590975460275457,0.1149720350123234,0.38556723832361534
1.7048925567604263,26.444328576001293,0.23594017528232436,0.1148741272466232,0.3868312642037556
1.7048925567604263,26.79492761081212,0.23597520680188638,0.11313741975161705,0.38673594988378635
1.7048925567604263,27.145526645622947,0.23601479870923675,0.1170155780909759,0.3916798325566598
1.7048925567604263,27.496125680433778,0.23605891559431652,0.10991008601880027,0.38553623976017576
1.7048925567604263,27.846724715244605,0.23610753642955384,0.11661149692903884,0.3934091022000864
1.7048925567604263,28.197323750055432,0.23616065243270548,0.10916051795318195,0.38687827564301686
1.7048925567604263,28.54792278486626,0.23621826368990462,0.11698985333198501,0.3968228719413817
1.7048925567604263,28.89852181967709,0.23628037493877863,0.11564378919261917,0.3956911881759764
1.7048925567604263,29.249120854487916,0.23634699104870827,0.1157783961333241,0.3963574957949647
1.7048925567604263,29.599719889298743,0.23641811280100447,0.11533037179557833,0.3952020771340294
1.7048925567604263,29.950318924109574,0.23649373352044342,0.1153525438928699,0.3977850685925597
1.7048925567604263,30.3009179589204,0.23657383692523268,0.11388020367976452,0.3964968196124125
1.7048925567604263,30.651516993731228,0.23665839628064994,0.11381875392132998,0.39643088951698857
1.7048925567604263,31.002116028542055,0.23674737464592113,0.11316220479804588,0.39833380476303143
1.7048925567604263,31.352715063352885,0.23684072579282148,0.11288972873558104,0.4004737151544699
1.7048925567604263,31.703314098163716,0.2369383953155882,0.10414464921513931,0.39194673622143655
1.7048925567604263,32.05391313297454,0.23704032155032526,0.10388294337109816,0.3922967960507362
1.7048925567604263,32.40451216778537,0.23714643612162625,0.10363564016694837,0.3926185653144377
1.7048925567604263,32.7551112025962,0.23725666414594498,0.10340281017124929,0.3929246574540444
1.7048925567604263,33.105710237407024,0.23737092426518439,0.09675484866478509,0.3866956282472603
1.7048925567604263,33.45630927221785,0.23748912871970765,0.09594820340359485,0.38769568259997417
1.7048925567604263,33.806908307028685,0.2376111836065675,0.09396769718956002,0.3857771169157076
1.7048925567604263,34.15750734183951,0.2377369893529019,0.09300252465000029,0.38347380648978413
1.7048925567604263,34.50810637665034,0.23786644132608623,0.09365392850524953,0.38498594017783727
1.7048925567604263,34.858705411461166,0.237999430449234,0.0929342561442842,0.3845104246408996
1.7048925567604263,35.20930444627199,0.23813584371213536,0.09223844481863847,0.38407667071262586
1.7632289268598975,0.5,0.2397672211786262,0.10163590113913851,0.37797129601293983
1.7632289268598975,0.8505990348108282,0.2399386015358961,0.1004702245693354,0.37641368089397076
1.7632289268598975,1.2011980696216566,0.24010187598469473,0.09945791061844846,0.3748660354917585
1.7632289268598975,1.5517971044324848,0.2402565258077688,0.09772907915124232,0.37354996418112574
1.7632289268598975,1.9023961392433129,0.24040204424311556,0.10312002137509448,0.3784222463520093
1.7632289268598975,2.2529951740541407,0.24053794606343148,0.10937955089994066,0.3814084905725272
1.7632289268598975,2.6035942088649695,0.24066377794156094,0.10984547375629344,0.3793541793383456
1.7632289268598975,2.954193243675798,0.2407791301575954,0.10944560370257692,0.3783173569229054
1.7632289268598975,3.3047922784866257,0.24088365005576512,0.10905436823966437,0.3772391136126455
1.7632289268598975,3.655391313297454,0.24097705663576874,0.11116972740214892,0.377728644336831
1.7632289268598975,4.005990348108282,0.2410591545518781,0.11448433932120312,0.37973749863602313
1.7632289268598975,4.35658938291911,0.24112984534022833,0.11258256500611295,0.3754948852765008
1.7632289268598975,4.707188417729939,0.24118913410054002,0.11404263850166481,0.3759202643033236
1.7632289268598975,5.057787452540768,0.24123713094650437,0.11457108324927823,0.37399943572904415
1.7632289268598975,5.408386487351596,0.24127404804463554,0.11506976736595327,0.37350880307986795
1.7632289268598975,5.758985522162424,0.2413001945682901,0.11554170745593978,0.3738287885116553
1.7632289268598975,6.109584556973252,0.2413159726167144,0.11599034683453574,0.37409446877116054
1.7632289268598975,6.46018359178408,0.24132187603126165,0.11641947375042834,0.3743050349033716
1.7632289268598975,6.810782626594908,0.24131849046336204,0.11683313875396842,0.37566075645872643
1.7632289268598975,7.161381661405737,0.24130648817279787,0.11599593144933193,0.3745432461300616
1.7632289268598975,7.511980696216565,0.24128660861586748,0.12416714030966129,0.38387838860460344
1.7632289268598975,7.8625797310273935,0.24125962008598628,0.1159737490571285,0.3745692932872008
1.7632289268598975,8.213178765838222,0.2412262679701998,0.11680286871566774,0.37441798361060086
1.7632289268598975,8.56377780064905,0.24118722438630236,0.11764887525628452,0.3742362529424417
1.7632289268598975,8.914376835459878,0.24114305437699712,0.11851228658644127,0.3739798097706047
1.7632289268598975,9.264975870270705,0.24109420543282742,0.11890780259840757,0.37430070144926536
1.7632289268598975,9.615574905081534,0.24104101706721956,0.11807040472589155,0.37323098558972867
1.7632289268598975,9.96617393989236,0.24098374197586955,0.11953794310988937,0.3727325985758831
1.7632289268598975,10.316772974703191,0.24092257080781943,0.12452231624551083,0.37704024436727335
1.7632289268598975,10.667372009514018,0.24085765570270978,0.12151049745269736,0.3714727420425727
1.7632289268598975,11.017971044324847,0.24078913054243098,0.12408953148975706,0.3727826193203973
1.7632289268598975,11.368570079135674,0.2407171272827871,0.12425621476705903,0.37111198524010086
1.7632289268598975,11.719169113946503,0.24064178817848833,0.1231019639180837,0.3688806625560326
1.7632289268598975,12.069768148757332,0.24056327391703605,0.12366398392156218,0.36876559088502053
1.7632289268598975,12.420367183568159,0.24048176799519638,0.12213235463541777,0.3676500399546044
1.7632289268598975,12.77096621837899,0.2403974780457247,0.12391584057146396,0.3705264779700811
1.7632289268598975,13.121565253189816,0.24031063503528696,0.12300790777353633,0.3713802024395447
1.7632289268598975,13.472164288000645,0.24022149119545103,0.12347121070912967,0.37303675225462796
1.7632289268598975,13.822763322811472,0.24013031729454876,0.12367956519161215,0.37303837241158977
1.7632289268598975,14.1733623576223,0.24003739958362144,0.12360565608543289,0.3740817597169979
1.7632289268598975,14.523961392433128,0.2399430365828248,0.11680471179354922,0.36694812523741466
1.7632289268598975,14.874560427243956,0.2398475358313893,0.1176602151258872,0.3670110322429648
1.7632289268598975,15.225159462054787,0.239751210742618,0.1185239874444498,0.3685628957909624
1.7632289268598975,15.575758496865614,0.23965437771537676,0.12114066384186398,0.3712911301877077
1.7632289268598975,15.926357531676443,0.23955735362048358,0.11617478185035816,0.3669348344111681
1.7632289268598975,16.276956566487268,0.23946045371302685,0.11757939196563702,0.3673098583041582
1.7632289268598975,16.6275556012981,0.2393639899568502,0.11792119098110888,0.3673835274111787
1.7632289268598975,16.978154636108926,0.23926826972364187,0.11863240064872294,0.36815403841061456
1.7632289268598975,17.328753670919756,0.23917359485918505,0.1171472155018017,0.36756523214611847
1.7632289268598975,17.679352705730587,0.2390802611686315,0.11980511063001327,0.3709985616107296
1.7632289268598975,18.029951740541414,0.23898855841037214,0.12064108586312593,0.37042987858704796
1.7632289268598975,18.38055077535224,0.23889877085706174,0.11964262292333346,0.37116702805108426
1.7632289268598975,18.73114981016307,0.2388111783689612,0.11842573195252434,0.37219893347292754
1.7632289268598975,19.081748844973898,0.23872605776038677,0.11302475569798189,0.3687775439939226
1.7632289268598975,19.432347879784725,0.2386436840878376,0.11873160141104729,0.3751170972075494
1.7632289268598975,19.782946914595552,0.23856433141291916,0.11786596647516702,0.374725561154356
1.7632289268598975,20.133545949406383,0.23848827262955538,0.11726899410539757,0.37467319819185047
1.7632289268598975,20.48414498421721,0.2384157780820755,0.11933811902295001,0.37709568762780227
1.7632289268598975,20.834744019028037,0.2383471128880798,0.12009863496102464,0.3786376094238855
1.7632289268598975,21.185343053838867,0.23828253305761252,0.1206780594118575,0.3792434481764409
1.7632289268598975,21.535942088649698,0.23822228063614073,0.11255480021834098,0.3723307318208361
1.7632289268598975,21.886541123460525,0.2381665782051093,0.11159568161962077,0.3714285770202054
1.7632289268598975,22.23714015827135,0.23811562318073878,0.11320637628581307,0.373689300771568
1.7632289268598975,22.587739193082182,0.23806958245929824,0.1125838234932867,0.374423445105496
1.7632289268598975,22.93833822789301,0.2380285880143942,0.11062817772874482,0.3735282953823298
1.7632289268598975,23.288937262703836,0.23799273399442977,0.11138882231015151,0.3745564971692138
1.7632289268598975,23.639536297514667,0.23796207568082503,0.11081706085034194,0.37556687452703125
1.7632289268598975,23.990135332325494,0.2379366304068966,0.11001864580979949,0.3765587171789311
1.7632289268598975,24.34073436713632,0.23791638029549483,0.11390163908120021,0.3827159842211854
1.7632289268598975,24.691333401947148,0.2379012765178556,0.1139217944784238,0.38284463922148115
1.7632289268598975,25.04193243675798,0.23789124471774084,0.11333947065113327,0.38290330166671466
1.7632289268598975,25.392531471568805,0.23788619124967367,0.11278364169210779,0.38289014380340697
1.7632289268598975,25.743130506379632,0.23788600990054057,0.1122531352898467,0.3828032746021113
1.7632289268598975,26.093729541190463,0.2378905887669886,0.11174684702459113,0.38354322052611967
1.7632289268598975,26.444328576001293,0.23789981693998477,0.11126373834667981,0.38460469936064684
1.7632289268598975,26.79492761081212,0.23791359061902276,0.11346564649501127,0.3877967017356337
1.7632289268598975,27.145526645622947,0.2379318182690172,0.11298498701774458,0.38749319343537325
1.7632289268598975,27.496125680433778,0.2379544244669077,0.11251910592391483,0.38790835607918084
1.7632289268598975,27.846724715244605,0.23798135217407337,0.11144059735160275,0.3895456744108851
1.7632289268598975,28.197323750055432,0.23801256331172385,0.10797667667952068,0.38678054876848894
1.7632289268598975,28.54792278486626,0.23804803769226357,0.11787515018554005,0.39802737689331436
1.7632289268598975,28.89852181967709,0.23808777054158684,0.11803769013795225,0.4000348471778948
1.7632289268598975,29.249120854487916,0.23813176900118632,0.1162912564734783,0.39938695445765166
1.7632289268598975,29.599719889298743,0.2381800480937125,0.11725442609113945,0.40004519282691064
1.7632289268598975,29.950318924109574,0.23823262665102185,0.11650680648243807,0.4015300392250168
1.7632289268598975,30.3009179589204,0.23828952363499162,0.11578787924107947,0.4025958943202607
1.7632289268598975,30.651516993731228,0.23835075514048942,0.11509589878758324,0.40323314700048607
1.7632289268598975,31.002116028542055,0.23841633218626487,0.11579209202556422,0.40533823409367914
1.7632289268598975,31.352715063352885,0.2384862592179599,0.11472455558320874,0.4034121045002182
1.7632289268598975,31.703314098163716,0.23856053311862732,0.11316524318282639,0.4037382253930546
1.7632289268598975,32.05391313297454,0.2386391424840533,0.1031080739743598,0.39507490577731724
1.7632289268598975,32.40451216778537,0.23872206697845713,0.10303544483461684,0.3933968484496601
1.7632289268598975,32.7551112025962,0.23880927670738633,0.10217291576431667,0.3937065464900925
1.7632289268598975,33.105710237407024,0.23890073166994422,0.10293938182287495,0.3942231246799005
1.7632289268598975,33.45630927221785,0.23899638142518423,0.10291472216171987,0.394352312428758
1.7632289268598975,33.806908307028685,0.2390961650993573,0.10290481467020625,0.39463223519413443
1.7632289268598975,34.15750734183951,0.23920001178290337,0.10290903436083719,0.3956437549395731
1.7632289268598975,34.50810637665034,0.2393078412605496,0.10292675792438019,0.3968683053943082
1.7632289268598975,34.858705411461166,0.23941956493527278,0.10295736697655922,0.39867735336217525
1.7632289268598975,35.20930444627199,0.2395350867832642,0.09099186343036997,0.38761154502362966
1.8215652969593692,0.5,0.24238406715128705,0.09640551697193207,0.38099450795465434
1.8215652969593692,0.8505990348108282,0.24256300998170052,0.09665997435670261,0.37978934762632083
1.8215652969593692,1.2011980696216566,0.24273350014976275,0.0969264119660712,0.3805222491451414
1.8215652969593692,1.5517971044324848,0.24289506233468122,0.10627711008861372,0.39032693246880135
1.8215652969593692,1.9023961392433129,0.24304723261538438,0.10745691192881775,0.38999354118426993
1.8215652969593692,2.2529951740541407,0.24318956336857112,0.10862025118730519,0.3896698000539914
1.8215652969593692,2.6035942088649695,0.24332162916201674,0.10410230537342029,0.3843221584785397
1.8215652969593692,2.954193243675798,0.24344303457786298,0.1047156243415659,0.3847457232439177
1.8215652969593692,3.3047922784866257,0.24355342492958146,0.11365410072780147,0.39136879119761053
1.8215652969593692,3.655391313297454,0.24365249979485873,0.11307028442247458,0.388528390508415
1.8215652969593692,4.005990348108282,0.24374002779288237,0.11490236200430921,0.3894916514106765
1.8215652969593692,4.35658938291911,0.24381585998343486,0.1151507979551924,0.3880888043734388
1.8215652969593692,4.707188417729939,0.24387993923023804,0.11615064361792224,0.3886844883773711
1.8215652969593692,5.057787452540768,0.24393230392797183,0.1154745420778403,0.38776422085026446
1.8215652969593692,5.408386487351596,0.2439730862900649,0.11806580343855,0.38854208576666976
1.8215652969593692,5.758985522162424,0.2440025073111245,0.1188390491721715,0.38718434550731573
1.8215652969593692,6.109584556973252,0.244020871845882,0.11877190596001926,0.3846656861041186
1.8215652969593692,6.46018359178408,0.24402856724450792,0.11620615142588656,0.3827301497114529
1.8215652969593692,6.810782626594908,0.2440260668847881,0.11597659480939898,0.38218843703496863
1.8215652969593692,7.161381661405737,0.24401393555096662,0.11461597044148412,0.3824583025099391
1.8215652969593692,7.511980696216565,0.2439928286374195,0.12312625338899168,0.39201493551867717
1.8215652969593692,7.8625797310273935,0.24396347558739562,0.12234665864082829,0.3878795946743484
1.8215652969593692,8.213178765838222,0.24392664327623303,0.1228851842910287,0.38806185056307213
1.8215652969593692,8.56377780064905,0.24388308556625432,0.12341789750084928,0.38827994976245606
1.8215652969593692,8.914376835459878,0.2438334937090737,0.12394730173141891,0.3885328952235463
1.8215652969593692,9.264975870270705,0.2437784621097767,0.12436685551761545,0.3888196524740729
1.8215652969593692,9.615574905081534,0.2437184759589967,0.12500496547018825,0.3897227776135564
1.8215652969593692,9.96617393989236,0.24365391801865713,0.12409678410569312,0.3869827751883075
1.8215652969593692,10.316772974703191,0.24358508697398315,0.12700436377845253,0.38693218319773465
1.8215652969593692,10.667372009514018,0.24351221985399607,0.12661238162773308,0.38548387717091814
1.8215652969593692,11.017971044324847,0.24343551351872134,0.12023248202010801,0.37837660713016846
1.8215652969593692,11.368570079135674,0.24335514270336092,0.12666430128922793,0.38243131680643494
1.8215652969593692,11.719169113946503,0.24327127372381452,0.12431150195028905,0.38004085371285007
1.8215652969593692,12.069768148757332,0.24318407386353819,0.1247729801561242,0.3804128591885865
1.8215652969593692,12.420367183568159,0.24309371704285482,0.12623342672076282,0.38251246980989545
1.8215652969593692,12.77096621837899,0.24300038676156685,0.12844283565428485,0.38607194334577444
1.8215652969593692,13.121565253189816,0.24290427746059268,0.12848000848065,0.3862777573325927
1.8215652969593692,13.472164288000645,0.24280559531240412,0.12888249733709192,0.3864840477225144
1.8215652969593692,13.822763322811472,0.24270455907188185,0.11744970094570012,0.374602667869649
1.8215652969593692,14.1733623576223,0.2426014011552902,0.11685922019975364,0.37594056490521327
1.8215652969593692,14.523961392433128,0.24249636874766478,0.11342045602940284,0.37279217360930944
1.8215652969593692,14.874560427243956,0.24238972457993177,0.11529323909229525,0.37434806673527965
1.8215652969593692,15.225159462054787,0.242281747062733,0.11231516506908408,0.37153930534227547
1.8215652969593692,15.575758496865614,0.24217272962027872,0.11165809231325799,0.37058843338135133
1.8215652969593692,15.926357531676443,0.24206297922111478,0.11346166661606646,0.3719519901087725
1.8215652969593692,16.276956566487268,0.24195281418773495,0.11402390963033754,0.3721550742961716
1.8215652969593692,16.6275556012981,0.24184256138956708,0.114579080033281,0.3723556549771631
1.8215652969593692,16.978154636108926,0.24173255293573473,0.12057994275142592,0.3778914463404772
1.8215652969593692,17.328753670919756,0.24162312253261564,0.11566928984136678,0.37274832314676054
1.8215652969593692,17.679352705730587,0.24151460176217604,0.11726461490746264,0.3729399345717504
1.8215652969593692,18.029951740541414,0.2414073166298377,0.11673488476729174,0.37322250757290604
1.8215652969593692,18.38055077535224,0.24130158476512478,0.11489209136010668,0.37351237204882587
1.8215652969593692,18.73114981016307,0.2411977135923426,0.11359678999995726,0.37378311685140037
1.8215652969593692,19.081748844973898,0.2410959996224733,0.11829414683000207,0.37999577883319663
1.8215652969593692,19.432347879784725,0.24099672879377446,0.11982703106610007,0.3815163540076825
1.8215652969593692,19.782946914595552,0.2409001775703471,0.11931290756066991,0.3818320375020943
1.8215652969593692,20.133545949406383,0.24080661435237866,0.10068713883691585,0.3649916718769053
1.8215652969593692,20.48414498421721,0.24071630069129094,0.11128569129793722,0.3756461336761717
1.8215652969593692,20.834744019028037,0.24062949183917928,0.11003162660747176,0.3750413562140848
1.8215652969593692,21.185343053838867,0.24054643627118788,0.11039850055410236,0.3751950428043133
1.8215652969593692,21.535942088649698,0.24046737396921147,0.10945711294978178,0.37533395279830406
1.8215652969593692,21.886541123460525,0.2403925334229233,0.11804802673862874,0.38525554524377414
1.8215652969593692,22.23714015827135,0.2403221274849119,0.11170969659577493,0.3774011940980198
1.8215652969593692,22.587739193082182,0.2402563484093849,0.10921014045763723,0.37717636447478636
1.8215652969593692,22.93833822789301,0.2401953625850333,0.11991221101377185,0.3889711909475472
1.8215652969593692,23.288937262703836,0.24013930559096316,0.11253711093132167,0.3832927185543535
1.8215652969593692,23.639536297514667,0.2400882782103566,0.1086425150546254,0.3795099474764629
1.8215652969593692,23.990135332325494,0.24004234392080198,0.10941032329560627,0.38035246305236414
1.8215652969593692,24.34073436713632,0.24000152818435466,0.110184591049682,0.38122540803701843
1.8215652969593692,24.691333401947148,0.23996581964773692,0.10923259418874294,0.3821275164040892
1.8215652969593692,25.04193243675798,0.23993517318191834,0.11175286829492612,0.38593432928735716
1.8215652969593692,25.392531471568805,0.2399095145566028,0.11172713657365482,0.3860301212744257
1.8215652969593692,25.743130506379632,0.23988874644945962,0.11257274859740503,0.38751820730141606
1.8215652969593692,26.093729541190463,0.23987275541493128,0.11415609157676523,0.38958013976649275
1.8215652969593692,26.444328576001293,0.23986141937263586,0.11497112412227142,0.3894536842087984
1.8215652969593692,26.79492761081212,0.23985461512342215,0.11579331429371624,0.3892830267103015
1.8215652969593692,27.145526645622947,0.23985222537587023,0.11553158814015656,0.3908753414198483
1.8215652969593692,27.496125680433778,0.2398541447860108,0.11418286936879427,0.3928387214115397
1.8215652969593692,27.846724715244605,0.2398602845938491,0.10971793332185512,0.39131461346130103
1.8215652969593692,28.197323750055432,0.2398705755863312,0.11763610849391284,0.4005772374254769
1.8215652969593692,28.54792278486626,0.23988496931246475,0.1085344555140913,0.3913320783960808
1.8215652969593692,28.89852181967709,0.2399034376844229,0.11796303074899003,0.4018417090868024
1.8215652969593692,29.249120854487916,0.2399259712674778,0.11715855896313812,0.4024535021551611
1.8215652969593692,29.599719889298743,0.23995257664931194,0.11691602928162587,0.4037116142075406
1.8215652969593692,29.950318924109574,0.2399832732748832,0.11731942835173066,0.40538289526130356
1.8215652969593692,30.3009179589204,0.24001809006274388,0.11280041019494179,0.4024824142164307
1.8215652969593692,30.651516993731228,0.2400570620274944,0.11224586832405531,0.4029746590376538
1.8215652969593692,31.002116028542055,0.24010022705611225,0.11214993039700565,0.40533951815400043
1.8215652969593692,31.352715063352885,0.2401476229323536,0.11114804422690125,0.4058872743017373
1.8215652969593692,31.703314098163716,0.24019928466350082,0.11840947703820247,0.4143214057300223
1.8215652969593692,32.05391313297454,0.24025524212883503,0.1091573327688599,0.4053539924027291
1.8215652969593692,32.40451216778537,0.24031551804408907,0.11784144058009666,0.41474432239345377
1.8215652969593692,32.7551112025962,0.24038012623238394,0.11127365407793732,0.40800134686634065
1.8215652969593692,33.105710237407024,0.2404490702120523,0.11102169898030881,0.4085132120174155
1.8215652969593692,33.45630927221785,0.2405223421398919,0.08353569893091867,0.38162042918124395
1.8215652969593692,33.806908307028685,0.2405999221598051,0.08364067827549225,0.3804038391357871
1.8215652969593692,34.15750734183951,0.24068177818466172,0.08297178265911213,0.37964108540311226
1.8215652969593692,34.50810637665034,0.2407678660875778,0.10142148789111353,0.397004594948515
1.8215652969593692,34.858705411461166,0.24085813022075372,0.10140851653258574,0.3956631343668688
1.8215652969593692,35.20930444627199,0.24095250414361477,0.10077063414909739,0.39634797301585345
1.8799016670588413,0.5,0.24485085830329936,0.09882326092590768,0.39453401736019234
1.8799016670588413,0.8505990348108282,0.245038044961661,0.09239721351663714,0.38730850942778605
1.8799016670588413,1.2011980696216566,0.24521654058539816,0.09644453934027593,0.3907266158627588
1.8799016670588413,1.5517971044324848,0.24538589929288604,0.10440774485459271,0.3975910563375892
1.8799016670588413,1.9023961392433129,0.24554568605965146,0.10559287728164019,0.3969515139643374
1.8799016670588413,2.2529951740541407,0.24569547878542145,0.10246930437727808,0.3927031454992201
1.8799016670588413,2.6035942088649695,0.24583487121961942,0.10305871733820225,0.3923608448181158
1.8799016670588413,2.954193243675798,0.24596347776827043,0.10754553463736038,0.3964128619222635
1.8799016670588413,3.3047922784866257,0.24608094154796809,0.10714081744382883,0.39448548590070037
1.8799016670588413,3.655391313297454,0.24618694629561677,0.11109031381316822,0.3972999438093638
1.8799016670588413,4.005990348108282,0.2462812311969119,0.10083049179193986,0.3861395150996868
1.8799016670588413,4.35658938291911,0.24636360615033906,0.10039563080144599,0.384674654529928
1.8799016670588413,4.707188417729939,0.24643396421713343,0.10129190337278354,0.3848645529122342
1.8799016670588413,5.057787452540768,0.24649228848975047,0.11524270792070031,0.3984917626769215
1.8799016670588413,5.408386487351596,0.24653865229000624,0.11535562656042464,0.39758704005849177
1.8799016670588413,5.758985522162424,0.24657321389596468,0.11546834411772919,0.39603552134398656
1.8799016670588413,6.109584556973252,0.2465962090727155,0.11792948201480632,0.39803097960091693
1.8799016670588413,6.46018359178408,0.24660794577170753,0.09567670740080915,0.3754374151949357
1.8799016670588413,6.810782626594908,0.246608804687738,0.11539437886786766,0.39497527221490464
1.8799016670588413,7.161381661405737,0.2465992462576238,0.09653104226406588,0.37550142877517334
1.8799016670588413,7.511980696216565,0.24657981952749014,0.11607820684413661,0.39347948962707063
1.8799016670588413,7.8625797310273935,0.24655116361871524,0.12284181172977071,0.398059579943721
1.8799016670588413,8.213178765838222,0.2465139923064472,0.12365432836591855,0.39254126832362457
1.8799016670588413,8.56377780064905,0.24646905872540834,0.12398727251521419,0.39200707892366343
1.8799016670588413,8.914376835459878,0.246417107455948,0.12383269395097606,0.39213965639850445
1.8799016670588413,9.264975870270705,0.24635882818853383,0.1236801083318348,0.3922681035880027
1.8799016670588413,9.615574905081534,0.2462948239218978,0.12352981125373033,0.39239295560243936
1.8799016670588413,9.96617393989236,0.2462255989975827,0.12524812666032203,0.39293887787878434
1.8799016670588413,10.316772974703191,0.2461515642139814,0.12573510410034452,0.3926339906449114
1.8799016670588413,10.667372009514018,0.24607305218091627,0.12623321107686197,0.39243859851639734
1.8799016670588413,11.017971044324847,0.24599033620543076,0.12694586852952272,0.39286692470585266
1.8799016670588413,11.368570079135674,0.24590364820464825,0.1274461255005078,0.3932646822162497
1.8799016670588413,11.719169113946503,0.24581319346832856,0.1268443812994228,0.3930957806230693
1.8799016670588413,12.069768148757332,0.2457191617237884,0.12705350920186698,0.3932098899280828
1.8799016670588413,12.420367183568159,0.24562173487054292,0.12240481556560733,0.3874865678136515
1.8799016670588413,12.77096621837899,0.2455210921802178,0.12564976236792483,0.39005879755896633
1.8799016670588413,13.121565253189816,0.24541741389211602,0.12460022950241399,0.389219017333294
1.8799016670588413,13.472164288000645,0.24531088407841253,0.12679107232867765,0.3936748643935859
1.8799016670588413,13.822763322811472,0.24520169344820503,0.12689424915934572,0.3937953966690727
1.8799016670588413,14.1733623576223,0.24509004243997393,0.12684208987199283,0.39391845893312405
1.8799016670588413,14.523961392433128,0.24497614458225955,0.10606089834615925,0.37277653505165026
1.8799016670588413,14.874560427243956,0.24486022978500416,0.10712086458849264,0.37272160217456185
1.8799016670588413,15.225159462054787,0.2447425470581856,0.10853481745800932,0.37459377370471486
1.8799016670588413,15.575758496865614,0.24462336617749947,0.11129319616220974,0.37706796380548513
1.8799016670588413,15.926357531676443,0.2445029779824365,0.11170448382512269,0.37708960360905713
1.8799016670588413,16.276956566487268,0.24438169320589384,0.11193388040600334,0.3761368846512337
1.8799016670588413,16.6275556012981,0.2442598399164865,0.1125426350207016,0.37589539223973106
1.8799016670588413,16.978154636108926,0.24413775977718047,0.11296935199956017,0.3772495111829347
1.8799016670588413,17.328753670919756,0.24401580340431564,0.11340105132736038,0.3778161266927644
1.8799016670588413,17.679352705730587,0.24389432517773957,0.11383763760717748,0.37804443775007346
1.8799016670588413,18.029951740541414,0.24377367791342758,0.11427900570779882,0.3791500997042968
1.8799016670588413,18.38055077535224,0.24365420784545191,0.11585618690270631,0.3802463041943884
1.8799016670588413,18.73114981016307,0.24353625034533585,0.11517561604689754,0.37906175358967464
1.8799016670588413,19.081748844973898,0.24342012671801405,0.11552192868310779,0.3788868262278699
1.8799016670588413,19.432347879784725,0.2433061422643512,0.1137612006726385,0.3791184428304398
1.8799016670588413,19.782946914595552,0.24319458562004964,0.11313449280217064,0.38026517805405285
1.8799016670588413,20.133545949406383,0.24308572920525162,0.1101774524802016,0.3794599913038494
1.8799016670588413,20.48414498421721,0.24297983047682747,0.10980806300631922,0.379637799332299
1.8799016670588413,20.834744019028037,0.24287713358214713,0.09952224866340746,0.3704475391413608
1.8799016670588413,21.185343053838867,0.24277787097257847,0.09840197438851035,0.37002062496818144
1.8799016670588413,21.535942088649698,0.24268226454369188,0.1081906785851563,0.3801286376003927
1.8799016670588413,21.886541123460525,0.2425905259256781,0.10823648069930406,0.38027760336830563
1.8799016670588413,22.23714015827135,0.24250285565811483,0.11989607470086905,0.3927439723827102
1.8799016670588413,22.587739193082182,0.24241944115523506,0.11189282157313479,0.3840275028631643
1.8799016670588413,22.93833822789301,0.24234045358879794,0.11109691231390176,0.38166061327437406
1.8799016670588413,23.288937262703836,0.24226604403733953,0.1069188205862165,0.3812142290858527
1.8799016670588413,23.639536297514667,0.24219633940367302,0.11509449901592436,0.39132268307777623
1.8799016670588413,23.990135332325494,0.24213143864094688,0.11392240429105999,0.3901986330828777
1.8799016670588413,24.34073436713632,0.2420714097639242,0.11476161436040894,0.3914430899802594
1.8799016670588413,24.691333401947148,0.24201628801599548,0.11500521549257786,0.39146682636140373
1.8799016670588413,25.04193243675798,0.24196607546947613,0.11433643626625134,0.3914692006814577
1.8799016670588413,25.392531471568805,0.2419207422655903,0.10845428089508448,0.38638123303548144
1.8799016670588413,25.743130506379632,0.24188022961408812,0.11309724724351364,0.391992804431584
1.8799016670588413,26.093729541190463,0.24184445452701714,0.1125235829415498,0.3921562189836557
1.8799016670588413,26.444328576001293,0.24181331604789205,0.11197850613104593,0.3922493383853928
1.8799016670588413,26.79492761081212,0.24178670249607997,0.11146059423108871,0.39226986927670915
1.8799016670588413,27.145526645622947,0.24176449904789046,0.11096850486713966,0.3922155264989991
1.8799016670588413,27.496125680433778,0.24174659489168193,0.11050097430094592,0.39239277895639796
1.8799016670588413,27.846724715244605,0.24173288926575454,0.10968643075664508,0.3934527598969453
1.8799016670588413,28.197323750055432,0.2417232959083841,0.10866440597605395,0.3945247172222579
1.8799016670588413,28.54792278486626,0.24171774576097468,0.11780148304101283,0.40443779936313273
1.8799016670588413,28.89852181967709,0.24171618807413664,0.11795911204730815,0.40569027690951714
1.8799016670588413,29.249120854487916,0.24171859027783255,0.11811244608018615,0.407733497100583
1.8799016670588413,29.599719889298743,0.24172493703572506,0.11798876367316505,0.4085585542522423
1.8799016670588413,29.950318924109574,0.24173522881998588,0.11753433133808786,0.4076994908531123
1.8799016670588413,30.3009179589204,0.24174948018269923,0.11538993262957349,0.4071616663012152
1.8799016670588413,30.651516993731228,0.24176771775204847,0.11480579669098566,0.4076775135032489
1.8799016670588413,31.002116028542055,0.24178997791237383,0.1142434306248722,0.40867610328447856
1.8799016670588413,31.352715063352885,0.2418163041532915,0.11370181054117531,0.4110133947023413
1.8799016670588413,31.703314098163716,0.24184674415995858,0.11576273867487034,0.4155330772946446
1.8799016670588413,32.05391313297454,0.2418813468048254,0.11588390954171957,0.41646652013617713
1.8799016670588413,32.40451216778537,0.24192015924202442,0.08385284018752535,0.3843955784784722
1.8799016670588413,32.7551112025962,0.2419632242848035,0.08336159992046065,0.38311415330930826
1.8799016670588413,33.105710237407024,0.2420105781839314,0.08425037735042068,0.3823135065588168
1.8799016670588413,33.45630927221785,0.24206224885373603,0.08445477525695694,0.3821065831587788
1.8799016670588413,33.806908307028685,0.24211825453603072,0.08430342001929085,0.38211733577657675
1.8799016670588413,34.15750734183951,0.24217860285682874,0.08362957434013775,0.3821273731443275
1.8799016670588413,34.50810637665034,0.24224329021220184,0.08152979223750223,0.38001121464338256
1.8799016670588413,34.858705411461166,0.24231230141437102,0.0823182387870697,0.382145358456215
1.8799016670588413,35.20930444627199,0.24238560953790086,0.08166772851900116,0.38215331158412325
1.9382380371583126,0.5,0.2471589953883064,0.09468531749366003,0.39770994718868924
1.9382380371583126,0.8505990348108282,0.2473548639738471,0.09403565232403592,0.3972810950695003
1.9382380371583126,1.2011980696216566,0.24754192678557585,0.10890026216292434,0.4121433138931745
1.9382380371583126,1.5517971044324848,0.2477197531227658,0.10743360279275704,0.40946089255971163
1.9382380371583126,1.9023961392433129,0.24788792363099713,0.1079592626907114,0.40854921238543057
1.9382380371583126,2.2529951740541407,0.24804603073431972,0.09910000892800554,0.40010372585321125
1.9382380371583126,2.6035942088649695,0.24819367938383993,0.10068720271585284,0.400790969993565
1.9382380371583126,2.954193243675798,0.24833048912221303,0.09951169491346624,0.39790655266579167
1.9382380371583126,3.3047922784866257,0.24845609913576805,0.09972542162803266,0.3980562153373795
1.9382380371583126,3.655391313297454,0.24857017763959172,0.10864097819654502,0.40541093429508573
1.9382380371583126,4.005990348108282,0.2486724356095561,0.11060186899260298,0.4061638522131138
1.9382380371583126,4.35658938291911,0.24876264308111698,0.11170847734098542,0.4054886880002649
1.9382380371583126,4.707188417729939,0.24884064475257742,0.11279950309926287,0.40649677924442973
1.9382380371583126,5.057787452540768,0.24890637120897532,0.11387410017046522,0.40749462853225116
1.9382380371583126,5.408386487351596,0.24895984310770902,0.09975314124391944,0.39316568589864714
1.9382380371583126,5.758985522162424,0.24900116788822943,0.10016042721805263,0.39318426468784967
1.9382380371583126,6.109584556973252,0.2490305312166384,0.0959521660997999,0.3878892932049349
1.9382380371583126,6.46018359178408,0.249048187520619,0.0965159032521754,0.386383005330758
1.9382380371583126,6.810782626594908,0.24905445466816467,0.0958411563486784,0.38480278844469756
1.9382380371583126,7.161381661405737,0.24904971621985086,0.09766854112412736,0.3858553096619448
1.9382380371583126,7.511980696216565,0.24903443048902182,0.09701595461713408,0.38436690476384194
1.9382380371583126,7.8625797310273935,0.24900914018710102,0.12183284951035439,0.4089996722163782
1.9382380371583126,8.213178765838222,0.2489744728387509,0.12348448851039404,0.4091837288885299
1.9382380371583126,8.56377780064905,0.24893112380981053,0.12348438988075931,0.40609793147306245
1.9382380371583126,8.914376835459878,0.24887982126423078,0.12231010248443233,0.4020430496386346
1.9382380371583126,9.264975870270705,0.2488212815711711,0.12256956810299591,0.4013163336904173
1.9382380371583126,9.615574905081534,0.24875616841969062,0.12289101506220448,0.40020347152980684
1.9382380371583126,9.96617393989236,0.24868506625010695,0.12294162693694267,0.3993647176932691
1.9382380371583126,10.316772974703191,0.24860847133839786,0.12281492487286017,0.399392079259392
1.9382380371583126,10.667372009514018,0.24852679720612367,0.12269237400360321,0.39941913880819346
1.9382380371583126,11.017971044324847,0.24844038810581046,0.12489754610036893,0.3998811200682741
1.9382380371583126,11.368570079135674,0.24834953489871317,0.12559797355136929,0.3994742824934489
1.9382380371583126,11.719169113946503,0.24825448978662445,0.1259643874150478,0.39998123113646433
1.9382380371583126,12.069768148757332,0.24815547843155797,0.12724600953246937,0.4014071961556145
1.9382380371583126,12.420367183568159,0.24805270929977022,0.12638771541599167,0.39956637329203254
1.9382380371583126,12.77096621837899,0.24794638063296026,0.12660435130688222,0.3997382430719568
1.9382380371583126,13.121565253189816,0.24783668559546,0.12805252626099525,0.40204644238800036
1.9382380371583126,13.472164288000645,0.24772381615720215,0.12802673209726786,0.4007272164306642
1.9382380371583126,13.822763322811472,0.24760796627808457,0.12712653582797223,0.398840241699563
1.9382380371583126,14.1733623576223,0.24748933494052963,0.1279006123790456,0.3997721643134762
1.9382380371583126,14.523961392433128,0.24736812944816058,0.1275027040869408,0.39982446381818976
1.9382380371583126,14.874560427243956,0.2472445691279091,0.12797532331034978,0.40077421246847283
1.9382380371583126,15.225159462054787,0.24711888920710207,0.1075333414261387,0.3782368048140685
1.9382380371583126,15.575758496865614,0.24699134433078102,0.10617191656849155,0.37867908223065716
1.9382380371583126,15.926357531676443,0.24686221106488507,0.1077396235749374,0.38049838312708145
1.9382380371583126,16.276956566487268,0.24673178883067126,0.10940889322108886,0.38318750952501063
1.9382380371583126,16.6275556012981,0.24660039896971905,0.11218076996438764,0.3858722478593584
1.9382380371583126,16.978154636108926,0.24646838194005122,0.11269877544105632,0.3861647371553613
1.9382380371583126,17.328753670919756,0.24633609290498185,0.11045847327902766,0.38278972505122055
1.9382380371583126,17.679352705730587,0.246203896156715,0.11189779164101461,0.3839772342498009
1.9382380371583126,18.029951740541414,0.24607215891275933,0.11252527646533314,0.38438910645201746
1.9382380371583126,18.38055077535224,0.24594124504498813,0.11462394650160916,0.3861097611348488
1.9382380371583126,18.73114981016307,0.2458115092589412,0.1151004966697667,0.386332035528891
1.9382380371583126,19.081748844973898,0.24568329214574516,0.11801061602456916,0.38746905933292713
1.9382380371583126,19.432347879784725,0.2455569163974986,0.11506950912835845,0.3842397595101311
1.9382380371583126,19.782946914595552,0.24543268433129303,0.11523688949093158,0.3843942741427755
1.9382380371583126,20.133545949406383,0.24531087672869345,0.11171397195586079,0.3825864477873726
1.9382380371583126,20.48414498421721,0.24519175288034634,0.11163695012368768,0.3827689916183158
1.9382380371583126,20.834744019028037,0.24507555163253095,0.10980582789332217,0.38307874848323503
1.9382380371583126,21.185343053838867,0.2449624931584681,0.1079583346734513,0.38355253577993215
1.9382380371583126,21.535942088649698,0.24485278111483902,0.1029509511430203,0.38014039399983623
1.9382380371583126,21.886541123460525,0.24474660479405275,0.09709663185516552,0.3747648530226459
1.9382380371583126,22.23714015827135,0.24464414086185995,0.0961622888841383,0.3749565116118478
1.9382380371583126,22.587739193082182,0.2445455543078874,0.1070262580085676,0.3857623631935112
1.9382380371583126,22.93833822789301,0.24445099835868037,0.11314889039841217,0.39192567818048124
1.9382380371583126,23.288937262703836,0.24436061330248032,0.11123655321727022,0.38906874503921907
1.9382380371583126,23.639536297514667,0.24427452440150266,0.11281315804818698,0.39339304007898757
1.9382380371583126,23.990135332325494,0.24419283924670132,0.11413497213892705,0.3940480684380119
1.9382380371583126,24.34073436713632,0.24411564498934057,0.11486121144691627,0.3949509234361158
1.9382380371583126,24.691333401947148,0.2440430058651773,0.11257089975977168,0.39244247141047456
1.9382380371583126,25.04193243675798,0.24397496135959273,0.11180994110878573,0.3902901904493095
1.9382380371583126,25.392531471568805,0.24391152530050314,0.11064710284530657,0.39094684607638397
1.9382380371583126,25.743130506379632,0.24385268613035888,0.11385036118644264,0.3966583399076612
1.9382380371583126,26.093729541190463,0.24379840857113289,0.11322899510748935,0.39676352296629275
1.9382380371583126,26.444328576001293,0.24374863680192793,0.12083549174807988,0.4056151006880714
1.9382380371583126,26.79492761081212,0.2437032990779227,0.12148137147130128,0.4059268103795011
1.9382380371583126,27.145526645622947,0.2436623134466823,0.11717192959456434,0.40298807301403294
1.9382380371583126,27.496125680433778,0.24362559394405625,0.11703342236758256,0.4036780642053558
1.9382380371583126,27.846724715244605,0.24359305649347335,0.10974001166888628,0.39778925411278
1.9382380371583126,28.197323750055432,0.24356462378160842,0.1104637274746606,0.399196510988415
1.9382380371583126,28.54792278486626,0.24354022865039088,0.10969331430202496,0.39790617513428445
1.9382380371583126,28.89852181967709,0.24351981594003375,0.10928753051395175,0.39858829928250117
1.9382380371583126,29.249120854487916,0.24350334308725982,0.10890293839459607,0.4022714637235843
1.9382380371583126,29.599719889298743,0.2434907799865902,0.11946781674383294,0.41493158742200675
1.9382380371583126,29.950318924109574,0.24348210860130864,0.11417630551583932,0.40977470961138046
1.9382380371583126,30.3009179589204,0.2434773226098894,0.11815497357231643,0.4133200664298906
1.9382380371583126,30.651516993731228,0.24347642711016806,0.11570800428260268,0.4124249682520058
1.9382380371583126,31.002116028542055,0.24347943820130316,0.11648445324131121,0.4115844984039581
1.9382380371583126,31.352715063352885,0.24348638219677154,0.11592288464508754,0.41337911790607895
1.9382380371583126,31.703314098163716,0.24349729429247247,0.11517396188561703,0.4156430516824481
1.9382380371583126,32.05391313297454,0.24351221666750728,0.11530485292789966,0.4182888210088515
1.9382380371583126,32.40451216778537,0.24353119615427135,0.11828898051993245,0.42109618143425365
1.9382380371583126,32.7551112025962,0.2435542817156222,0.08180924005532439,0.384948891560851
1.9382380371583126,33.105710237407024,0.24358152198213082,0.08195168528096908,0.38431962312266116
1.9382380371583126,33.45630927221785,0.2436129630423474,0.08194103933903814,0.38380987188063065
1.9382380371583126,33.806908307028685,0.24364864657915064,0.08194060816405149,0.38300757658028084
1.9382380371583126,34.15750734183951,0.24368860834609996,0.0819505251065113,0.3823301713901616
1.9382380371583126,34.50810637665034,0.24373287690934725,0.08197093790696014,0.38173987120189773
1.9382380371583126,34.858705411461166,0.24378147255704358,0.08200200980977873,0.3815979477578686
1.9382380371583126,35.20930444627199,0.2438344062984232,0.08204392062165937,0.3822377409096835
1.9965744072577847,0.5,0.24930360703973029,0.09652490609666806,0.4066951103622782
1.9965744072577847,0.8505990348108282,0.2495080479681577,0.09528890635231387,0.406263427077699
1.9965744072577847,1.2011980696216566,0.24970370753181786,0.10976912850583155,0.4201919656731947
1.9965744072577847,1.5517971044324848,0.2498901677540086,0.11018035804124085,0.4198522000575222
1.9965744072577847,1.9023961392433129,0.25006702085769267,0.11060351301523974,0.4194217836898251
1.9965744072577847,2.2529951740541407,0.2502338682298633,0.11082267084722745,0.41811569041968344
1.9965744072577847,2.6035942088649695,0.25039031931943173,0.1116396951934756,0.41835143955502896
1.9965744072577847,2.954193243675798,0.25053599143866084,0.11407753767339769,0.41853292874753
1.9965744072577847,3.3047922784866257,0.25067051230924936,0.11458627039296944,0.41865540193696316
1.9965744072577847,3.655391313297454,0.25079352721833253,0.11295262604296112,0.4158423630316565
1.9965744072577847,4.005990348108282,0.25090471160411804,0.11348033818712794,0.41483227112504667
1.9965744072577847,4.35658938291911,0.2510037880890416,0.11403122215625087,0.4142478045714889
1.9965744072577847,4.707188417729939,0.25109054506943207,0.11459704826672344,0.41536501680657006
1.9965744072577847,5.057787452540768,0.2511648527708532,0.11226376715861856,0.41275346339101754
1.9965744072577847,5.408386487351596,0.25122667286723244,0.11338624773504648,0.4125453924644552
1.9965744072577847,5.758985522162424,0.2512760594900064,0.11449849156195764,0.41463608975044086
1.9965744072577847,6.109584556973252,0.25131315222296813,0.08366219980298334,0.38493080527977735
1.9965744072577847,6.46018359178408,0.25133816456665053,0.08561459479638718,0.38619405197217843
1.9965744072577847,6.810782626594908,0.25135137325720197,0.11649618611862722,0.41714188317240863
1.9965744072577847,7.161381661405737,0.2513531136470577,0.11542184484794142,0.4145275421965403
1.9965744072577847,7.511980696216565,0.2513437834745507,0.11974983228883218,0.4162402978481805
1.9965744072577847,7.8625797310273935,0.2513238523256716,0.11979869583658304,0.41414859012995753
1.9965744072577847,8.213178765838222,0.2512938690948092,0.12196747266304012,0.4137891285018621
1.9965744072577847,8.56377780064905,0.25125445798246876,0.12298867360574658,0.40973700264879415
1.9965744072577847,8.914376835459878,0.251206297281247,0.12342731899409325,0.41096289976077727
1.9965744072577847,9.264975870270705,0.2511500832749567,0.12043634146025371,0.40890194890273546
1.9965744072577847,9.615574905081534,0.25108648921932125,0.12073424446327116,0.40915427403743587
1.9965744072577847,9.96617393989236,0.25101613155450064,0.1231602150815115,0.4125656549701241
1.9965744072577847,10.316772974703191,0.25093955126545625,0.12153498411619507,0.4100821231009592
1.9965744072577847,10.667372009514018,0.2508572112481467,0.12204767443710372,0.4082064300779389
1.9965744072577847,11.017971044324847,0.2507695051596321,0.12264065517290287,0.4065021479417602
1.9965744072577847,11.368570079135674,0.25067677154177737,0.12287059486821475,0.4069661885158021
1.9965744072577847,11.719169113946503,0.2505793082464461,0.12281190122482494,0.40541490164342786
1.9965744072577847,12.069768148757332,0.25047738451033735,0.12275924695034209,0.404842317977735
1.9965744072577847,12.420367183568159,0.2503712499995253,0.12271291018205947,0.40575335325311557
1.9965744072577847,12.77096621837899,0.2502611412239104,0.1257972878392457,0.4078271033319889
1.9965744072577847,13.121565253189816,0.25014728603328845,0.12601814186611712,0.40720282065860447
1.9965744072577847,13.472164288000645,0.2500299068339089,0.1262426826103311,0.40503295500590886
1.9965744072577847,13.822763322811472,0.2499092230435045,0.12556365641171885,0.40324740185091745
1.9965744072577847,14.1733623576223,0.24978545327697074,0.12660264917847763,0.40452941425786176
1.9965744072577847,14.523961392433128,0.2496588177721694,0.1269385133961626,0.4046945055652024
1.9965744072577847,14.874560427243956,0.24952954148210996,0.12863505701415953,0.4059567316296315
1.9965744072577847,15.225159462054787,0.2493978579845271,0.1267505443709843,0.4045112628376963
1.9965744072577847,15.575758496865614,0.2492640139428817,0.12766476545159186,0.4073503053985257
1.9965744072577847,15.926357531676443,0.24912827346072966,0.11965287740408635,0.39904935455146445
1.9965744072577847,16.276956566487268,0.24899092147703822,0.12073733767919141,0.40040530424018134
1.9965744072577847,16.6275556012981,0.2488522654288522,0.10697443606348292,0.3871607089865152
1.9965744072577847,16.978154636108926,0.24871263471088878,0.11500797451755984,0.39519399652183224
1.9965744072577847,17.328753670919756,0.24857237786441544,0.11573349453526782,0.39399532494279066
1.9965744072577847,17.679352705730587,0.2484318578017363,0.11646437575657421,0.3952912040701743
1.9965744072577847,18.029951740541414,0.24829144563398528,0.11409008470108614,0.39294698356806396
1.9965744072577847,18.38055077535224,0.24815151378992104,0.11458576244475721,0.39246968570944357
1.9965744072577847,18.73114981016307,0.2480124291049987,0.11508639320271821,0.3921450969391663
1.9965744072577847,19.081748844973898,0.24787454645894344,0.11559176202180638,0.39257110016622654
1.9965744072577847,19.432347879784725,0.24773820338944832,0.11783876361375653,0.39384690758480273
1.9965744072577847,19.782946914595552,0.24760371594846609,0.1166158085612611,0.3925322990939859
1.9965744072577847,20.133545949406383,0.2474713759230583,0.11597427893871154,0.3913876626081968
1.9965744072577847,20.48414498421721,0.2473414494270077,0.11424609682242683,0.3905073649306276
1.9965744072577847,20.834744019028037,0.24721417678089164,0.11363201130219047,0.3909317293113304
1.9965744072577847,21.185343053838867,0.24708977352729053,0.11344362536262631,0.39117670162203433
1.9965744072577847,21.535942088649698,0.24696843236301433,0.11196350541911938,0.3917507031289532
1.9965744072577847,21.886541123460525,0.24685032570533932,0.10609335228735546,0.3878293691934304
1.9965744072577847,22.23714015827135,0.24673560854775073,0.10563443577964762,0.38753290281429986
1.9965744072577847,22.587739193082182,0.24662442121819914,0.10371228040216869,0.38782672445774846
1.9965744072577847,22.93833822789301,0.24651689165441099,0.11455342765996804,0.3983905066432257
1.9965744072577847,23.288937262703836,0.24641313687976904,0.11317764805845448,0.39653712790847434
1.9965744072577847,23.639536297514667,0.24631326350448407,0.1077049063259145,0.3911588826457901
1.9965744072577847,23.990135332325494,0.2462173672644405,0.10776168550219134,0.39125790917860076
1.9965744072577847,24.34073436713632,0.24612553179470922,0.10385572782989685,0.389352442098782
1.9965744072577847,24.691333401947148,0.24603782696807816,0.11234916410199547,0.39948411708655335
1.9965744072577847,25.04193243675798,0.24595430718893035,0.11351432925652134,0.4000852330981048
1.9965744072577847,25.392531471568805,0.24587501002798387,0.11268514696441778,0.40062813748120835
1.9965744072577847,25.743130506379632,0.2457999555362299,0.11150777419253742,0.40111063989485335
1.9965744072577847,26.093729541190463,0.245729146501113,0.11669963881650314,0.40659586382896973
1.9965744072577847,26.444328576001293,0.24566256980106688,0.116872677711605,0.4053127919588989
1.9965744072577847,26.79492761081212,0.24560019886365542,0.11704203121803995,0.4051683475909835
1.9965744072577847,27.145526645622947,0.24554199703842786,0.12179656295868957,0.4091171215956384
1.9965744072577847,27.496125680433778,0.24548792149265145,0.12099888189538743,0.4095510639849083
1.9965744072577847,27.846724715244605,0.24543792709668044,0.12080205572221077,0.41123907434589446
1.9965744072577847,28.197323750055432,0.24539196976223906,0.12127157885986475,0.4131744302228124
1.9965744072577847,28.54792278486626,0.24535000886138775,0.117834492186386,0.410989316114084
1.9965744072577847,28.89852181967709,0.2453120086334881,0.11798230853207613,0.41144872482733746
1.9965744072577847,29.249120854487916,0.24527793876448095,0.11812662933888184,0.4118995792392487
1.9965744072577847,29.599719889298743,0.24524777448450724,0.11731346137796937,0.4136283377141649
1.9965744072577847,29.950318924109574,0.2452214965356228,0.1130123730130895,0.4127788903197434
1.9965744072577847,30.3009179589204,0.24519909125308034,0.11551930604345258,0.41444792381576706
1.9965744072577847,30.651516993731228,0.24518055085871673,0.11851387958977494,0.4189949773668534
1.9965744072577847,31.002116028542055,0.24516587394010828,0.11879691765697406,0.42036673083744713
1.9965744072577847,31.352715063352885,0.24515506600204784,0.11681722379347068,0.4195331885337217
1.9965744072577847,31.703314098163716,0.24514813992588028,0.11601812556479998,0.4197576098154578
1.9965744072577847,32.05391313297454,0.24514511615942497,0.11524972035841616,0.42066267505522786
1.9965744072577847,32.40451216778537,0.24514602249263415,0.11451045559739212,0.4211620519284556
1.9965744072577847,32.7551112025962,0.24515089334897008,0.07965295390615436,0.3866625555903055
1.9965744072577847,33.105710237407024,0.2451597686176322,0.08722138758766383,0.3935326057151705
1.9965744072577847,33.45630927221785,0.24517269213287227,0.0799426771471111,0.386423910074229
1.9965744072577847,33.806908307028685,0.24518970994467387,0.08518307893550336,0.39128562999054767
1.9965744072577847,34.15750734183951,0.24521086851175877,0.08024550859835361,0.3861776328000412
1.9965744072577847,34.50810637665034,0.24523621289929878,0.0826018085729813,0.3876901182134698
1.9965744072577847,34.858705411461166,0.24526578501072863,0.08260386881465358,0.3860073148508827
1.9965744072577847,35.20930444627199,0.24529962185447876,0.08261587941499825,0.3859245502529645
2.0549107773572564,0.5,0.251285248103745,0.09462814527440777,0.41314587194168567
2.0549107773572564,0.8505990348108282,0.25149753113639645,0.09405454204494088,0.41072933976230447
2.0549107773572564,1.2011980696216566,0.2517011789776313,0.09419212921125251,0.4119639259091878
2.0549107773572564,1.5517971044324848,0.25189579366716086,0.09527849022769504,0.41319855011828166
2.0549107773572564,1.9023961392433129,0.2520809836867068,0.08787844377433973,0.4063684321625382
2.0549107773572564,2.2529951740541407,0.2522563612905659,0.08901255510694048,0.4065116139044815
2.0549107773572564,2.6035942088649695,0.25242153959655667,0.1129751682717377,0.4293647747968511
2.0549107773572564,2.954193243675798,0.25257613046852234,0.11402347645631948,0.4289238929241104
2.0549107773572564,3.3047922784866257,0.25271974520657536,0.11442411115664221,0.42829947708281013
2.0549107773572564,3.655391313297454,0.25285200024559573,0.11438141896334092,0.4274926324603387
2.0549107773572564,4.005990348108282,0.2529725291496054,0.1127516542270721,0.42477833374841495
2.0549107773572564,4.35658938291911,0.2530810004255781,0.11325356023983671,0.42411205693584
2.0549107773572564,4.707188417729939,0.2531771386398725,0.11751352478172776,0.4271863455203499
2.0549107773572564,5.057787452540768,0.25326074474639965,0.11831511398066373,0.42592050976759305
2.0549107773572564,5.408386487351596,0.25333171113014585,0.11417040817167835,0.4221557958200142
2.0549107773572564,5.758985522162424,0.2533900279797961,0.11551586837444516,0.4231053968436839
2.0549107773572564,6.109584556973252,0.2534357800336082,0.11411677218427871,0.4208858055076265
2.0549107773572564,6.46018359178408,0.2534691358155963,0.11554019755834316,0.42026063302147565
2.0549107773572564,6.810782626594908,0.2534903341686165,0.11671999636285174,0.4196418004264348
2.0549107773572564,7.161381661405737,0.25349967399600243,0.11690506045707397,0.41902914452368145
2.0549107773572564,7.511980696216565,0.2534975116855442,0.1141189719215288,0.4152117248341848
2.0549107773572564,7.8625797310273935,0.25348426664453183,0.11414786534488822,0.414249307087961
2.0549107773572564,8.213178765838222,0.25346043006301416,0.11050611949803366,0.41316250914098335
2.0549107773572564,8.56377780064905,0.2534265681090651,0.11123653813346883,0.4123397985722993
2.0549107773572564,8.914376835459878,0.2533833111476866,0.11195935022344368,0.41264451225674453
2.0549107773572564,9.264975870270705,0.25333132629290883,0.11101704525789724,0.41119783003020693
2.0549107773572564,9.615574905081534,0.2532712790363334,0.11009411452127427,0.41106974253011397
2.0549107773572564,9.96617393989236,0.2532037955927315,0.11460732683548665,0.4145881627926544
2.0549107773572564,10.316772974703191,0.25312943711060193,0.11473531849639518,0.4119333581441995
2.0549107773572564,10.667372009514018,0.25304869083709114,0.11487878348470705,0.41201318889394223
2.0549107773572564,11.017971044324847,0.2529619761201121,0.1167730787180976,0.413303090803799
2.0549107773572564,11.368570079135674,0.2528696588154113,0.115213059119942,0.41209652752354037
2.0549107773572564,11.719169113946503,0.2527720673386944,0.12172134835241384,0.4173945719965416
2.0549107773572564,12.069768148757332,0.25266950588520154,0.12438020248049945,0.4170434791182154
2.0549107773572564,12.420367183568159,0.2525622632063807,0.12345482948284621,0.41370217382358265
2.0549107773572564,12.77096621837899,0.25245061741245595,0.12444809459006907,0.4143926388306107
2.0549107773572564,13.121565253189816,0.2523348381545367,0.12217715419265708,0.4102379284617169
2.0549107773572564,13.472164288000645,0.25221518751086075,0.12314451916968454,0.41018586606235585
2.0549107773572564,13.822763322811472,0.2520919204858465,0.1241325599079711,0.4101361749194574
2.0549107773572564,14.1733623576223,0.2519652856548421,0.12467954783358236,0.41008787682738973
2.0549107773572564,14.523961392433128,0.25183552632024064,0.12475868704719786,0.410728229993844
2.0549107773572564,14.874560427243956,0.2517028825151428,0.12484703152546697,0.41214315331010665
2.0549107773572564,15.225159462054787,0.2515675941212106,0.12371787083768003,0.41224597643036764
2.0549107773572564,15.575758496865614,0.25142990513104074,0.12505263790739493,0.4134654175885913
2.0549107773572564,15.926357531676443,0.2512900687020116,0.12951359590955422,0.4163399600123953
2.0549107773572564,16.276956566487268,0.2511483522669129,0.1274145678548558,0.4138628265109848
2.0549107773572564,16.6275556012981,0.25100504176048366,0.12543828022176978,0.4116770816892464
2.0549107773572564,16.978154636108926,0.2508604440824263,0.12427263005342574,0.41095798995755933
2.0549107773572564,17.328753670919756,0.25071488721857393,0.12817334133177702,0.4146726557483849
2.0549107773572564,17.679352705730587,0.25056871786969565,0.11093907524708617,0.39679882243088516
2.0549107773572564,18.029951740541414,0.2504222968588296,0.11198552431635649,0.398064778291993
2.0549107773572564,18.38055077535224,0.2502759929014242,0.1146026199756834,0.4003751570200382
2.0549107773572564,18.73114981016307,0.2501301754801109,0.11247836828688496,0.39806691952636053
2.0549107773572564,19.081748844973898,0.24998520757151807,0.11271812093427151,0.3977102774369848
2.0549107773572564,19.432347879784725,0.24984143886558324,0.11295359511918013,0.3962138245947511
2.0549107773572564,19.782946914595552,0.2496991999519236,0.1167191602384207,0.4005200388531566
2.0549107773572564,20.133545949406383,0.24955879777154505,0.1172589302625796,0.4002458050246852
2.0549107773572564,20.48414498421721,0.2494205124772798,0.11157602846818471,0.39464336257971033
2.0549107773572564,20.834744019028037,0.24928459572518635,0.1109109637451743,0.39525779231804803
2.0549107773572564,21.185343053838867,0.24915127032907336,0.11407061630678851,0.39830206782497535
2.0549107773572564,21.535942088649698,0.24902073114116863,0.11340475646573824,0.3987471982650473
2.0549107773572564,21.886541123460525,0.24889314696305392,0.11050626145413185,0.3969936912117416
2.0549107773572564,22.23714015827135,0.24876866323592428,0.10825258182548404,0.3965359309282615
2.0549107773572564,22.587739193082182,0.24864740520858225,0.12112570485076957,0.4091825822909267
2.0549107773572564,22.93833822789301,0.24852948124410182,0.12168725282951612,0.40900263341374465
2.0549107773572564,23.288937262703836,0.24841498591722525,0.12143834743513943,0.4100345584812158
2.0549107773572564,23.639536297514667,0.24830400259037605,0.1185335392928394,0.4085621784484698
2.0549107773572564,23.990135332325494,0.2481966052438914,0.10155235768865684,0.392308175083605
2.0549107773572564,24.34073436713632,0.24809285946737944,0.1043815218789343,0.3961937644687477
2.0549107773572564,24.691333401947148,0.2479928226721367,0.11869268249270942,0.41140140093207783
2.0549107773572564,25.04193243675798,0.24789654373220726,0.11643772422653718,0.41013018756987496
2.0549107773572564,25.392531471568805,0.24780406237768732,0.11638641090274954,0.41018101805612933
2.0549107773572564,25.743130506379632,0.24771540872350573,0.08443806198674193,0.37643290702805643
2.0549107773572564,26.093729541190463,0.24763060329781839,0.112882517504953,0.4065151461182187
2.0549107773572564,26.444328576001293,0.2475496578239068,0.11201352166611979,0.40699103549519383
2.0549107773572564,26.79492761081212,0.2474725768163496,0.11595416250765378,0.4121431781063729
2.0549107773572564,27.145526645622947,0.24739935981228314,0.11721130013051978,0.4128613620353501
2.0549107773572564,27.496125680433778,0.24733000383574805,0.11553014879300309,0.4130468878988025
2.0549107773572564,27.846724715244605,0.24726450557012583,0.11977363734854977,0.41702389124772815
2.0549107773572564,28.197323750055432,0.24720286276401415,0.11766787446381587,0.41418290037473515
2.0549107773572564,28.54792278486626,0.24714507463516755,0.11754639804582952,0.4123480786436343
2.0549107773572564,28.89852181967709,0.24709114138387828,0.11741055817276405,0.41263309248466173
2.0549107773572564,29.249120854487916,0.2470410632236558,0.11809597714564178,0.41513915468442647
2.0549107773572564,29.599719889298743,0.24699483944036252,0.11823241374795007,0.4155358808745337
2.0549107773572564,29.950318924109574,0.24695246787009034,0.11836574973066924,0.4200438899201763
2.0549107773572564,30.3009179589204,0.24691394494031987,0.11849600934486056,0.4203583247565554
2.0549107773572564,30.651516993731228,0.24687926620049552,0.11651524667679716,0.4180734186925544
2.0549107773572564,31.002116028542055,0.24684842717694847,0.1187066132204456,0.4204027918680766
2.0549107773572564,31.352715063352885,0.24682142441963129,0.11781994604521005,0.4211125112879205
2.0549107773572564,31.703314098163716,0.2467982566851945,0.11696792573749656,0.4222923201275322
2.0549107773572564,32.05391313297454,0.24677892623693432,0.11614898832164215,0.4223028048234642
2.0549107773572564,32.40451216778537,0.24676344020234176,0.11536158727851531,0.4216130269324834
2.0549107773572564,32.7551112025962,0.24675181184294837,0.08894161209669296,0.3950267819250963
2.0549107773572564,33.105710237407024,0.2467440615224108,0.08810848652654221,0.3959200629326389
2.0549107773572564,33.45630927221785,0.24674021715695396,0.09196654242816557,0.40171617624721395
2.0549107773572564,33.806908307028685,0.24674031400265706,0.09317632539199862,0.4016263410943291
2.0549107773572564,34.15750734183951,0.2467443937423959,0.09440805965663097,0.40194488551992746
2.0549107773572564,34.50810637665034,0.24675250293734655,0.09566138477046589,0.40388372415919366
2.0549107773572564,34.858705411461166,0.24676469097750642,0.09693586145495761,0.4057899402998177
2.0549107773572564,35.20930444627199,0.24678100770223568,0.08201820974052244,0.39116379543284124
2.1132471474567285,0.5,0.2531086342150407,0.09390407627817358,0.4175110456667602
2.1132471474567285,0.8505990348108282,0.253327609125605,0.0943794427609405,0.41741247096961187
2.1132471474567285,1.2011980696216566,0.2535381896913787,0.09441295294953235,0.41644656493402465
2.1132471474567285,1.5517971044324848,0.2537399992325827,0.09467202799298383,0.41646236617431653
2.1132471474567285,1.9023961392433129,0.25393266143997373,0.09445829067110838,0.4161026068506963
2.1132471474567285,2.2529951740541407,0.2541157974224409,0.09713857654381523,0.41916764293233155
2.1132471474567285,2.6035942088649695,0.2542890224162663,0.09659575366016644,0.41846297480470235
2.1132471474567285,2.954193243675798,0.25445194293209494,0.09784500056753506,0.4191366171276547
2.1132471474567285,3.3047922784866257,0.2546041563136352,0.09806532958702714,0.419388067775695
2.1132471474567285,3.655391313297454,0.25474525509553897,0.09829213493289433,0.41906852873809614
2.1132471474567285,4.005990348108282,0.2548748378006331,0.09852557326280624,0.4190643341993765
2.1132471474567285,4.35658938291911,0.2549925261692206,0.11610212092331153,0.435919213940476
2.1132471474567285,4.707188417729939,0.2550979868487123,0.11684966661382341,0.43504926375083486
2.1132471474567285,5.057787452540768,0.25519095392912944,0.11682572989851467,0.43443608069983713
2.1132471474567285,5.408386487351596,0.25527124794610623,0.09176453607472619,0.410292936750645
2.1132471474567285,5.758985522162424,0.2553387874347721,0.08622232235578467,0.4028877481933806
2.1132471474567285,6.109584556973252,0.25539359084477214,0.09081944375807698,0.40761000533037933
2.1132471474567285,6.46018359178408,0.25543576931520107,0.11358360904015045,0.4298992856382098
2.1132471474567285,6.810782626594908,0.25546551375789256,0.11591167102273596,0.43064054976109933
2.1132471474567285,7.161381661405737,0.25548308180982426,0.11701441950816936,0.43082310051340655
2.1132471474567285,7.511980696216565,0.2554887902964604,0.1177360117617744,0.42947866129007833
2.1132471474567285,7.8625797310273935,0.2554830162341461,0.11594015416114702,0.4274063031441681
2.1132471474567285,8.213178765838222,0.2554662045782285,0.11591517302533869,0.42846876493228553
2.1132471474567285,8.56377780064905,0.25543887579377067,0.1160098864649414,0.42802045338511324
2.1132471474567285,8.914376835459878,0.2554016237977278,0.11365772612340229,0.42559275098375793
2.1132471474567285,9.264975870270705,0.2553550973794384,0.11171897753386248,0.4230919510976048
2.1132471474567285,9.615574905081534,0.255299965689734,0.11219228827864519,0.4230723655739622
2.1132471474567285,9.96617393989236,0.2552368768796536,0.11324388210929662,0.42382352167917353
2.1132471474567285,10.316772974703191,0.25516642298258185,0.11401055822005282,0.42324301907391404
2.1132471474567285,10.667372009514018,0.25508912105586556,0.11760095352166838,0.4261198427916364
2.1132471474567285,11.017971044324847,0.2550054129051974,0.10066714891543588,0.40619091739095037
2.1132471474567285,11.368570079135674,0.25491567852003444,0.11648226397759191,0.42306408457344197
2.1132471474567285,11.719169113946503,0.2548202551846232,0.10397296281442134,0.4094516860280134
2.1132471474567285,12.069768148757332,0.2547194552480668,0.10598483561651732,0.4110278038619748
2.1132471474567285,12.420367183568159,0.2546135787189992,0.12641653109577258,0.4286009524081069
2.1132471474567285,12.77096621837899,0.25450292002735275,0.12607076684435004,0.42592574042187237
2.1132471474567285,13.121565253189816,0.2543877702656562,0.12315264125942486,0.42385225801330556
2.1132471474567285,13.472164288000645,0.2542684168242846,0.12429044614134414,0.42314920544866463
2.1132471474567285,13.822763322811472,0.254145142027369,0.1250207873797831,0.42316107696922844
2.1132471474567285,14.1733623576223,0.25401822176318156,0.12334714236524831,0.4199928502324525
2.1132471474567285,14.523961392433128,0.25388792461735715,0.11906377089304099,0.41715548465426827
2.1132471474567285,14.874560427243956,0.25375451180610914,0.1208825950415071,0.41605558542719473
2.1132471474567285,15.225159462054787,0.25361823817959367,0.1205322431530006,0.415526910985123
2.1132471474567285,15.575758496865614,0.25347935453261344,0.12071963520582717,0.4156579612433
2.1132471474567285,15.926357531676443,0.2533381112785112,0.12351983294060544,0.41903361165094166
2.1132471474567285,16.276956566487268,0.25319476320657774,0.12498641209098316,0.419967010519664
2.1132471474567285,16.6275556012981,0.25304957467373324,0.1264359258974526,0.42082617444278403
2.1132471474567285,16.978154636108926,0.25290282433555433,0.12972382322280157,0.4230372372871035
2.1132471474567285,17.328753670919756,0.2527548085010783,0.1274688356579927,0.4203242818187543
2.1132471474567285,17.679352705730587,0.2526058424041908,0.12671427836158342,0.4213659671818501
2.1132471474567285,18.029951740541414,0.2524562590474027,0.12773198306109584,0.42278587308961885
2.1132471474567285,18.38055077535224,0.25230640568412466,0.11190120348036604,0.4030930350635354
2.1132471474567285,18.73114981016307,0.2521566383634151,0.11235762927974496,0.4020709390697233
2.1132471474567285,19.081748844973898,0.2520073151990336,0.11280767209709315,0.4029914831416409
2.1132471474567285,19.432347879784725,0.25185878911684983,0.11318066255856371,0.4036774395171389
2.1132471474567285,19.782946914595552,0.25171140079468135,0.12035065571175084,0.4104248054317744
2.1132471474567285,20.133545949406383,0.25156547237627014,0.11725778100281857,0.40745004585903694
2.1132471474567285,20.48414498421721,0.2514213023651181,0.11797577715885137,0.4079619418583829
2.1132471474567285,20.834744019028037,0.251279161926566,0.11854122353497368,0.40883976291597923
2.1132471474567285,21.185343053838867,0.2511392926746267,0.11910972121977258,0.41048777219132326
2.1132471474567285,21.535942088649698,0.2510019059030339,0.11933557295298973,0.41055036278007256
2.1132471474567285,21.886541123460525,0.2508671831332693,0.1201185630434084,0.4121989186067135
2.1132471474567285,22.23714015827135,0.25073527778486254,0.12055329975221395,0.41329390395560567
2.1132471474567285,22.587739193082182,0.2506063177156529,0.12109286302040628,0.4143766005620825
2.1132471474567285,22.93833822789301,0.25048040833124624,0.12172411460460403,0.4145693480842622
2.1132471474567285,23.288937262703836,0.250357635933795,0.12168333021864731,0.4151242061026063
2.1132471474567285,23.639536297514667,0.25023807098694434,0.12140694911912739,0.4147749038743157
2.1132471474567285,23.990135332325494,0.2501217710288805,0.12101210743228066,0.41358883207548197
2.1132471474567285,24.34073436713632,0.2500087830670734,0.1189874609177379,0.4132236841770684
2.1132471474567285,24.691333401947148,0.2498991454172309,0.11809538422274096,0.4131235404801593
2.1132471474567285,25.04193243675798,0.24979288907590896,0.11698361022310762,0.41360246290407693
2.1132471474567285,25.392531471568805,0.24969003881500268,0.11471363335319888,0.4120557813267726
2.1132471474567285,25.743130506379632,0.24959061424174359,0.11542087728571902,0.4120383674231369
2.1132471474567285,26.093729541190463,0.24949463107144546,0.11505982660796955,0.41222348443299206
2.1132471474567285,26.444328576001293,0.2494021027999642,0.11613300274462915,0.4153755981052168
2.1132471474567285,26.79492761081212,0.24931304282182282,0.11702030549729728,0.4174113977560281
2.1132471474567285,27.145526645622947,0.2492274668175825,0.11717250918505855,0.41851134152970715
2.1132471474567285,27.496125680433778,0.24914539498089464,0.11107156113402891,0.4136338341155717
2.1132471474567285,27.846724715244605,0.2490668534875202,0.11174940997898367,0.414979156309572
2.1132471474567285,28.197323750055432,0.24899187466005515,0.11637481868440287,0.4196838152931587
2.1132471474567285,28.54792278486626,0.24892049560541235,0.1175851380583312,0.42014469423410267
2.1132471474567285,28.89852181967709,0.24885275558773007,0.11789159259301706,0.4205661657740022
2.1132471474567285,29.249120854487916,0.2487886928110613,0.11798923269969663,0.4209499275734501
2.1132471474567285,29.599719889298743,0.24872834141303662,0.11688536180034072,0.4212976410824253
2.1132471474567285,29.950318924109574,0.24867172927639095,0.11525567591981767,0.420144918444192
2.1132471474567285,30.3009179589204,0.2486188769026381,0.11575249696890821,0.42189135700509034
2.1132471474567285,30.651516993731228,0.24856979727604375,0.11620178960684945,0.4222339877848536
2.1132471474567285,31.002116028542055,0.24852449650353894,0.1166166748410072,0.4223597031907018
2.1132471474567285,31.352715063352885,0.24848297503310524,0.11699604195010566,0.4225505112327002
2.1132471474567285,31.703314098163716,0.24844522932984386,0.11733884331720462,0.42442093747822207
2.1132471474567285,32.05391313297454,0.24841125393297694,0.11715941620799289,0.4263964975211774
2.1132471474567285,32.40451216778537,0.24838104379674625,0.09075757123317493,0.4015610489116709
2.1132471474567285,32.7551112025962,0.2483545967567037,0.09001737360065325,0.39941855588949937
2.1132471474567285,33.105710237407024,0.2483319159011686,0.08912364088384406,0.3992928990530423
2.1132471474567285,33.45630927221785,0.24831301159481917,0.08827328634162764,0.3996215336282954
2.1132471474567285,33.806908307028685,0.24829790290875234,0.09565384787121106,0.4066254078338174
2.1132471474567285,34.15750734183951,0.24828661825893694,0.09692934642539387,0.4053757517583948
2.1132471474567285,34.50810637665034,0.2482791951361077,0.09792080990022634,0.4051246859132513
2.1132471474567285,34.858705411461166,0.24827567891216806,0.09709979392517668,0.40499876249990047
2.1132471474567285,35.20930444627199,0.24827612081587305,0.0962442971748698,0.4048687719376854
2.1715835175561997,0.5,0.2547806221882298,0.09511179539652491,0.4258202865128848
2.1715835175561997,0.8505990348108282,0.25500489857198066,0.0938632891169408,0.4236777212684979
2.1715835175561997,1.2011980696216566,0.2552210936180925,0.09263699022841587,0.42126026075158396
2.1715835175561997,1.5517971044324848,0.2554288468301493,0.09341976012284585,0.4209673640986772
2.1715835175561997,1.9023961392433129,0.2556277896878334,0.0931278274617681,0.4211214161418295
2.1715835175561997,2.2529951740541407,0.25581754450710875,0.09844448206308062,0.425137420192791
2.1715835175561997,2.6035942088649695,0.25599772320450903,0.09868132453369786,0.42490745604034047
2.1715835175561997,2.954193243675798,0.25616792583831205,0.09740712306940534,0.42377957953790335
2.1715835175561997,3.3047922784866257,0.25632774023339666,0.09992730749294511,0.42463889048337716
2.1715835175561997,3.655391313297454,0.2564767449198865,0.09570401601819693,0.4213023439772688
2.1715835175561997,4.005990348108282,0.2566145174055141,0.09596273821423071,0.42077263964363376
2.1715835175561997,4.35658938291911,0.25674064855566836,0.0955543982314557,0.4194551613248855
2.1715835175561997,4.707188417729939,0.2568547621095803,0.09496414547741219,0.41925473780808103
2.1715835175561997,5.057787452540768,0.2569565367078871,0.09629881759620319,0.4206898865614626
2.1715835175561997,5.408386487351596,0.2570457267199555,0.09662845554669947,0.41971728138194636
2.1715835175561997,5.758985522162424,0.25712217797047576,0.0969663996804419,0.4194000769060421
2.1715835175561997,6.109584556973252,0.257185835364715,0.09731228112582987,0.4195741756999269
2.1715835175561997,6.46018359178408,0.25723674139895625,0.09057969709826823,0.41586881259474573
2.1715835175561997,6.810782626594908,0.2572750272635919,0.09802535127432321,0.42172059634410913
2.1715835175561997,7.161381661405737,0.25730090084880997,0.09839077296299699,0.42155256980127376
2.1715835175561997,7.511980696216565,0.2573146372431363,0.09391672977697528,0.4178458303536232
2.1715835175561997,7.8625797310273935,0.25731657624671456,0.09444933703750369,0.4175451084036377
2.1715835175561997,8.213178765838222,0.2573071277952811,0.09498628921071929,0.4172489191617928
2.1715835175561997,8.56377780064905,0.25728678104494185,0.11734511644551578,0.4372862431779756
2.1715835175561997,8.914376835459878,0.2572561085130685,0.0868335066000067,0.4058605622182959
2.1715835175561997,9.264975870270705,0.2572157560114525,0.11453825623997974,0.43427380146381295
2.1715835175561997,9.615574905081534,0.25716641390709005,0.1146152862341613,0.43367775072769565
2.1715835175561997,9.96617393989236,0.2571087740218724,0.11226440776131492,0.43106198343678176
2.1715835175561997,10.316772974703191,0.25704348431696555,0.11286458630719454,0.42994877024656314
2.1715835175561997,10.667372009514018,0.2569711152774511,0.1120135310903438,0.428830703750367
2.1715835175561997,11.017971044324847,0.25689214654998904,0.1024389512000131,0.41765768852122376
2.1715835175561997,11.368570079135674,0.2568069736986244,0.1041077706790254,0.4181099082702181
2.1715835175561997,11.719169113946503,0.25671592815353766,0.11625644316561597,0.4301875471514232
2.1715835175561997,12.069768148757332,0.2566193012833196,0.10107751695274907,0.4131520983431966
2.1715835175561997,12.420367183568159,0.2565173654075253,0.10164187865465962,0.4125289297931499
2.1715835175561997,12.77096621837899,0.25641038818162454,0.10323031432122921,0.41398388562107336
2.1715835175561997,13.121565253189816,0.25629864005684505,0.10375116868405343,0.41406447759957454
2.1715835175561997,13.472164288000645,0.25618239643209356,0.10586243417202147,0.41510833877385495
2.1715835175561997,13.822763322811472,0.2560619366378234,0.12161643995498382,0.4291301734450966
2.1715835175561997,14.1733623576223,0.25593754152116793,0.12448665488333073,0.43119031065407065
2.1715835175561997,14.523961392433128,0.25580949074160003,0.12355865387516331,0.4293964191885263
2.1715835175561997,14.874560427243956,0.25567806036362456,0.12456203205140555,0.42826519375119776
2.1715835175561997,15.225159462054787,0.25554352109738837,0.1244711487595019,0.4277416281191513
2.1715835175561997,15.575758496865614,0.2554061375110816,0.1249528025759966,0.42800195468612545
2.1715835175561997,15.926357531676443,0.25526616854015044,0.12049465957311896,0.42359733048498993
2.1715835175561997,16.276956566487268,0.2551238694975226,0.12200484777469348,0.42421889709183574
2.1715835175561997,16.6275556012981,0.25497949550860916,0.12939358867096426,0.42985015836745505
2.1715835175561997,16.978154636108926,0.25483330593306064,0.12914789746012756,0.4294617704815181
2.1715835175561997,17.328753670919756,0.2546855690252289,0.125142035537362,0.426414191889135
2.1715835175561997,17.679352705730587,0.2545365659386325,0.12519401972680502,0.4270716679480236
2.1715835175561997,18.029951740541414,0.25438659324153884,0.12697022299953092,0.428665446094716
2.1715835175561997,18.38055077535224,0.25423596335687465,0.12756568207062413,0.42836271405649057
2.1715835175561997,18.73114981016307,0.2540850026986192,0.11161180921962065,0.4119272882009171
2.1715835175561997,19.081748844973898,0.2539340476576789,0.11205463118819182,0.4095878752715318
2.1715835175561997,19.432347879784725,0.2537834389083059,0.1124910044291767,0.408808780404092
2.1715835175561997,19.782946914595552,0.2536335147041289,0.11346884214758875,0.40925176397374924
2.1715835175561997,20.133545949406383,0.2534846038926902,0.11288086148665752,0.4086788926740048
2.1715835175561997,20.48414498421721,0.2533370193180506,0.11816372173792407,0.41379563709542266
2.1715835175561997,20.834744019028037,0.2531910521444484,0.11874490948122761,0.41187169165343884
2.1715835175561997,21.185343053838867,0.25304696746557626,0.11932906216289083,0.4125796798448113
2.1715835175561997,21.535942088649698,0.2529050013971503,0.1180285129755721,0.4126890352934493
2.1715835175561997,21.886541123460525,0.2527653597003687,0.12050503359459866,0.4151462461008398
2.1715835175561997,22.23714015827135,0.25262821785212947,0.11942435774981944,0.41473583868888775
2.1715835175561997,22.587739193082182,0.2524937223624204,0.12079129918500929,0.41790193884056853
2.1715835175561997,22.93833822789301,0.25236199304383067,0.12048193266216906,0.4172145116138577
2.1715835175561997,23.288937262703836,0.2522331258752758,0.12179481912634593,0.4195086228052939
2.1715835175561997,23.639536297514667,0.2521071960888897,0.12226596209620325,0.4190967892668599
2.1715835175561997,23.990135332325494,0.25198426115788447,0.12281700369242894,0.41920147009848563
2.1715835175561997,24.34073436713632,0.2518643634721158,0.12229179366499648,0.42019775458976066
2.1715835175561997,24.691333401947148,0.25174753263652605,0.11831838812898349,0.4171680417689108
2.1715835175561997,25.04193243675798,0.25163378748031,0.11881605337645443,0.4175825917832631
2.1715835175561997,25.392531471568805,0.2515231379836174,0.11861491925872858,0.4179836525403212
2.1715835175561997,25.743130506379632,0.2514155873868418,0.11648926379987053,0.41711178689845607
2.1715835175561997,26.093729541190463,0.25131113473375793,0.11606711506694332,0.41785149233733054
2.1715835175561997,26.444328576001293,0.25120977801070604,0.11648750364547235,0.4191153274864832
2.1715835175561997,26.79492761081212,0.2511115178742066,0.11505451652181327,0.4194718660590679
2.1715835175561997,27.145526645622947,0.2510163617075171,0.11454992428149198,0.4198196145225772
2.1715835175561997,27.496125680433778,0.2509243274469487,0.1135618038536332,0.4203220150688857
2.1715835175561997,27.846724715244605,0.25083544637526256,0.1125886548798818,0.4208265206220674
2.1715835175561997,28.197323750055432,0.25074976405299176,0.11411471922805569,0.4230140169988955
2.1715835175561997,28.54792278486626,0.25066733887349485,0.11298954745592316,0.421712263377176
2.1715835175561997,28.89852181967709,0.2505882383431637,0.11421556259343854,0.4220969825475918
2.1715835175561997,29.249120854487916,0.2505125338553656,0.11540278353637079,0.4228093564527878
2.1715835175561997,29.599719889298743,0.2504402951162395,0.11641065649404199,0.42359880436102104
2.1715835175561997,29.950318924109574,0.25037158530970616,0.11629726481131068,0.4244260572064011
2.1715835175561997,30.3009179589204,0.25030645765263,0.11619396696324068,0.4274986718666451
2.1715835175561997,30.651516993731228,0.25024495347661785,0.11175668054429529,0.4235051646444438
2.1715835175561997,31.002116028542055,0.2501871016432984,0.11217213820571259,0.4236945302829061
2.1715835175561997,31.352715063352885,0.2501329190319764,0.11128542454254191,0.42385649335720726
2.1715835175561997,31.703314098163716,0.2500824119278368,0.1096815313562466,0.4239923797570238
2.1715835175561997,32.05391313297454,0.25003557822356576,0.11580650302603047,0.4313250096743118
2.1715835175561997,32.40451216778537,0.24999241033075614,0.11349471142600623,0.42794933687093734
2.1715835175561997,32.7551112025962,0.24995289858918385,0.11373565772195987,0.42861726471413697
2.1715835175561997,33.105710237407024,0.24991703483883718,0.11393903703868972,0.43015564395676614
2.1715835175561997,33.45630927221785,0.24988481575900284,0.1149275094125373,0.43199295341989885
2.1715835175561997,33.806908307028685,0.2498562456121368,0.11416581292959598,0.4306017400029879
2.1715835175561997,34.15750734183951,0.24983133813541963,0.09877412482835539,0.4135583769299286
2.1715835175561997,34.50810637665034,0.24981011744934145,0.09827139152199788,0.4123404871589645
2.1715835175561997,34.858705411461166,0.2497926179584825,0.09762388687403703,0.4110301304415003
2.1715835175561997,35.20930444627199,0.24977888329434006,0.0965845709458201,0.4109822125949302
2.229919887655671,0.5,0.2563091855869152,0.10482975706050787,0.4412990402425606
2.229919887655671,0.8505990348108282,0.2565372386062848,0.09171537131132898,0.4277608926224024
2.229919887655671,1.2011980696216566,0.2567575600537181,0.09187748870847605,0.4273721381292985
2.229919887655671,1.5517971044324848,0.2569698036353865,0.09222480318428865,0.42697886385676115
2.229919887655671,1.9023961392433129,0.2571736059688977,0.09216533098065734,0.42658171463419
2.229919887655671,2.2529951740541407,0.25736858801947776,0.0884172980454824,0.4220626316669134
2.229919887655671,2.6035942088649695,0.2575543572779905,0.08732643459759676,0.420076629509555
2.229919887655671,2.954193243675798,0.25773050931354985,0.08627343187185715,0.41814576398492714
2.229919887655671,3.3047922784866257,0.25789662865113333,0.09356603655395289,0.42650812923736175
2.229919887655671,3.655391313297454,0.25805229040638583,0.0938502743059193,0.4258267790911837
2.229919887655671,4.005990348108282,0.25819706486318855,0.0941412221586901,0.4250733334620452
2.229919887655671,4.35658938291911,0.25833052683170826,0.09190670670134987,0.42424858009253313
2.229919887655671,4.707188417729939,0.2584522703842338,0.09228942753842394,0.4233535544602941
2.229919887655671,5.057787452540768,0.2585619279433623,0.09267757453362713,0.42293980517133706
2.229919887655671,5.408386487351596,0.25865919122403214,0.09175422056639002,0.42337575287432105
2.229919887655671,5.758985522162424,0.25874383062893874,0.0904323963449933,0.4221417266600615
2.229919887655671,6.109584556973252,0.2588157096674642,0.09002107003978534,0.421747799651108
2.229919887655671,6.46018359178408,0.2588747919905483,0.09420477917895467,0.42768210158328085
2.229919887655671,6.810782626594908,0.25892114064293065,0.09192358797705696,0.4261636977296947
2.229919887655671,7.161381661405737,0.25895491162422335,0.09242920415073706,0.4245161832549698
2.229919887655671,7.511980696216565,0.2589763458550056,0.09264557714908414,0.4227469177523774
2.229919887655671,7.8625797310273935,0.2589857640679938,0.09214938456291588,0.42180880220011996
2.229919887655671,8.213178765838222,0.2589835673138394,0.09396671677795085,0.42296766752158277
2.229919887655671,8.56377780064905,0.25897024191782336,0.09046977472271517,0.41803441510254274
2.229919887655671,8.914376835459878,0.25894636322268455,0.0923624267395246,0.41878662201077216
2.229919887655671,9.264975870270705,0.25891258967232483,0.09425034207285495,0.41930716441505556
2.229919887655671,9.615574905081534,0.2588696401868417,0.09594238779718758,0.4212779714343365
2.229919887655671,9.96617393989236,0.25881825407356024,0.09657622753119759,0.42355575036779425
2.229919887655671,10.316772974703191,0.2587591413211278,0.09528290995618002,0.41852920676279853
2.229919887655671,10.667372009514018,0.2586929369777999,0.09494737367389784,0.4190449215879565
2.229919887655671,11.017971044324847,0.2586201725320002,0.09815754017382715,0.4226177032309616
2.229919887655671,11.368570079135674,0.25854127031373914,0.09868641697618803,0.42192358607012226
2.229919887655671,11.719169113946503,0.25845655829014974,0.10121747799473223,0.4231945980352455
2.229919887655671,12.069768148757332,0.2583662968236105,0.09926574651155473,0.4198967846889332
2.229919887655671,12.420367183568159,0.2582707078315848,0.10027923797683953,0.4186753688899573
2.229919887655671,12.77096621837899,0.2581699992704396,0.10259609506851651,0.41971104836404194
2.229919887655671,13.121565253189816,0.25806438168859275,0.10134848761795077,0.41858235767613294
2.229919887655671,13.472164288000645,0.2579540768690315,0.10188632694956723,0.4200117339445793
2.229919887655671,13.822763322811472,0.2578393204363054,0.1078342462594039,0.4259072599010335
2.229919887655671,14.1733623576223,0.25772036076340504,0.10716392192305164,0.4229471531914311
2.229919887655671,14.523961392433128,0.2575974560899426,0.1208917375715959,0.43476079278078816
2.229919887655671,14.874560427243956,0.25747087104987065,0.1208634141573674,0.43421717079270633
2.229919887655671,15.225159462054787,0.25734087322742916,0.12084058242261336,0.43289552161616845
2.229919887655671,15.575758496865614,0.2572077300805693,0.12055115364780226,0.43037335501319074
2.229919887655671,15.926357531676443,0.2570717065439496,0.12514413914331526,0.434035655589663
2.229919887655671,16.276956566487268,0.25693306368563706,0.12539171902274704,0.4322874645098331
2.229919887655671,16.6275556012981,0.2567920587724602,0.12866408573647273,0.43519879222663516
2.229919887655671,16.978154636108926,0.25664894690774775,0.12589269675655285,0.4310188991183833
2.229919887655671,17.328753670919756,0.25650398406734104,0.1261457945188451,0.43075098517385374
2.229919887655671,17.679352705730587,0.2563574309899253,0.12640054721929453,0.43118145175625966
2.229919887655671,18.029951740541414,0.256209557111469,0.12660546225923325,0.4316981281889148
2.229919887655671,18.38055077535224,0.25606064366200487,0.12691530158701028,0.4323306792596921
2.229919887655671,18.73114981016307,0.25591098518189204,0.11057557602020496,0.41639177466387495
2.229919887655671,19.081748844973898,0.2557608890115409,0.11121775976505295,0.4135757444818046
2.229919887655671,19.432347879784725,0.2556106726731576,0.1118041868250927,0.4139631286122438
2.229919887655671,19.782946914595552,0.25546065940374413,0.11222785530267303,0.4145890232302723
2.229919887655671,20.133545949406383,0.25531117235007744,0.11320104665898098,0.41480181508803166
2.229919887655671,20.48414498421721,0.2551625280711971,0.11388070268891898,0.4157754440235001
2.229919887655671,20.834744019028037,0.25501503001752485,0.11894971938897617,0.4202193677480522
2.229919887655671,21.185343053838867,0.2548689625920787,0.11954715842287597,0.4175174617848021
2.229919887655671,21.535942088649698,0.2547245862758635,0.12014722373482854,0.41881797835802304
2.229919887655671,21.886541123460525,0.25458213413935343,0.11462771140241691,0.41350024891101095
2.229919887655671,22.23714015827135,0.2544418098833746,0.11479689657978731,0.4145475703508906
2.229919887655671,22.587739193082182,0.25430378737374115,0.11496435358621714,0.41558223787887444
2.229919887655671,22.93833822789301,0.2541682114754319,0.11886124332285447,0.4192763634678713
2.229919887655671,23.288937262703836,0.2540351998754808,0.11739267256558368,0.41970139369855874
2.229919887655671,23.639536297514667,0.25390484552636067,0.12154352901384127,0.4240374513568521
2.229919887655671,23.990135332325494,0.25377721935133135,0.12108100251491867,0.42124601217980684
2.229919887655671,24.34073436713632,0.25365237292585663,0.12168499290708082,0.42088121997920513
2.229919887655671,24.691333401947148,0.25353034096881005,0.12176023843389884,0.4215300968703898
2.229919887655671,25.04193243675798,0.25341114361888695,0.12183861873228616,0.422479035801623
2.229919887655671,25.392531471568805,0.2532947886071458,0.12192024798068958,0.4234161646312986
2.229919887655671,25.743130506379632,0.25318127354092373,0.12156360923705553,0.4243415987989177
2.229919887655671,26.093729541190463,0.2530705885688165,0.11654002286276698,0.4225863719766574
2.229919887655671,26.444328576001293,0.2529627196844047,0.11936617888822461,0.4261578531848121
2.229919887655671,26.79492761081212,0.25285765282580297,0.1145095712500809,0.42319942350132034
2.229919887655671,27.145526645622947,0.2527553787140941,0.11427216304004444,0.42372843497264795
2.229919887655671,27.496125680433778,0.25265589804617283,0.11390244204385412,0.4244271429892513
2.229919887655671,27.846724715244605,0.2525592262869345,0.11258462730881914,0.42505438693543
2.229919887655671,28.197323750055432,0.25246539705476484,0.11525291224023748,0.4291687197534914
2.229919887655671,28.54792278486626,0.2523744631579739,0.11303079118854367,0.4266740656855973
2.229919887655671,28.89852181967709,0.25228649480306065,0.11202523953870305,0.4264820365880983
2.229919887655671,29.249120854487916,0.25220157521480524,0.11507079568209126,0.43075474130569996
2.229919887655671,29.599719889298743,0.2521197945573557,0.11206852930793469,0.42763990824453424
2.229919887655671,29.950318924109574,0.2520412433325116,0.11323301647278043,0.42869338506276916
2.229919887655671,30.3009179589204,0.25196600630021143,0.11435877031443631,0.4290968003052282
2.229919887655671,30.651516993731228,0.25189415759976097,0.1102152111333894,0.4272057236939619
2.229919887655671,31.002116028542055,0.2518257573912521,0.11106510823158275,0.4270832921030222
2.229919887655671,31.352715063352885,0.2517608501111729,0.11062508561907539,0.4268678393055947
2.229919887655671,31.703314098163716,0.25169946432239965,0.11021174858476175,0.4270329022505548
2.229919887655671,32.05391313297454,0.25164161405429786,0.10893155287925893,0.42615286955047743
2.229919887655671,32.40451216778537,0.25158730142390556,0.10878024046825421,0.4256981072720941
2.229919887655671,32.7551112025962,0.25153652021247436,0.10911694448194584,0.4278399388354075
2.229919887655671,33.105710237407024,0.2514892599794659,0.10879584824491546,0.42857398919313355
2.229919887655671,33.45630927221785,0.2514455102573363,0.10849458780940366,0.4299215491926291
2.229919887655671,33.806908307028685,0.2514052643929904,0.09746266824023792,0.4191939928535708
2.229919887655671,34.15750734183951,0.2513685226777461,0.09962740127416618,0.4195341901158131
2.229919887655671,34.50810637665034,0.2513352945211793,0.11364176711864232,0.434353042549083
2.229919887655671,34.858705411461166,0.25130559955458404,0.11365564656293987,0.43486289911642595
2.229919887655671,35.20930444627199,0.2512794676727541,0.10637543373955699,0.42591367088864435
2.288256257755143,0.5,0.2577028553886358,0.09033974968309527,0.4322601918066552
2.288256257755143,0.8505990348108282,0.2579331346552481,0.092201687297878,0.43237505635108064
2.288256257755143,1.2011980696216566,0.25815603087004957,0.09083937674226869,0.4317802005991529
2.288256257755143,1.5517971044324848,0.2583712154735698,0.09330970718630005,0.43351393579496106
2.288256257755143,1.9023961392433129,0.2585783357146058,0.09350695626352314,0.43343045478276815
2.288256257755143,2.2529951740541407,0.25877701775400047,0.0850539174726943,0.42467386669261575
2.288256257755143,2.6035942088649695,0.25896687148076025,0.0854827781197745,0.4213045860325419
2.288256257755143,2.954193243675798,0.25914749478218096,0.08556767854257662,0.4210917420651793
2.288256257755143,3.3047922784866257,0.25931847585800355,0.09241895590136527,0.4303873405863692
2.288256257755143,3.655391313297454,0.2594793938751791,0.09269798099522386,0.4299998579873713
2.288256257755143,4.005990348108282,0.2596298199324432,0.0929828413879724,0.4295093516729779
2.288256257755143,4.35658938291911,0.2597693210985695,0.09202378067530569,0.42891462744645537
2.288256257755143,4.707188417729939,0.25989746983857787,0.09170600838208248,0.4282143350242871
2.288256257755143,5.057787452540768,0.26001385965963053,0.08863715855328588,0.4274069855733401
2.288256257755143,5.408386487351596,0.2601181258809516,0.08910734196222986,0.42649098094174875
2.288256257755143,5.758985522162424,0.26020996871185353,0.08928492129535769,0.42595866264805826
2.288256257755143,6.109584556973252,0.26028917482528263,0.0856100517825315,0.4243263174587166
2.288256257755143,6.46018359178408,0.26035563368113085,0.08499787736280497,0.42316011692079425
2.288256257755143,6.810782626594908,0.26040934610386823,0.112134284873523,0.4504285527317052
2.288256257755143,7.161381661405737,0.2604504248094736,0.08352662562269825,0.4202232978871125
2.288256257755143,7.511980696216565,0.260479089001333,0.08317172200188212,0.419731306003902
2.288256257755143,7.8625797310273935,0.26049565679809444,0.08551685372170195,0.4216990731038065
2.288256257755143,8.213178765838222,0.2605005392036217,0.08547090259870224,0.4241050950822398
2.288256257755143,8.56377780064905,0.2604942372322862,0.09631461000785663,0.4341314439023405
2.288256257755143,8.914376835459878,0.26047734020633745,0.09325688117701902,0.42955810648402587
2.288256257755143,9.264975870270705,0.2604505196795267,0.0922442089229463,0.4271606905602243
2.288256257755143,9.615574905081534,0.26041451211948397,0.09178707111741205,0.42491046268175153
2.288256257755143,9.96617393989236,0.26037008620460067,0.09133992955641969,0.4226708741330307
2.288256257755143,10.316772974703191,0.2603179971002881,0.0909026078163442,0.42225557215986104
2.288256257755143,10.667372009514018,0.260258937240124,0.09441546502174371,0.42229576039602656
2.288256257755143,11.017971044324847,0.26019349655858937,0.0940910968486354,0.4235603766973284
2.288256257755143,11.368570079135674,0.26012214246118687,0.0974725184826233,0.4257640137883616
2.288256257755143,11.719169113946503,0.2600452226687664,0.097973566435918,0.42577241196692145
2.288256257755143,12.069768148757332,0.2599629865423763,0.09603896731798607,0.42309267110967164
2.288256257755143,12.420367183568159,0.2598756160907769,0.09779781749418325,0.4241709419509816
2.288256257755143,12.77096621837899,0.2597832575963282,0.09948446295731293,0.42519311827992934
2.288256257755143,13.121565253189816,0.25968604747781665,0.09999197092740127,0.4244742102665427
2.288256257755143,13.472164288000645,0.2595841296616823,0.10200315043920662,0.4260421824115411
2.288256257755143,13.822763322811472,0.25947766477386275,0.10101564978385164,0.42454753228388564
2.288256257755143,14.1733623576223,0.25936683316798453,0.1015329011393704,0.4248271585843661
2.288256257755143,14.523961392433128,0.2592518342013161,0.10811708513881917,0.43070265271609204
2.288256257755143,14.874560427243956,0.2591328837087113,0.10948270074987612,0.4309030822938879
2.288256257755143,15.225159462054787,0.2590102108511446,0.1233136593557594,0.4426105595318638
2.288256257755143,15.575758496865614,0.25888405485241994,0.12426802448710604,0.44203290539772716
2.288256257755143,15.926357531676443,0.2587546617984965,0.12451218342625908,0.44150087728795223
2.288256257755143,16.276956566487268,0.2586222816624083,0.12475866387189417,0.4409714999534974
2.288256257755143,16.6275556012981,0.258487165882462,0.1250072883685079,0.4412600284895222
2.288256257755143,16.978154636108926,0.25834956594982667,0.1252579268100065,0.43992087116619333
2.288256257755143,17.328753670919756,0.2582097333929849,0.12551051230138668,0.43939972207827466
2.288256257755143,17.679352705730587,0.2580679212527219,0.12576505554571196,0.43888142856613366
2.288256257755143,18.029951740541414,0.2579243867296259,0.12398334474120921,0.4357220959858488
2.288256257755143,18.38055077535224,0.25777939432577435,0.12487215296284115,0.43634702961566724
2.288256257755143,18.73114981016307,0.25763321862909394,0.12654194478713182,0.43734438043519464
2.288256257755143,19.081748844973898,0.25748614594661307,0.12680635724682632,0.4377524582659929
2.288256257755143,19.432347879784725,0.257338474235416,0.11117656206906783,0.42143847194275447
2.288256257755143,19.782946914595552,0.25719051111484054,0.11159495764064191,0.42045567024820946
2.288256257755143,20.133545949406383,0.25704257007862863,0.11677813698691468,0.424973716926622
2.288256257755143,20.48414498421721,0.2568949652976255,0.1167819504886051,0.4235218868485127
2.288256257755143,20.834744019028037,0.2567480055798839,0.11678877811258291,0.42284793146887645
2.288256257755143,21.185343053838867,0.25660198812616863,0.11679853194593838,0.42383885182130593
2.288256257755143,21.535942088649698,0.2564571926904739,0.11929601476144057,0.4248372391301002
2.288256257755143,21.886541123460525,0.2563138766447986,0.11997008857765826,0.4258406553416938
2.288256257755143,22.23714015827135,0.25617227128325265,0.11434864880087561,0.4173114056949173
2.288256257755143,22.587739193082182,0.2560325795171197,0.11488511367164558,0.41601604299584943
2.288256257755143,22.93833822789301,0.25589497494278557,0.11504374532539155,0.4158980179829828
2.288256257755143,23.288937262703836,0.2557596021320606,0.11520104442140433,0.4161593659267598
2.288256257755143,23.639536297514667,0.2556265779099232,0.11374348233219238,0.41640275233585344
2.288256257755143,23.990135332325494,0.2554959933476862,0.11551152175354237,0.41978479117634215
2.288256257755143,24.34073436713632,0.2553679162039071,0.11525620035342256,0.4190351575996116
2.288256257755143,24.691333401947148,0.25524239358373113,0.1158162677783521,0.4216783024783859
2.288256257755143,25.04193243675798,0.25511945465320685,0.11580212251482488,0.4226070221879043
2.288256257755143,25.392531471568805,0.2549991133320873,0.1175496598479721,0.4259318769259501
2.288256257755143,25.743130506379632,0.25488137098869373,0.11718117970117671,0.42647291500832246
2.288256257755143,26.093729541190463,0.25476621926060505,0.11640728790496059,0.4264673179509852
2.288256257755143,26.444328576001293,0.25465364320234174,0.1172862865357903,0.42713204474487937
2.288256257755143,26.79492761081212,0.2545436249787445,0.11734444155334385,0.4272414267700817
2.288256257755143,27.145526645622947,0.2544361482332252,0.11740657721372913,0.4281745937759633
2.288256257755143,27.496125680433778,0.2543312030299706,0.11737370257924479,0.42904044212765846
2.288256257755143,27.846724715244605,0.25422879092411216,0.1135841578423941,0.4276952714080675
2.288256257755143,28.197323750055432,0.25412892937798925,0.11374250046654324,0.428982418417483
2.288256257755143,28.54792278486626,0.25403165461221466,0.08897099222794717,0.40567324544064925
2.288256257755143,28.89852181967709,0.25393702220361736,0.11372941474137196,0.4317772385247993
2.288256257755143,29.249120854487916,0.2538451052649177,0.1135772288001669,0.4322664968973725
2.288256257755143,29.599719889298743,0.25375599059884846,0.100753757379281,0.41998275781977334
2.288256257755143,29.950318924109574,0.25366977353092907,0.11334945518342847,0.4344253725658689
2.288256257755143,30.3009179589204,0.2535865521236469,0.11323984681018706,0.43519050416473976
2.288256257755143,30.651516993731228,0.25350642133252776,0.11291218481293021,0.4350726062326228
2.288256257755143,31.002116028542055,0.25342946758684404,0.11218728460051751,0.43433024104900025
2.288256257755143,31.352715063352885,0.2533557643038665,0.11295766522110368,0.4346064870373975
2.288256257755143,31.703314098163716,0.2532853688542436,0.11140847209011989,0.4332371896950565
2.288256257755143,32.05391313297454,0.2532183213620894,0.11096769406800355,0.43300179809487277
2.288256257755143,32.40451216778537,0.25315464543887956,0.1105542982533276,0.4326685505048595
2.288256257755143,32.7551112025962,0.25309435061578933,0.11016669847814853,0.43243579847661007
2.288256257755143,33.105710237407024,0.25303743597728273,0.10980338971350652,0.43260093176048153
2.288256257755143,33.45630927221785,0.25298389438221475,0.1094629474596174,0.4327437650161465
2.288256257755143,33.806908307028685,0.2529337166903196,0.10914402693199636,0.43286572879550833
2.288256257755143,34.15750734183951,0.2528868955440803,0.10884536204959915,0.4329682124055438
2.288256257755143,34.50810637665034,0.252843428423264,0.10856576422940024,0.4330525590360422
2.288256257755143,34.858705411461166,0.2528033198376029,0.10339852109961993,0.427558488433577
2.288256257755143,35.20930444627199,0.2527665826252999,0.10614295203530648,0.4294205978190153
2.3465926278546143,0.5,0.2589705112295963,0.09075643407900821,0.43551913051549024
2.3465926278546143,0.8505990348108282,0.25920154134854934,0.08902725590358572,0.4341406031346669
2.3465926278546143,1.2011980696216566,0.25942550912637585,0.08977606363218932,0.43472777443749266
2.3465926278546143,1.5517971044324848,0.2596421093301836,0.08963196836880695,0.43491704456114727
2.3465926278546143,1.9023961392433129,0.2598510091990006,0.08993725188975953,0.4345258159292606
2.3465926278546143,2.2529951740541407,0.26005185126985075,0.08697090893537057,0.4310470219615517
2.3465926278546143,2.6035942088649695,0.260244258273563,0.08477222002243422,0.42767046523956154
2.3465926278546143,2.954193243675798,0.26042783792635277,0.08486354320856454,0.4242657832046484
2.3465926278546143,3.3047922784866257,0.2606021858977472,0.0838524880474497,0.4256401761595047
2.3465926278546143,3.655391313297454,0.260766886629067,0.08606983515686964,0.42857306963945613
2.3465926278546143,4.005990348108282,0.26092151338822844,0.08865314127045193,0.4322705091993226
2.3465926278546143,4.35658938291911,0.2610656302016868,0.09216203267019317,0.4348980179114421
2.3465926278546143,4.707188417729939,0.2611987985147597,0.09245591742813009,0.4355876240621166
2.3465926278546143,5.057787452540768,0.2613205904398138,0.08734179038429347,0.43252184197236865
2.3465926278546143,5.408386487351596,0.2614306085979649,0.08830313177771172,0.4333371741219036
2.3465926278546143,5.758985522162424,0.26152851050087605,0.08766054105016417,0.4354230244098348
2.3465926278546143,6.109584556973252,0.26161403383236675,0.09367984658765806,0.4416896524815392
2.3465926278546143,6.46018359178408,0.2616870183739408,0.08274174069064553,0.43006438038636907
2.3465926278546143,6.810782626594908,0.2617474209147776,0.08314993164271571,0.42894361280928195
2.3465926278546143,7.161381661405737,0.2617953212077335,0.08356039514135943,0.42770632492467997
2.3465926278546143,7.511980696216565,0.2618309194007716,0.08362665657770893,0.43028488918264685
2.3465926278546143,7.8625797310273935,0.2618545275785927,0.09537293224788308,0.443448491398771
2.3465926278546143,8.213178765838222,0.26186655918919244,0.09573132423937951,0.44200239343255865
2.3465926278546143,8.56377780064905,0.2618675195593114,0.07581407954762767,0.42155181939604786
2.3465926278546143,8.914376835459878,0.26185799837522156,0.0774337595668531,0.42082822309402923
2.3465926278546143,9.264975870270705,0.2618386617070623,0.07908274598455149,0.4203889154462162
2.3465926278546143,9.615574905081534,0.2618102384972819,0.08075822650459714,0.4208353764659385
2.3465926278546143,9.96617393989236,0.2617734963357313,0.08044292337530957,0.41967713953273517
2.3465926278546143,10.316772974703191,0.26172920484132123,0.08153823466978839,0.4211405048287063
2.3465926278546143,10.667372009514018,0.26167809095018696,0.08318695659122927,0.42257747403332
2.3465926278546143,11.017971044324847,0.26162079566201696,0.0876613211550188,0.42457037710881085
2.3465926278546143,11.368570079135674,0.26155784304169105,0.08699440184906923,0.42239202796804004
2.3465926278546143,11.719169113946503,0.2614896286609039,0.08875545077921526,0.4229928813488082
2.3465926278546143,12.069768148757332,0.2614164283107203,0.08946082634072963,0.42379045583516617
2.3465926278546143,12.420367183568159,0.26133842200615187,0.09220796123751511,0.425396355447881
2.3465926278546143,12.77096621837899,0.26125572529883995,0.08924181244906011,0.42148521008331413
2.3465926278546143,13.121565253189816,0.2611684201040419,0.08961715571570138,0.4200718542764993
2.3465926278546143,13.472164288000645,0.26107657964305564,0.09117507297653667,0.4209044284496167
2.3465926278546143,13.822763322811472,0.26098028524920336,0.0909738336000515,0.42172406862828404
2.3465926278546143,14.1733623576223,0.26087963547056164,0.10347171518076982,0.4323028141069915
2.3465926278546143,14.523961392433128,0.2607747494724233,0.10069838356230883,0.42868069455850144
2.3465926278546143,14.874560427243956,0.26066576711858286,0.10381901394905055,0.43275885146694304
2.3465926278546143,15.225159462054787,0.2605528476212215,0.12214882416648114,0.45132421253430005
2.3465926278546143,15.575758496865614,0.2604361677946998,0.12169156069671846,0.4507994906397788
2.3465926278546143,15.926357531676443,0.2603159201894559,0.12388975753145455,0.4516024373378377
2.3465926278546143,16.276956566487268,0.26019231099921275,0.12413535580647043,0.44975603178403273
2.3465926278546143,16.6275556012981,0.2600655576729186,0.12645020396089154,0.45186900858505186
2.3465926278546143,16.978154636108926,0.2599358864588108,0.107144718249971,0.42997160209312035
2.3465926278546143,17.328753670919756,0.25980353039388204,0.1075810495365021,0.4303261759965819
2.3465926278546143,17.679352705730587,0.259668728302388,0.11039563933098771,0.4322637053094018
2.3465926278546143,18.029951740541414,0.2595317251155967,0.11133567774817109,0.43244203368243894
2.3465926278546143,18.38055077535224,0.2593927733828968,0.12297696217427541,0.4425679054649085
2.3465926278546143,18.73114981016307,0.2592521354149182,0.12345180169574575,0.4410998054616552
2.3465926278546143,19.081748844973898,0.2591100852557892,0.10787444752410089,0.4260045278921147
2.3465926278546143,19.432347879784725,0.25896690969018943,0.10848695655153005,0.42511007020000774
2.3465926278546143,19.782946914595552,0.2588229077102839,0.11100975373665668,0.4264816660158483
2.3465926278546143,20.133545949406383,0.25867838819978384,0.11141724313382292,0.4252469790948822
2.3465926278546143,20.48414498421721,0.258533665935735,0.11181821878226429,0.4256827212234588
2.3465926278546143,20.834744019028037,0.25838905628775666,0.11221272852881581,0.42609733336070815
2.3465926278546143,21.185343053838867,0.25824486916697487,0.1128689053636927,0.4271617101710967
2.3465926278546143,21.535942088649698,0.2581014028308174,0.11232679341883302,0.4261381045916863
2.3465926278546143,21.886541123460525,0.2579589380994147,0.11761378577694676,0.4297704473530928
2.3465926278546143,22.23714015827135,0.2578177334182528,0.11365713100625302,0.4262602839277836
2.3465926278546143,22.587739193082182,0.25767802105136894,0.11409326953599598,0.4260079339256914
2.3465926278546143,22.93833822789301,0.25754000454493553,0.11445255579106017,0.4263837093969929
2.3465926278546143,23.288937262703836,0.2574038574818688,0.11480692691896884,0.4267562350905493
2.3465926278546143,23.639536297514667,0.2572697234571417,0.11515673757633024,0.42576950436113226
2.3465926278546143,23.990135332325494,0.25713771713467104,0.11279299571347519,0.4207150695598312
2.3465926278546143,24.34073436713632,0.25700792619417157,0.1127959878760964,0.4222570026071341
2.3465926278546143,24.691333401947148,0.2568804139405755,0.11119892774386177,0.4228695582349525
2.3465926278546143,25.04193243675798,0.25675522233660963,0.11425450234856874,0.4271913711339944
2.3465926278546143,25.392531471568805,0.25663237524116855,0.11685117438067283,0.43020507454936496
2.3465926278546143,25.743130506379632,0.25651188169959216,0.1161118572100108,0.4301845678514673
2.3465926278546143,26.093729541190463,0.2563937392344279,0.11518465916318893,0.430394283583043
2.3465926278546143,26.444328576001293,0.256277937207387,0.11337279077353284,0.43059837860586625
2.3465926278546143,26.79492761081212,0.2561644604239843,0.11318362802465232,0.4307977429679164
2.3465926278546143,27.145526645622947,0.25605329317153286,0.1129351474292354,0.4309932221443741
2.3465926278546143,27.496125680433778,0.25594442375807486,0.11681046898554419,0.4347999759534861
2.3465926278546143,27.846724715244605,0.25583784933635106,0.1169456043568383,0.43440998149486937
2.3465926278546143,28.197323750055432,0.2557335804322715,0.11695435532524383,0.43470451755403555
2.3465926278546143,28.54792278486626,0.25563164434281377,0.11203515847769976,0.4317514564212448
2.3465926278546143,28.89852181967709,0.2555320866365421,0.11223179704358384,0.43193841652567927
2.3465926278546143,29.249120854487916,0.25543497043464936,0.11168099467009243,0.4321254677555557
2.3465926278546143,29.599719889298743,0.25534037375364527,0.11096123240535036,0.43255338768183393
2.3465926278546143,29.950318924109574,0.25524838558947227,0.11186222666329458,0.4348601246494567
2.3465926278546143,30.3009179589204,0.2551591014132537,0.10396553030833301,0.4275799300660078
2.3465926278546143,30.651516993731228,0.2550726184668803,0.11165293212740678,0.43602005375951736
2.3465926278546143,31.002116028542055,0.2549890310199427,0.11358377407502478,0.44099259953036324
2.3465926278546143,31.352715063352885,0.2549084257808739,0.10996697251263983,0.4372768360888436
2.3465926278546143,31.703314098163716,0.25483087786445474,0.1128272172057693,0.43957833877058733
2.3465926278546143,32.05391313297454,0.2547564478633231,0.1123218507957949,0.4391607568286316
2.3465926278546143,32.40451216778537,0.2546851804816203,0.11209702501948902,0.4393667716682247
2.3465926278546143,32.7551112025962,0.25461710488488387,0.11117982376864419,0.43876260600937367
2.3465926278546143,33.105710237407024,0.25455223656033465,0.1104844180871231,0.43841309898249525
2.3465926278546143,33.45630927221785,0.2544905802271579,0.10867650303165673,0.4379624708304539
2.3465926278546143,33.806908307028685,0.2544321332563374,0.1062028687713756,0.43469765498375246
2.3465926278546143,34.15750734183951,0.25437688912597467,0.10764633600375256,0.4367570338168145
2.3465926278546143,34.50810637665034,0.25432484057832516,0.1091033688687685,0.43600250532647894
2.3465926278546143,34.858705411461166,0.2542759822930141,0.10927886615772257,0.4353359914188545
2.3465926278546143,35.20930444627199,0.2542303130062728,0.1090006844653836,0.4355510145660039
2.4049289979540864,0.5,0.2601215313283483,0.08909779913090395,0.4376204070882809
2.4049289979540864,0.8505990348108282,0.26035196827093476,0.09004731892372803,0.43827394947508785
2.4049289979540864,1.2011980696216566,0.2605756154482691,0.08877541382280753,0.43684323975600253
2.4049289979540864,1.5517971044324848,0.2607921932054707,0.08833880566786448,0.43684116291785113
2.4049289979540864,1.9023961392433129,0.26100139529968647,0.08329365677859064,0.4326467247199564
2.4049289979540864,2.2529951740541407,0.26120289014411785,0.08942292606691907,0.43728382358258366
2.4049289979540864,2.6035942088649695,0.2613963239102075,0.08921557685899405,0.4364467446929055
2.4049289979540864,2.954193243675798,0.2615813240824914,0.08414158149698489,0.43066222320745007
2.4049289979540864,3.3047922784866257,0.26175750231900635,0.0831426182169062,0.43001088959355654
2.4049289979540864,3.655391313297454,0.2619244562843278,0.08539300595424372,0.4354558153611699
2.4049289979540864,4.005990348108282,0.26208177112838243,0.08582527314414527,0.4363222851577229
2.4049289979540864,4.35658938291911,0.26222902214365945,0.09731643004427687,0.4478849493554905
2.4049289979540864,4.707188417729939,0.2623657805932316,0.09759718284847665,0.4469622339548819
2.4049289979540864,5.057787452540768,0.26249162453201036,0.0978864579283363,0.44638230613249164
2.4049289979540864,5.408386487351596,0.2626061555107935,0.09808568417795563,0.44861016237317003
2.4049289979540864,5.758985522162424,0.26270902049531214,0.0936023833881314,0.4454847267310773
2.4049289979540864,6.109584556973252,0.26279993660162715,0.09393763956477617,0.4472742703610976
2.4049289979540864,6.46018359178408,0.26287871494916604,0.0928764254979456,0.44667243795934314
2.4049289979540864,6.810782626594908,0.26294527958629654,0.08280003200008376,0.4356015344434902
2.4049289979540864,7.161381661405737,0.2629996782951649,0.08256648805447754,0.4346147108369712
2.4049289979540864,7.511980696216565,0.263042083980199,0.08295311844786803,0.4353537360783627
2.4049289979540864,7.8625797310273935,0.26307278772369536,0.08334157125246106,0.4363621692452158
2.4049289979540864,8.213178765838222,0.2630921865949112,0.06958849671067284,0.42177699193570317
2.4049289979540864,8.56377780064905,0.26310077004742344,0.07170477254057218,0.42134976858703704
2.4049289979540864,8.914376835459878,0.2630991077196257,0.07378480598263504,0.4217854503043849
2.4049289979540864,9.264975870270705,0.2630878388833224,0.07582578591064909,0.42203576522215697
2.4049289979540864,9.615574905081534,0.26306766075951676,0.07782652511289162,0.42304084743113113
2.4049289979540864,9.96617393989236,0.2630393111328602,0.07962938835912238,0.42296443292675456
2.4049289979540864,10.316772974703191,0.26300354163873546,0.08070707642906552,0.42383250546359524
2.4049289979540864,10.667372009514018,0.26296108194433804,0.08049561668886322,0.4233130943469877
2.4049289979540864,11.017971044324847,0.2629126000401006,0.09319259835839573,0.43600893981729066
2.4049289979540864,11.368570079135674,0.26285866714294687,0.08491527868695727,0.4271422113731157
2.4049289979540864,11.719169113946503,0.26279973533615547,0.0877015521388386,0.42864453619478443
2.4049289979540864,12.069768148757332,0.262736132369079,0.08624083940489648,0.4257293967485882
2.4049289979540864,12.420367183568159,0.2626680730900379,0.0917943195119421,0.4297708821092026
2.4049289979540864,12.77096621837899,0.26259568294434027,0.08797872760341172,0.42517741568894907
2.4049289979540864,13.121565253189816,0.262519026988525,0.08899952431846106,0.4256425990845944
2.4049289979540864,13.472164288000645,0.26243813806520205,0.0897171019891407,0.42460158874906795
2.4049289979540864,13.822763322811472,0.2623530396062621,0.09850103196072744,0.4343608741794239
2.4049289979540864,14.1733623576223,0.2622637611032248,0.0989793116115904,0.43429231474070273
2.4049289979540864,14.523961392433128,0.262170346663564,0.10381052243530799,0.4391025161840159
2.4049289979540864,14.874560427243956,0.2620728585696867,0.10409893023237653,0.4380512267476298
2.4049289979540864,15.225159462054787,0.26197137813746646,0.10044919501269509,0.43276585911077564
2.4049289979540864,15.575758496865614,0.26186600565444074,0.09847511761102187,0.4307951499403957
2.4049289979540864,15.926357531676443,0.26175686025445405,0.10005564638878911,0.43052219479620596
2.4049289979540864,16.276956566487268,0.2616440797647675,0.1012574216952062,0.43017533649466405
2.4049289979540864,16.6275556012981,0.26152782017156073,0.10134382183830293,0.43050803670346977
2.4049289979540864,16.978154636108926,0.2614082544463115,0.10790884744225739,0.4373807964266866
2.4049289979540864,17.328753670919756,0.26128557086896015,0.10650408963402168,0.4332006902502585
2.4049289979540864,17.679352705730587,0.26115997136403624,0.10791134255420741,0.4333281700538325
2.4049289979540864,18.029951740541414,0.26103167047537523,0.1096523306305248,0.4343938803576993
2.4049289979540864,18.38055077535224,0.26090089537021177,0.10277242888812543,0.4281132459257471
2.4049289979540864,18.73114981016307,0.2607678868104604,0.10488477537021446,0.4285930264608257
2.4049289979540864,19.081748844973898,0.2606329005835343,0.10643275305247245,0.4290490127178411
2.4049289979540864,19.432347879784725,0.26049620863622286,0.10702696794693731,0.42869688621441254
2.4049289979540864,19.782946914595552,0.2603580991727232,0.10762889534619186,0.42989134946264634
2.4049289979540864,20.133545949406383,0.26021887521308096,0.10823813241043423,0.4302788399907481
2.4049289979540864,20.48414498421721,0.2600788514480027,0.10885421496295923,0.4306448001769393
2.4049289979540864,20.834744019028037,0.25993834955423345,0.10936019410288773,0.4309900289030908
2.4049289979540864,21.185343053838867,0.2597976923726591,0.1201463204411806,0.44179256991291377
2.4049289979540864,21.535942088649698,0.2596571974708304,0.1206578356322536,0.440964274122316
2.4049289979540864,21.886541123460525,0.259517170627157,0.12116502870988445,0.4408775120017882
2.4049289979540864,22.23714015827135,0.2593778997220271,0.12205344136997202,0.4415539776142084
2.4049289979540864,22.587739193082182,0.2592396494376978,0.12203997897610913,0.44030257570646003
2.4049289979540864,22.93833822789301,0.25910265707539815,0.12198653816325752,0.4408827386485174
2.4049289979540864,23.288937262703836,0.2589671296998767,0.11421673153461052,0.433725766965594
2.4049289979540864,23.639536297514667,0.2588332427156465,0.11456042832393627,0.4331213939194704
2.4049289979540864,23.990135332325494,0.2587011398647902,0.11489938565368,0.43332500801647567
2.4049289979540864,24.34073436713632,0.25857093452075397,0.1152339632202907,0.4343078765161187
2.4049289979540864,24.691333401947148,0.2584427120509761,0.12089194621737188,0.43615595305156846
2.4049289979540864,25.04193243675798,0.25831653295119017,0.11940620461078207,0.43626215302869287
2.4049289979540864,25.392531471568805,0.2581924364316435,0.10856468591463768,0.42632361132642227
2.4049289979540864,25.743130506379632,0.25807044417044683,0.10799441165843408,0.42481029722424424
2.4049289979540864,26.093729541190463,0.25795056404269784,0.10693125474968845,0.42497636549449064
2.4049289979540864,26.444328576001293,0.25783279377247653,0.1050380059756467,0.4231173207745503
2.4049289979540864,26.79492761081212,0.25771712460477336,0.1055124494069905,0.42484696570391767
2.4049289979540864,27.145526645622947,0.25760354519913425,0.10569501587308965,0.42529250408363084
2.4049289979540864,27.496125680433778,0.2574920459338639,0.10426290531172924,0.4257713217776238
2.4049289979540864,27.846724715244605,0.2573826236209022,0.10208814427230321,0.42673104005891727
2.4049289979540864,28.197323750055432,0.2572752862795887,0.11874218543661856,0.44436708586346746
2.4049289979540864,28.54792278486626,0.25717005723875624,0.11703645633201451,0.44251091528878833
2.4049289979540864,28.89852181967709,0.2570669776682303,0.09326662040725814,0.41858410341909236
2.4049289979540864,29.249120854487916,0.25696610687223514,0.09175784405516096,0.4182016049299224
2.4049289979540864,29.599719889298743,0.2568675202579486,0.10906580249943197,0.4358383235825274
2.4049289979540864,29.950318924109574,0.25677130550527183,0.10910694447592781,0.4359879713931773
2.4049289979540864,30.3009179589204,0.2566775577624896,0.10915386675495369,0.43613974076227163
2.4049289979540864,30.651516993731228,0.25658637459630323,0.1092068098233249,0.43712917679458524
2.4049289979540864,31.002116028542055,0.2564978511532159,0.10895668778868207,0.4377307622915879
2.4049289979540864,31.352715063352885,0.2564120758094785,0.09886950768677111,0.42865791131887343
2.4049289979540864,31.703314098163716,0.25632912657166396,0.09832299049605112,0.4289631023224755
2.4049289979540864,32.05391313297454,0.2562490685210314,0.09718627496813088,0.42797614790571537
2.4049289979540864,32.40451216778537,0.25617195253470726,0.09724679898426529,0.42797221471867253
2.4049289979540864,32.7551112025962,0.25609781533686166,0.10848216479230131,0.4393680261407974
2.4049289979540864,33.105710237407024,0.2560266807068286,0.10597978283249501,0.4382005936978013
2.4049289979540864,33.45630927221785,0.255958561495061,0.10650142238032947,0.43791667445522775
2.4049289979540864,33.806908307028685,0.25589346203096125,0.10953452897912647,0.44132967062251344
2.4049289979540864,34.15750734183951,0.25583138055647975,0.10778795926265428,0.4399776311095658
2.4049289979540864,34.50810637665034,0.25577231145399987,0.11025434740955488,0.44261564214798
2.4049289979540864,34.858705411461166,0.25571624720069264,0.10940806030443655,0.4419487262694304
2.4049289979540864,35.20930444627199,0.2556631801113543,0.10937366092912547,0.44118040600237846
2.463265368053558,0.5,0.2611657489451992,0.08873179507168319,0.43972341192288916
2.463265368053558,0.8505990348108282,0.26139437330924303,0.08759407150318832,0.43853346217314926
2.463265368053558,1.2011980696216566,0.26161640908944145,0.08783060870928816,0.438644554751533
2.463265368053558,1.5517971044324848,0.2618316022125308,0.08745340405970094,0.4386958436002396
2.463265368053558,1.9023961392433129,0.26203967945005546,0.08831363096100502,0.44010385737918084
2.463265368053558,2.2529951740541407,0.26224034796057616,0.08539754804022491,0.43861502270164227
2.463265368053558,2.6035942088649695,0.26243329568762175,0.08811873512433101,0.4400487249431924
2.463265368053558,2.954193243675798,0.26261819198577996,0.08795957041153929,0.43903357442379687
2.463265368053558,3.3047922784866257,0.2627946881458426,0.08778306697558946,0.43954707818273614
2.463265368053558,3.655391313297454,0.26296241801169024,0.08733165640253819,0.4400694590898547
2.463265368053558,4.005990348108282,0.26312099932585686,0.07847579764605057,0.43311594871416864
2.463265368053558,4.35658938291911,0.2632700366798123,0.08562274326925039,0.4411420960759903
2.463265368053558,4.707188417729939,0.2634091270892563,0.08563749398945392,0.441692985024809
2.463265368053558,5.057787452540768,0.26353786933700507,0.09307582076042722,0.4492428224455389
2.463265368053558,5.408386487351596,0.263655878113174,0.09338055931335078,0.4491250907426185
2.463265368053558,5.758985522162424,0.26376280326890805,0.09369048817110263,0.44980835240232653
2.463265368053558,6.109584556973252,0.26385835308186806,0.09149710964167743,0.44871365777737576
2.463265368053558,6.46018359178408,0.26394231872567675,0.08820736052352499,0.4446063539671302
2.463265368053558,6.810782626594908,0.2640145959177445,0.0920918833384532,0.448060367940342
2.463265368053558,7.161381661405737,0.26407519968661197,0.09239842735163777,0.4482777822806958
2.463265368053558,7.511980696216565,0.2641242695765085,0.06524144442117075,0.4221932895953702
2.463265368053558,7.8625797310273935,0.2641620650082164,0.06568831966244165,0.4221403983354529
2.463265368053558,8.213178765838222,0.2641889530702994,0.06586352766449584,0.42256680532364393
2.463265368053558,8.56377780064905,0.2642053926839326,0.07071265646147425,0.4265174976507534
2.463265368053558,8.914376835459878,0.2642119190873474,0.07136292032275443,0.4252919285818454
2.463265368053558,9.264975870270705,0.26420913079575703,0.07102997080734896,0.4240207377300692
2.463265368053558,9.615574905081534,0.2641976783146254,0.07538228355870309,0.428688145712951
2.463265368053558,9.96617393989236,0.26417825129317857,0.07987187409455265,0.43061739556563194
2.463265368053558,10.316772974703191,0.26415156002330686,0.08117640180340074,0.4291309339390249
2.463265368053558,10.667372009514018,0.2641183090530303,0.08255842686933781,0.43013801688065545
2.463265368053558,11.017971044324847,0.26407916455345926,0.08360285175807158,0.4304427333229342
2.463265368053558,11.368570079135674,0.264034720887179,0.08376122995248156,0.43004107478990483
2.463265368053558,11.719169113946503,0.26398547339512574,0.0846595120453121,0.429664176446486
2.463265368053558,12.069768148757332,0.2639318030473573,0.08532250331176278,0.42970347523008745
2.463265368053558,12.420367183568159,0.2638739753506981,0.09294466265708973,0.43693783594469815
2.463265368053558,12.77096621837899,0.2638121524275106,0.08963915720651487,0.4313196152926195
2.463265368053558,13.121565253189816,0.2637464145621569,0.09065759055039262,0.4306037720165181
2.463265368053558,13.472164288000645,0.26367678614008805,0.0906576680348739,0.43120226201085216
2.463265368053558,13.822763322811472,0.2636032608710682,0.09253583139563956,0.43350395392422403
2.463265368053558,14.1733623576223,0.2635258224112757,0.0891256991978267,0.42910702733969325
2.463265368053558,14.523961392433128,0.2634444585497211,0.08950825035245025,0.4286104644240847
2.463265368053558,14.874560427243956,0.2633591692431736,0.08934756559568693,0.42910748150225086
2.463265368053558,15.225159462054787,0.26326997022542425,0.10316756487135258,0.4432238611094383
2.463265368053558,15.575758496865614,0.2631768943238014,0.10421568215010561,0.44133233510073344
2.463265368053558,15.926357531676443,0.26307999213177163,0.10474547926916528,0.43912845620851765
2.463265368053558,16.276956566487268,0.26297933278619307,0.10528606746827,0.43778325378033645
2.463265368053558,16.6275556012981,0.26287500480145976,0.10032973259085583,0.433152136829999
2.463265368053558,16.978154636108926,0.2627671165518914,0.10184187041546587,0.43395829993777807
2.463265368053558,17.328753670919756,0.26265579611140616,0.10237101176230802,0.4347642833328948
2.463265368053558,17.679352705730587,0.2625411905501412,0.10599972578267991,0.43711130263277975
2.463265368053558,18.029951740541414,0.26242346514091336,0.10686366023445883,0.4373551234843158
2.463265368053558,18.38055077535224,0.26230280300756437,0.10827962871191628,0.43762858904108415
2.463265368053558,18.73114981016307,0.2621794055078898,0.11051277378730509,0.4399719624242251
2.463265368053558,19.081748844973898,0.2620534932280208,0.11158336055959413,0.43978616970799267
2.463265368053558,19.432347879784725,0.26192530708965195,0.10648424111256888,0.43497275917908834
2.463265368053558,19.782946914595552,0.26179510889799495,0.10955003104868172,0.43788904293396363
2.463265368053558,20.133545949406383,0.261663180725657,0.1098811204058104,0.43852749473978203
2.463265368053558,20.48414498421721,0.261529822766659,0.11073691028733611,0.4398969185100337
2.463265368053558,20.834744019028037,0.2613953495909771,0.10807758447186845,0.4373002603056963
2.463265368053558,21.185343053838867,0.26126008498651093,0.11150691463483661,0.4408936692413946
2.463265368053558,21.535942088649698,0.2611243557467035,0.11976598043180664,0.44799501661641017
2.463265368053558,21.886541123460525,0.2609884848513714,0.11982721662116043,0.44677386550356585
2.463265368053558,22.23714015827135,0.2608527845221445,0.11962998803382516,0.4461487641034289
2.463265368053558,22.587739193082182,0.26071754963429794,0.12123193606178077,0.447427245160234
2.463265368053558,22.93833822789301,0.2605830519381338,0.12174953399266054,0.44780289440105286
2.463265368053558,23.288937262703836,0.2604495354773569,0.11926793707629048,0.44470698773319506
2.463265368053558,23.639536297514667,0.26031721348288495,0.11922705907788836,0.44533423108324305
2.463265368053558,23.990135332325494,0.2601862668751816,0.11922741001243821,0.4465606847726594
2.463265368053558,24.34073436713632,0.260056844347494,0.11423940879749503,0.44042069034995246
2.463265368053558,24.691333401947148,0.25992906385354075,0.11485859490360265,0.4396439593970168
2.463265368053558,25.04193243675798,0.2598030152102901,0.11478961655902534,0.4380513594642094
2.463265368053558,25.392531471568805,0.2596787634653126,0.11562995041338117,0.44021307283537886
2.463265368053558,25.743130506379632,0.2595563526766481,0.11577219028929646,0.44255392423993367
2.463265368053558,26.093729541190463,0.259435809812853,0.11713644580599902,0.4437916001581324
2.463265368053558,26.444328576001293,0.2593171485963823,0.1160492383589954,0.4407343628685942
2.463265368053558,26.79492761081212,0.25920037326664314,0.11277886067506944,0.43859570361790673
2.463265368053558,27.145526645622947,0.25908548239135787,0.10377930681927275,0.42911754242093686
2.463265368053558,27.496125680433778,0.2589724729428279,0.10422773752411453,0.4301014671131195
2.463265368053558,27.846724715244605,0.2588613448022894,0.1052133034031546,0.43118996374629553
2.463265368053558,28.197323750055432,0.2587521056113147,0.10252828650317221,0.4294884322529918
2.463265368053558,28.54792278486626,0.25864477549867493,0.10486363965250435,0.43314271655403375
2.463265368053558,28.89852181967709,0.25853939085364913,0.10428150382185428,0.4339237846458595
2.463265368053558,29.249120854487916,0.25843600624029106,0.1171103994499892,0.4476087066914983
2.463265368053558,29.599719889298743,0.258334693882219,0.09393061887226944,0.4255581336476609
2.463265368053558,29.950318924109574,0.25823554075300376,0.10781317827849005,0.43953056596293494
2.463265368053558,30.3009179589204,0.25813864384938184,0.10836337848611267,0.43985173858097937
2.463265368053558,30.651516993731228,0.25804410446115517,0.10866336386525387,0.44032680819694237
2.463265368053558,31.002116028542055,0.25795202221890445,0.10857894401665662,0.44081838572493937
2.463265368053558,31.352715063352885,0.2578624895930188,0.1075257841613453,0.44132738230925966
2.463265368053558,31.703314098163716,0.2577755874367202,0.0957506597601059,0.4298229905973217
2.463265368053558,32.05391313297454,0.25769138204974984,0.09545305379423609,0.4295406362174887
2.463265368053558,32.40451216778537,0.2576099240058361,0.09516363731397068,0.4292654330569921
2.463265368053558,32.7551112025962,0.2575312486658507,0.09433744709785767,0.42899393520836193
2.463265368053558,33.105710237407024,0.2574553780062314,0.09460948116098036,0.4287226093082695
2.463265368053558,33.45630927221785,0.2573823232243249,0.09434477402659673,0.42874235764117924
2.463265368053558,33.806908307028685,0.257312087559116,0.09408832123324234,0.4289052670156802
2.463265368053558,34.15750734183951,0.2572446688582417,0.09384011726673755,0.42827844358397027
2.463265368053558,34.50810637665034,0.25718006159236445,0.09337452745339608,0.42815310605538415
2.463265368053558,34.858705411461166,0.2571182582287506,0.0933683931034824,0.4292658734874918
2.463265368053558,35.20930444627199,0.2570592500823299,0.09266643612406798,0.42934768482978974
2.5216017381530302,0.5,0.26211283587326634,0.08647956545203714,0.44259086366871686
2.5216017381530302,0.8505990348108282,0.26233853501794535,0.08670437516854412,0.4410314066654543
2.5216017381530302,1.2011980696216566,0.2625577742711763,0.08693302501442216,0.4427276793193213
2.5216017381530302,1.5517971044324848,0.26277033187574755,0.0869333149340321,0.4445790419997035
2.5216017381530302,1.9023961392433129,0.2629759809437819,0.08221220343609184,0.44041283475609827
2.5216017381530302,2.2529951740541407,0.26317448618614336,0.0826079302334833,0.4403917685566312
2.5216017381530302,2.6035942088649695,0.2633655999268582,0.08300725512000981,0.4403111214192393
2.5216017381530302,2.954193243675798,0.26354905764421216,0.08621376539241438,0.4427137377992068
2.5216017381530302,3.3047922784866257,0.2637245736357189,0.0856242633258876,0.44098675120572634
2.5216017381530302,3.655391313297454,0.26389183779342823,0.08422367999070027,0.43970418012780826
2.5216017381530302,4.005990348108282,0.26405051465801177,0.08454990693488358,0.43937826526884316
2.5216017381530302,4.35658938291911,0.26420024575228906,0.08406638101671456,0.43940732602367183
2.5216017381530302,4.707188417729939,0.2643406558086563,0.08361939807338549,0.4435969501547615
2.5216017381530302,5.057787452540768,0.26447136318556774,0.09294229273263376,0.4539399836244674
2.5216017381530302,5.408386487351596,0.2645919946277044,0.09315131448686387,0.454591706333735
2.5216017381530302,5.758985522162424,0.2647022043069279,0.09336556733896219,0.4549866861459637
2.5216017381530302,6.109584556973252,0.2648016963763193,0.09046768679153362,0.45209007130803613
2.5216017381530302,6.46018359178408,0.2648902489975022,0.09074690431749,0.45176116754683626
2.5216017381530302,6.810782626594908,0.2649677364752215,0.06077562765815521,0.42386928469432783
2.5216017381530302,7.161381661405737,0.26503414558501265,0.0629944561882319,0.42422677103178585
2.5216017381530302,7.511980696216565,0.2650895829763524,0.08818748728313822,0.44701777302044543
2.5216017381530302,7.8625797310273935,0.26513427257206534,0.08922561234107046,0.4474131094150058
2.5216017381530302,8.213178765838222,0.26516854442664356,0.09222186559391275,0.4492115352176952
2.5216017381530302,8.56377780064905,0.2651928185403419,0.0925337072721015,0.4485751309334972
2.5216017381530302,8.914376835459878,0.26520758780971204,0.09285107315842478,0.44900982397704314
2.5216017381530302,9.264975870270705,0.2652134032939348,0.0931736764246618,0.44934880781391884
2.5216017381530302,9.615574905081534,0.26521086262404897,0.09350108706892664,0.4495931814739386
2.5216017381530302,9.96617393989236,0.2652005996461001,0.0933628782066789,0.44974381432330923
2.5216017381530302,10.316772974703191,0.26518327161034466,0.08097308453230358,0.43663266115481497
2.5216017381530302,10.667372009514018,0.26515954054532637,0.0812700442368736,0.4348989495600559
2.5216017381530302,11.017971044324847,0.26513004804610824,0.08283885865477554,0.43590165777449913
2.5216017381530302,11.368570079135674,0.26509538629003154,0.0833212075072146,0.43489687004949434
2.5216017381530302,11.719169113946503,0.26505607062232295,0.08978821987496324,0.439216855050575
2.5216017381530302,12.069768148757332,0.26501251919136604,0.09158566086289593,0.4389905269649121
2.5216017381530302,12.420367183568159,0.26496504317548714,0.09129371517245663,0.438920091002011
2.5216017381530302,12.77096621837899,0.2649138485184539,0.095095034503428,0.442442671677086
2.5216017381530302,13.121565253189816,0.26485904789467496,0.09557161991480824,0.4415395492579204
2.5216017381530302,13.472164288000645,0.26480068010071517,0.08710477211203509,0.43350228432783516
2.5216017381530302,13.822763322811472,0.26473873309868723,0.08892040030052939,0.43474032625882847
2.5216017381530302,14.1733623576223,0.26467316665255725,0.08782236689145366,0.4326631895065011
2.5216017381530302,14.523961392433128,0.26460393118091263,0.08818217317703628,0.4333056217978536
2.5216017381530302,14.874560427243956,0.26453098101951555,0.0885426980353823,0.4339258244306485
2.5216017381530302,15.225159462054787,0.26445428214283556,0.09341785991830466,0.43726473400724847
2.5216017381530302,15.575758496865614,0.2643738157765983,0.09520863370085861,0.4381650263406716
2.5216017381530302,15.926357531676443,0.2642895798034707,0.09630881633733643,0.4382263975908861
2.5216017381530302,16.276956566487268,0.2642015894909342,0.096731120452334,0.4383140883513707
2.5216017381530302,16.6275556012981,0.2641098782832522,0.1043748401684545,0.4426706051266677
2.5216017381530302,16.978154636108926,0.26401449868838905,0.1045193978618048,0.4415889734634167
2.5216017381530302,17.328753670919756,0.26391552296217957,0.10261065515229942,0.4387356782197805
2.5216017381530302,17.679352705730587,0.2638130433740822,0.10412371588948553,0.43892926139375116
2.5216017381530302,18.029951740541414,0.263707172137318,0.1041292882390795,0.4391494822908924
2.5216017381530302,18.38055077535224,0.26359804133588743,0.10400754393280401,0.4394108080632806
2.5216017381530302,18.73114981016307,0.26348580320480114,0.10388974218197751,0.4404832240642111
2.5216017381530302,19.081748844973898,0.2633706309097862,0.10828479319248839,0.4416785643602475
2.5216017381530302,19.432347879784725,0.26325271965730523,0.10887164812188481,0.4417503154742257
2.5216017381530302,19.782946914595552,0.2631322877063845,0.10944202138351294,0.4406524847244439
2.5216017381530302,20.133545949406383,0.26300957675027437,0.1097408868067728,0.44105496795051435
2.5216017381530302,20.48414498421721,0.26288485119571825,0.11065544512803543,0.4419227110744036
2.5216017381530302,20.834744019028037,0.2627583960351704,0.11125422738930849,0.44257680140747657
2.5216017381530302,21.185343053838867,0.2626305132147828,0.11185317004122745,0.4432113769339549
2.5216017381530302,21.535942088649698,0.2625015166015924,0.11136011318713254,0.4433936725405104
2.5216017381530302,21.886541123460525,0.26237172582619733,0.11173883730212841,0.444422178161364
2.5216017381530302,22.23714015827135,0.2622414594139165,0.11209955717132487,0.4449987227117981
2.5216017381530302,22.587739193082182,0.26211102770846517,0.11610315143021077,0.44890764805764444
2.5216017381530302,22.93833822789301,0.26198072612424395,0.1148057293347858,0.4473522906435509
2.5216017381530302,23.288937262703836,0.2618508292268288,0.1146040765061267,0.44661722697897005
2.5216017381530302,23.639536297514667,0.2617215860395852,0.12181738421257879,0.45378703450733215
2.5216017381530302,23.990135332325494,0.26159321682677145,0.12187408913804354,0.4524315526617363
2.5216017381530302,24.34073436713632,0.2614659114391654,0.12033885049749064,0.4529886706795777
2.5216017381530302,24.691333401947148,0.26133982915566467,0.12291277456602309,0.4538141213979049
2.5216017381530302,25.04193243675798,0.261215099833254,0.11228948532146991,0.44378156733551305
2.5216017381530302,25.392531471568805,0.2610918260976954,0.11445588010993946,0.4459588639253902
2.5216017381530302,25.743130506379632,0.26097008627133594,0.11394386728268477,0.4452180884066209
2.5216017381530302,26.093729541190463,0.26084993774421145,0.11230045575798989,0.44375595262150064
2.5216017381530302,26.444328576001293,0.2607314205518815,0.11064755432310769,0.4426861447708651
2.5216017381530302,26.79492761081212,0.260614561026367,0.1094234909374135,0.44256672235800415
2.5216017381530302,27.145526645622947,0.26049937552080543,0.10733111398707595,0.4406116044224033
2.5216017381530302,27.496125680433778,0.2603858743359759,0.10567652108370966,0.4396073402285604
2.5216017381530302,27.846724715244605,0.2602740660309667,0.1020107688254706,0.4362977267327441
2.5216017381530302,28.197323750055432,0.2601639622028582,0.11746457890284252,0.4524170699059146
2.5216017381530302,28.54792278486626,0.2600555825349415,0.11775443781401228,0.4527310260775102
2.5216017381530302,28.89852181967709,0.2599489595156598,0.1180439871124583,0.45302776197970984
2.5216017381530302,29.249120854487916,0.25984414192794986,0.11785476382525294,0.45332835298630814
2.5216017381530302,29.599719889298743,0.25974119623056857,0.11751487814522589,0.45366508463187183
2.5216017381530302,29.950318924109574,0.25964020535918836,0.0970046712124917,0.4331986583155453
2.5216017381530302,30.3009179589204,0.2595412650701353,0.09926869346339136,0.43490225098524454
2.5216017381530302,30.651516993731228,0.25944447844198104,0.10072505867614878,0.4347941531749945
2.5216017381530302,31.002116028542055,0.25934994940314393,0.10196603572640779,0.4348305949836679
2.5216017381530302,31.352715063352885,0.2592577762328534,0.09860058188113303,0.4355199648454407
2.5216017381530302,31.703314098163716,0.259168045969286,0.09721606485293509,0.43504218906722714
2.5216017381530302,32.05391313297454,0.2590808305118242,0.09791661390001953,0.4354436099327385
2.5216017381530302,32.40451216778537,0.25899618485417075,0.09957211468977867,0.43753291397223093
2.5216017381530302,32.7551112025962,0.2589141473936784,0.09954955706726376,0.43818608841189827
2.5216017381530302,33.105710237407024,0.25883474182512023,0.09695336879933796,0.4366962637898726
2.5216017381530302,33.45630927221785,0.2587579799183937,0.08978545799756642,0.42903254388020684
2.5216017381530302,33.806908307028685,0.2586838645242262,0.09169748467501104,0.4289203668911094
2.5216017381530302,34.15750734183951,0.2586123923397518,0.09217360614111311,0.42918267214168004
2.5216017381530302,34.50810637665034,0.2585435561635805,0.09564862477232833,0.4312740058219127
2.5216017381530302,34.858705411461166,0.25847734651559545,0.09551713902352862,0.4313157784377637
2.5216017381530302,35.20930444627199,0.25841375260798033,0.09484278922036585,0.43238664961714984
2.5799381082525015,0.5,0.26297164140143897,0.08515486391959365,0.448051497999171
2.5799381082525015,0.8505990348108282,0.2631934943445746,0.08514954902586147,0.4464965682969323
2.5799381082525015,1.2011980696216566,0.26340899360468273,0.08513395520307727,0.4467758547113454
2.5799381082525015,1.5517971044324848,0.26361795683506833,0.0851093450274853,0.4485923336393391
2.5799381082525015,1.9023961392433129,0.26382020971598985,0.0845444173872188,0.44780557122619036
2.5799381082525015,2.2529951740541407,0.26401557937046066,0.08216196018830876,0.44421473470203793
2.5799381082525015,2.6035942088649695,0.26420388629736163,0.08255160973024751,0.4421002078067615
2.5799381082525015,2.954193243675798,0.2643849356100746,0.0817335656427188,0.442006007951772
2.5799381082525015,3.3047922784866257,0.2645585086021893,0.08333890724745875,0.4443157128695596
2.5799381082525015,3.655391313297454,0.264724355961737,0.08288751789116605,0.4419895317370397
2.5799381082525015,4.005990348108282,0.2648821941562697,0.08243131987369591,0.44137012991570096
2.5799381082525015,4.35658938291911,0.26503170638091017,0.07748393618977487,0.43846122717518615
2.5799381082525015,4.707188417729939,0.2651725489166533,0.07727296274236084,0.44064702548031776
2.5799381082525015,5.057787452540768,0.2653043629516628,0.076442726030482,0.4401950118781482
2.5799381082525015,5.408386487351596,0.26542679118370266,0.07563956165299913,0.43968274534503865
2.5799381082525015,5.758985522162424,0.26553949804935983,0.07812412148497752,0.4414524370711427
2.5799381082525015,6.109584556973252,0.265642192120677,0.07903655288759218,0.44232668031202127
2.5799381082525015,6.46018359178408,0.26573464880081277,0.07935292569162712,0.4432118993594368
2.5799381082525015,6.810782626594908,0.2658167308692,0.07967102839375788,0.4441074890402165
2.5799381082525015,7.161381661405737,0.2658884040284923,0.07999076866172837,0.4450128185893722
2.5799381082525015,7.511980696216565,0.2659497449252604,0.0888117339525743,0.45351081755440814
2.5799381082525015,7.8625797310273935,0.26600094038880623,0.09084216964193793,0.45292061213677065
2.5799381082525015,8.213178765838222,0.2660422785473486,0.09112924599933052,0.45226935707442717
2.5799381082525015,8.56377780064905,0.2660741343388268,0.09142136068335031,0.45155574386329367
2.5799381082525015,8.914376835459878,0.2660969529937431,0.0917185504217537,0.45077855279279294
2.5799381082525015,9.264975870270705,0.2661112348445339,0.09202074632493952,0.4506112768353332
2.5799381082525015,9.615574905081534,0.26611752326643084,0.09060527964863314,0.44902924353561363
2.5799381082525015,9.96617393989236,0.2661163951834431,0.09101106243178322,0.4480554967790208
2.5799381082525015,10.316772974703191,0.2661084514069833,0.09141773514260255,0.4477542718207623
2.5799381082525015,10.667372009514018,0.2660943033273836,0.09182563533447231,0.4483441713364242
2.5799381082525015,11.017971044324847,0.2660745538400366,0.09221281154853508,0.44915246102679607
2.5799381082525015,11.368570079135674,0.26604977333944646,0.09191976220590783,0.4472392307291905
2.5799381082525015,11.719169113946503,0.2660204745063296,0.09013185082584221,0.44218809661451086
2.5799381082525015,12.069768148757332,0.2659870907595149,0.09132471617465622,0.4418719411568087
2.5799381082525015,12.420367183568159,0.26594996221051587,0.09372357623269825,0.4459318229487911
2.5799381082525015,12.77096621837899,0.2659093307816279,0.09432099777247471,0.4453172881174679
2.5799381082525015,13.121565253189816,0.2658653442461517,0.08607958043219929,0.43676786780487226
2.5799381082525015,13.472164288000645,0.2658180678839757,0.08926280283733067,0.4407079177784235
2.5799381082525015,13.822763322811472,0.26576750181146336,0.09561848482007491,0.4460614600699481
2.5799381082525015,14.1733623576223,0.2657136013767722,0.09280451912335046,0.44342240836833297
2.5799381082525015,14.523961392433128,0.2656562974918702,0.0935571635276431,0.4408744383890834
2.5799381082525015,14.874560427243956,0.2655955139644005,0.09424216175481707,0.4398968760803836
2.5799381082525015,15.225159462054787,0.26553118000627635,0.09485707173995532,0.440332560411955
2.5799381082525015,15.575758496865614,0.26546323768706,0.0951454604557715,0.44084543083496125
2.5799381082525015,15.926357531676443,0.26539164542542987,0.09477260140977893,0.4407320427645036
2.5799381082525015,16.276956566487268,0.26531637916974776,0.09625759962875995,0.4417963430641938
2.5799381082525015,16.6275556012981,0.26523743269990113,0.09802767194425292,0.442414230490174
2.5799381082525015,16.978154636108926,0.26515481784894035,0.09954104249084142,0.44395354569652984
2.5799381082525015,17.328753670919756,0.2650685648328826,0.10032150448001324,0.44418628611069955
2.5799381082525015,17.679352705730587,0.264978722562696,0.1008276423391445,0.4433942936031241
2.5799381082525015,18.029951740541414,0.2648853588184773,0.10134015565646777,0.4437310249268626
2.5799381082525015,18.38055077535224,0.2647885603382572,0.10537365587331647,0.4470037936680513
2.5799381082525015,18.73114981016307,0.26468843302043177,0.10136449767121795,0.4424748159768701
2.5799381082525015,19.081748844973898,0.2645851024453813,0.10815067299018943,0.4490613166186836
2.5799381082525015,19.432347879784725,0.264478714787805,0.10722775613361796,0.44688851071345054
2.5799381082525015,19.782946914595552,0.2643694379902628,0.10895704228075613,0.4461668773313858
2.5799381082525015,20.133545949406383,0.26425746288493673,0.10837563133702534,0.4452609419800647
2.5799381082525015,20.48414498421721,0.2641430038407702,0.11330258449517655,0.4488944238297656
2.5799381082525015,20.834744019028037,0.2640262984995885,0.11163245422559394,0.4467256835439625
2.5799381082525015,21.185343053838867,0.2639076062476265,0.11357687470877419,0.4474977063383268
2.5799381082525015,21.535942088649698,0.26378720523223526,0.11371955388579189,0.4482734469581858
2.5799381082525015,21.886541123460525,0.2636653879456597,0.11360911237360172,0.4490529726428326
2.5799381082525015,22.23714015827135,0.2635424556137811,0.11287765684556339,0.4498363392876774
2.5799381082525015,22.587739193082182,0.2634187118005273,0.11356868937407866,0.45094769888438657
2.5799381082525015,22.93833822789301,0.26329445573445365,0.11427772880821686,0.45147720056179
2.5799381082525015,23.288937262703836,0.2631699758726846,0.11244344053862801,0.4497277198888168
2.5799381082525015,23.639536297514667,0.2630455441527435,0.11188999726049992,0.44909001440432034
2.5799381082525015,23.990135332325494,0.26292141127275015,0.11330816190240224,0.450201039806553
2.5799381082525015,24.34073436713632,0.2627978032141217,0.11363137134141586,0.44970560340348176
2.5799381082525015,24.691333401947148,0.2626749190988039,0.11394914525365452,0.45015896924880394
2.5799381082525015,25.04193243675798,0.2625529303648912,0.12229424060029959,0.45864789429847713
2.5799381082525015,25.392531471568805,0.2624319811531766,0.11404009111565865,0.4510365904864482
2.5799381082525015,25.743130506379632,0.2623121897251236,0.10761759880687666,0.44516475916723697
2.5799381082525015,26.093729541190463,0.26219365068614375,0.10732680250149443,0.44453205365588017
2.5799381082525015,26.444328576001293,0.2620764377770974,0.10707343010651077,0.44391479569975234
2.5799381082525015,26.79492761081212,0.2619606070322179,0.10685364173042518,0.4433157722002658
2.5799381082525015,27.145526645622947,0.2618462001867473,0.106663336440482,0.4437486128421345
2.5799381082525015,27.496125680433778,0.2617332483378611,0.10622291929402332,0.44466456307170904
2.5799381082525015,27.846724715244605,0.26162177597319536,0.10574805018741777,0.44556981015502434
2.5799381082525015,28.197323750055432,0.2615118055061669,0.10602204404112618,0.4466440717020561
2.5799381082525015,28.54792278486626,0.261403362316408,0.1061180928465916,0.44734147676088437
2.5799381082525015,28.89852181967709,0.26129647996862865,0.10117859514594311,0.44143459130816065
2.5799381082525015,29.249120854487916,0.26119120488385217,0.09887811853985652,0.4413248121611272
2.5799381082525015,29.599719889298743,0.26108759948858556,0.11756518953783865,0.4600617633381793
2.5799381082525015,29.950318924109574,0.26098574297173593,0.11695262651301683,0.45760413656215093
2.5799381082525015,30.3009179589204,0.26088572924229736,0.11665783060274111,0.4561328092318463
2.5799381082525015,30.651516993731228,0.26078766229870143,0.11632762455284172,0.4564308944559424
2.5799381082525015,31.002116028542055,0.26069164976033005,0.11540524791856699,0.456720901578338
2.5799381082525015,31.352715063352885,0.26059779567368213,0.11567162692646163,0.45772231084001463
2.5799381082525015,31.703314098163716,0.260506193875673,0.1153448823217631,0.45727734294401823
2.5799381082525015,32.05391313297454,0.2604169231131492,0.10542550295398044,0.44838533835948746
2.5799381082525015,32.40451216778537,0.2603300447010222,0.10538154526605097,0.44895764022989076
2.5799381082525015,32.7551112025962,0.26024560281409276,0.09656555951529723,0.43993390082665723
2.5799381082525015,33.105710237407024,0.26016362680378735,0.09770648739336894,0.4381661360697509
2.5799381082525015,33.45630927221785,0.2600841345033398,0.09881499653948099,0.43879799460855695
2.5799381082525015,33.806908307028685,0.26000713547239523,0.09886211134285092,0.43942150486126696
2.5799381082525015,34.15750734183951,0.2599326334618572,0.09853241907842132,0.44003684311453534
2.5799381082525015,34.50810637665034,0.2598606278501999,0.09499263830257017,0.4358167225666961
2.5799381082525015,34.858705411461166,0.25979111420682355,0.09691801394565591,0.4368256352531587
2.5799381082525015,35.20930444627199,0.25972408435240313,0.09725183835285124,0.43783236734974335
2.6382744783519736,0.5,0.2637501872216958,0.08245725821987789,0.4517081579241339
2.6382744783519736,0.8505990348108282,0.263967623213435,0.08029598337865734,0.44912650138114907
2.6382744783519736,1.2011980696216566,0.2641788476396383,0.08066269808563305,0.4490708692338454
2.6382744783519736,1.5517971044324848,0.26438370623692975,0.08103290825331222,0.45081270966107273
2.6382744783519736,1.9023961392433129,0.26458205969341614,0.08308790477538205,0.45318496990782164
2.6382744783519736,2.2529951740541407,0.2647737766010634,0.09157599694912759,0.46045386846108605
2.6382744783519736,2.6035942088649695,0.2649587249609226,0.09034949352806379,0.4573900242111496
2.6382744783519736,2.954193243675798,0.26513676269001346,0.09203823601124363,0.4596135298885913
2.6382744783519736,3.3047922784866257,0.2653077278186111,0.08658583393665309,0.4537936833302546
2.6382744783519736,3.655391313297454,0.2654714295667617,0.08298989028446312,0.4484858640125504
2.6382744783519736,4.005990348108282,0.2656276420118436,0.08038792504720481,0.44637724065083356
2.6382744783519736,4.35658938291911,0.2657761022397477,0.08729418478085095,0.4547654494343241
2.6382744783519736,4.707188417729939,0.26591651446395714,0.07650581638680606,0.44280450281469563
2.6382744783519736,5.057787452540768,0.26604856062473736,0.07568919894277144,0.4428337923130419
2.6382744783519736,5.408386487351596,0.26617191674240237,0.07489522840669127,0.4419949874668664
2.6382744783519736,5.758985522162424,0.26628627323521264,0.07804234654163078,0.4444753917009115
2.6382744783519736,6.109584556973252,0.2663913568724982,0.0783394577748232,0.4453166454536561
2.6382744783519736,6.46018359178408,0.26648695204472844,0.07863826614028675,0.4461707941614184
2.6382744783519736,6.810782626594908,0.266572919311676,0.07893868224163648,0.44704216621502224
2.6382744783519736,7.161381661405737,0.2666492094560515,0.07856570380069468,0.4465280346611817
2.6382744783519736,7.511980696216565,0.2667158715450579,0.07857831135503436,0.4460411360781822
2.6382744783519736,7.8625797310273935,0.26677305405726587,0.07863513385649933,0.44558101224663826
2.6382744783519736,8.213178765838222,0.2668209991459238,0.07873644106235578,0.4451472270037036
2.6382744783519736,8.56377780064905,0.2668600314137243,0.09035420597008942,0.4554807034365286
2.6382744783519736,8.914376835459878,0.2668905436929521,0.09063184402028289,0.4543331538170076
2.6382744783519736,9.264975870270705,0.26691298271543945,0.0909138751430419,0.45339195643651786
2.6382744783519736,9.615574905081534,0.26692783687348737,0.0899801158615799,0.4521372491828851
2.6382744783519736,9.96617393989236,0.2669356265959338,0.09037552674373565,0.4511486324659225
2.6382744783519736,10.316772974703191,0.26693689582942143,0.09077207949331315,0.4500422901357327
2.6382744783519736,10.667372009514018,0.2669322017775753,0.0911700920924702,0.448903140296933
2.6382744783519736,11.017971044324847,0.26692210034333574,0.09156990643459596,0.44787849748808223
2.6382744783519736,11.368570079135674,0.26690712674632994,0.09168910366595369,0.4474621184441227
2.6382744783519736,11.719169113946503,0.2668877735174752,0.09139276613681872,0.4466360822916733
2.6382744783519736,12.069768148757332,0.2668644698849547,0.09109283767811556,0.4449264139137961
2.6382744783519736,12.420367183568159,0.26683756640483774,0.09078928784848217,0.44398277659718394
2.6382744783519736,12.77096621837899,0.26680732689772807,0.09048213953654659,0.4430592058926923
2.6382744783519736,13.121565253189816,0.26677392772879677,0.08990086914081133,0.4428470003871058
2.6382744783519736,13.472164288000645,0.26673746340896803,0.09082106260016248,0.4459786280513748
2.6382744783519736,13.822763322811472,0.2666979574298056,0.08716221348033541,0.4415206540388341
2.6382744783519736,14.1733623576223,0.2666553772995094,0.08818131383622428,0.44148926884695716
2.6382744783519736,14.523961392433128,0.26660965225871724,0.08889842858222784,0.4414799320605385
2.6382744783519736,14.874560427243956,0.2665606913787076,0.0885745219292604,0.44149254889500655
2.6382744783519736,15.225159462054787,0.2665083994746953,0.0849205116751992,0.4373327625058177
2.6382744783519736,15.575758496865614,0.26645268894937346,0.09494487878598783,0.4465057737378425
2.6382744783519736,15.926357531676443,0.26639348701487714,0.09412419162047171,0.44233330659183856
2.6382744783519736,16.276956566487268,0.26633073901146415,0.09545246534100685,0.4431250948223546
2.6382744783519736,16.6275556012981,0.2662644091998413,0.09601195194415375,0.4439404804083435
2.6382744783519736,16.978154636108926,0.26619448036426413,0.09579641516129554,0.4447793450939489
2.6382744783519736,17.328753670919756,0.26612095310814055,0.09203756648866993,0.44218940108657834
2.6382744783519736,17.679352705730587,0.26604384522685937,0.0935440187082003,0.44237522960039627
2.6382744783519736,18.029951740541414,0.2659631912409387,0.09473143684382727,0.4426049267977658
2.6382744783519736,18.38055077535224,0.2658790421001328,0.09676462913201705,0.4435314508137292
2.6382744783519736,18.73114981016307,0.26579146512540336,0.09846044943458215,0.44458309950876607
2.6382744783519736,19.081748844973898,0.2657005443152776,0.0989171957330065,0.4457380977874036
2.6382744783519736,19.432347879784725,0.2656063811275043,0.10795409103180824,0.45127817411847526
2.6382744783519736,19.782946914595552,0.2655090957401197,0.10848151716196619,0.4522891071682006
2.6382744783519736,20.133545949406383,0.2654088286294892,0.11053674725463249,0.4533184262058807
2.6382744783519736,20.48414498421721,0.2653057421339721,0.10926257372753,0.45089496011548524
2.6382744783519736,20.834744019028037,0.2652000215627021,0.10926611911522129,0.45041173865188316
2.6382744783519736,21.185343053838867,0.26509187540389745,0.11110001385484446,0.4505054714022043
2.6382744783519736,21.535942088649698,0.2649815342941467,0.11292738873326058,0.4510316251987093
2.6382744783519736,21.886541123460525,0.2648692485971017,0.11280607899607077,0.4518057509384517
2.6382744783519736,22.23714015827135,0.26475528464997367,0.11202608244945879,0.4530772366301128
2.6382744783519736,22.587739193082182,0.2646399199136572,0.11304771440459825,0.45433330438495606
2.6382744783519736,22.93833822789301,0.2645234373749967,0.11407397799637435,0.4555734280133967
2.6382744783519736,23.288937262703836,0.26440611959509247,0.1118732173315806,0.45321168244218574
2.6382744783519736,23.639536297514667,0.2642882427933076,0.1122387138055496,0.4524829822061105
2.6382744783519736,23.990135332325494,0.2641700713246751,0.1120360521848464,0.4518545349438604
2.6382744783519736,24.34073436713632,0.26405185286242383,0.11186910944569478,0.45173664667195024
2.6382744783519736,24.691333401947148,0.26393381453980447,0.11042860641666587,0.45076710549217996
2.6382744783519736,25.04193243675798,0.26381616023257526,0.11363651330549418,0.4531153979241768
2.6382744783519736,25.392531471568805,0.26369906907330326,0.11148758828012784,0.4518963057180657
2.6382744783519736,25.743130506379632,0.26358269518620325,0.11158086683575084,0.4517147468263795
2.6382744783519736,26.093729541190463,0.26346716853011176,0.11160837440471641,0.4506817929786501
2.6382744783519736,26.444328576001293,0.2633525966568,0.11142294302846455,0.4506557861679185
2.6382744783519736,26.79492761081212,0.26323906715314754,0.11088459839396635,0.4506294915090738
2.6382744783519736,27.145526645622947,0.263126650555612,0.11035254943681759,0.4506035936986327
2.6382744783519736,27.496125680433778,0.2630154036082742,0.10982694256922884,0.4509868503246949
2.6382744783519736,27.846724715244605,0.2629053728606395,0.1092562748349583,0.45232539815253753
2.6382744783519736,28.197323750055432,0.2627965987106709,0.11265634330319575,0.4582336522950415
2.6382744783519736,28.54792278486626,0.2626891200028488,0.11298046052982967,0.45883615558660745
2.6382744783519736,28.89852181967709,0.26258297911066064,0.09937907262675955,0.4456514435721414
2.6382744783519736,29.249120854487916,0.26247822707147606,0.09974017750900051,0.44656514640874057
2.6382744783519736,29.599719889298743,0.2623749279402542,0.10059535296768536,0.4483024793859451
2.6382744783519736,29.950318924109574,0.2622731613213437,0.10017102637695009,0.4473788085007505
2.6382744783519736,30.3009179589204,0.26217302220134875,0.10346869673557957,0.4516564761222586
2.6382744783519736,30.651516993731228,0.26207461772552637,0.09613632055047573,0.44361686956303176
2.6382744783519736,31.002116028542055,0.26197806125593576,0.11587800377103102,0.46290294298198914
2.6382744783519736,31.352715063352885,0.2618834647223969,0.11684368086324011,0.46383025538524564
2.6382744783519736,31.703314098163716,0.26179093077551585,0.115088893414863,0.4615030705510412
2.6382744783519736,32.05391313297454,0.26170054641730184,0.11336623303930458,0.4594198904060984
2.6382744783519736,32.40451216778537,0.2616123794678527,0.10323126829511406,0.4505277632421635
2.6382744783519736,32.7551112025962,0.26152647843676347,0.1136507240498274,0.45971226723859215
2.6382744783519736,33.105710237407024,0.2614428753785838,0.11396272923532057,0.45994950184851685
2.6382744783519736,33.45630927221785,0.2613615905249133,0.11364573817952064,0.46018033466472613
2.6382744783519736,33.806908307028685,0.2612826371790126,0.11332850291877694,0.4604049367665328
2.6382744783519736,34.15750734183951,0.26120602555434796,0.11301072613067743,0.46062348280153836
2.6382744783519736,34.50810637665034,0.2611317647668339,0.09447266981803398,0.44066120885455273
2.6382744783519736,34.858705411461166,0.261059862829591,0.09629996615929254,0.4415986082860329
2.6382744783519736,35.20930444627199,0.2609903250645649,0.09815804189218769,0.44253071833160534
2.6966108484514453,0.5,0.2644559068456287,0.07964416722625661,0.4529051698410068
2.6966108484514453,0.8505990348108282,0.26466873903460086,0.08002091226559055,0.45264584794725293
2.6966108484514453,1.2011980696216566,0.2648755545646716,0.08037732341802586,0.4503678809285997
2.6966108484514453,1.5517971044324848,0.26507620075408994,0.08073688214123756,0.4517293785126648
2.6966108484514453,1.9023961392433129,0.26527054212671436,0.08098755332464536,0.4534160214164651
2.6966108484514453,2.2529951740541407,0.2654584562829202,0.08064289836325532,0.45514617960204734
2.6966108484514453,2.6035942088649695,0.2656398285689101,0.08970519569523075,0.46291245768634853
2.6966108484514453,2.954193243675798,0.26581454524321496,0.08986097421484487,0.46296058805398455
2.6966108484514453,3.3047922784866257,0.2659824851186219,0.09247901404824492,0.4649812626870402
2.6966108484514453,3.655391313297454,0.2661435103722681,0.0927035586040911,0.46292210017368923
2.6966108484514453,4.005990348108282,0.2662974580873788,0.09293086210202016,0.4643583962443875
2.6966108484514453,4.35658938291911,0.26644413467374933,0.0864167938207507,0.4575392244864868
2.6966108484514453,4.707188417729939,0.2665833152615103,0.08664923292748422,0.4580688680121694
2.6966108484514453,5.057787452540768,0.26671474939481926,0.09084870770901796,0.4623020069117141
2.6966108484514453,5.408386487351596,0.26683817307290386,0.09102363762129174,0.4636294635976419
2.6966108484514453,5.758985522162424,0.26695332580163034,0.07719381024320283,0.448026576144922
2.6966108484514453,6.109584556973252,0.26705997030780493,0.07767910196221083,0.448503930585106
2.6966108484514453,6.46018359178408,0.26715791227004393,0.07796205333049426,0.44887612386423553
2.6966108484514453,6.810782626594908,0.2672470178091927,0.07698106321125599,0.447501602602842
2.6966108484514453,7.161381661405737,0.26732722716884755,0.07700175950962404,0.4470407368341177
2.6966108484514453,7.511980696216565,0.2673985635866549,0.07706872347223366,0.4466060789721142
2.6966108484514453,7.8625797310273935,0.26746113673490873,0.0771820637303588,0.44619716039925345
2.6966108484514453,8.213178765838222,0.26751514054725606,0.07734181034533529,0.4458135331867459
2.6966108484514453,8.56377780064905,0.2675608459665545,0.07754794628839877,0.4454547705467584
2.6966108484514453,8.914376835459878,0.2675985900429329,0.07780044294074427,0.4451204669749161
2.6966108484514453,9.264975870270705,0.2676287634831193,0.07612537879063472,0.4423327793698937
2.6966108484514453,9.615574905081534,0.2676517987542998,0.07758383248240194,0.4425826524357958
2.6966108484514453,9.96617393989236,0.26766815996174426,0.08072219713352387,0.44426057067912345
2.6966108484514453,10.316772974703191,0.2676783341892579,0.08066863903024084,0.4440204651076987
2.6966108484514453,10.667372009514018,0.26768282253939707,0.08145005336366257,0.444606668034824
2.6966108484514453,11.017971044324847,0.2676821286294635,0.09098610276434438,0.45343115138784273
2.6966108484514453,11.368570079135674,0.2676767432847194,0.09137936056713973,0.4522099797261178
2.6966108484514453,11.719169113946503,0.2676671262562919,0.09177510368218343,0.45141585702385784
2.6966108484514453,12.069768148757332,0.2676536878017241,0.09208649038995921,0.45016678579485947
2.6966108484514453,12.420367183568159,0.26763677363127547,0.09237581171732014,0.44922881744492693
2.6966108484514453,12.77096621837899,0.2676166556389471,0.09266535244294684,0.44832280847314077
2.6966108484514453,13.121565253189816,0.2675935288353334,0.09295411118808272,0.44923861426907263
2.6966108484514453,13.472164288000645,0.2675675133918226,0.09324096284132001,0.4508949795187776
2.6966108484514453,13.822763322811472,0.2675386605155708,0.08183794699007121,0.4403490489146066
2.6966108484514453,14.1733623576223,0.26750696159368376,0.08738874398322859,0.4448412642611401
2.6966108484514453,14.523961392433128,0.2674723605282549,0.08844074218807843,0.44402350306341803
2.6966108484514453,14.874560427243956,0.2674347687104905,0.08834932317865814,0.4432253978148173
2.6966108484514453,15.225159462054787,0.2673940810099056,0.0880202205632102,0.4429365164218238
2.6966108484514453,15.575758496865614,0.26735019045649167,0.08769094464154513,0.4430355243056354
2.6966108484514453,15.926357531676443,0.2673029995920778,0.08592494149928626,0.4412934642004715
2.6966108484514453,16.276956566487268,0.26725242757349404,0.08622583852629602,0.4419144570228242
2.6966108484514453,16.6275556012981,0.26719841334264943,0.0954036570168639,0.4480646991754412
2.6966108484514453,16.978154636108926,0.26714091595376266,0.09556367323819681,0.4460953436543741
2.6966108484514453,17.328753670919756,0.267079913306856,0.09564213813202044,0.44691996829137387
2.6966108484514453,17.679352705730587,0.2670154002804847,0.09563839736559918,0.44776842362234537
2.6966108484514453,18.029951740541414,0.26694738689128245,0.09353792874051278,0.4448793898868942
2.6966108484514453,18.38055077535224,0.2668758968355457,0.09505268116586542,0.44574660899019336
2.6966108484514453,18.73114981016307,0.26680096663108815,0.0961703483663806,0.4468268142205298
2.6966108484514453,19.081748844973898,0.26672264551563984,0.0958279201403495,0.44796240643614044
2.6966108484514453,19.432347879784725,0.266640996190158,0.10400827694987859,0.4548023036067077
2.6966108484514453,19.782946914595552,0.2665560963730568,0.10453792444976884,0.4549204938261342
2.6966108484514453,20.133545949406383,0.2664680409582279,0.10252961571329641,0.4516888974492661
2.6966108484514453,20.48414498421721,0.26637694439633686,0.11028807760810079,0.45960011600200196
2.6966108484514453,20.834744019028037,0.26628294281419695,0.10916863941685949,0.45641464017068956
2.6966108484514453,21.185343053838867,0.26618619539728794,0.11259209323621439,0.459030898641059
2.6966108484514453,21.535942088649698,0.2660868846812669,0.1099155631416709,0.4552493907400722
2.6966108484514453,21.886541123460525,0.2659852155794216,0.11092607314373237,0.4557955559986244
2.6966108484514453,22.23714015827135,0.26588141315048924,0.11064001566286134,0.4552776444804989
2.6966108484514453,22.587739193082182,0.26577571924150584,0.11044779314318832,0.4553093700491146
2.6966108484514453,22.93833822789301,0.2656683882148512,0.11384439719365624,0.4595158126072775
2.6966108484514453,23.288937262703836,0.2655596820054339,0.11168144176921735,0.4573995406068528
2.6966108484514453,23.639536297514667,0.26544986477720384,0.11069596386736841,0.4557271462908177
2.6966108484514453,23.990135332325494,0.2653391974710985,0.11834095067407865,0.4630831696802175
2.6966108484514453,24.34073436713632,0.2652279325561488,0.11907337041634644,0.4642360152506962
2.6966108484514453,24.691333401947148,0.265116309298482,0.11451460940378175,0.459525639124723
2.6966108484514453,25.04193243675798,0.26500454983588867,0.11293579822521747,0.45834627421829877
2.6966108484514453,25.392531471568805,0.2648928562827231,0.10938621678882698,0.45495567376003443
2.6966108484514453,25.743130506379632,0.26478140899599256,0.11061931325476913,0.45611756502426976
2.6966108484514453,26.093729541190463,0.26467036602234073,0.1141940774787514,0.45675639334754187
2.6966108484514453,26.444328576001293,0.2645598636366105,0.1144839119017251,0.45597985325732193
2.6966108484514453,26.79492761081212,0.2644500177975809,0.11476925359177687,0.4563366721189558
2.6966108484514453,27.145526645622947,0.2643409263067751,0.11432707232493416,0.4567735895413744
2.6966108484514453,27.496125680433778,0.26423267147857243,0.11303535543976276,0.4570931946494559
2.6966108484514453,27.846724715244605,0.2641253232161711,0.11043920732897179,0.45784594921683563
2.6966108484514453,28.197323750055432,0.2640189425103867,0.10984625508160613,0.4586191173506741
2.6966108484514453,28.54792278486626,0.2639135854684054,0.1120862225089801,0.46254015616955707
2.6966108484514453,28.89852181967709,0.26380930794210583,0.11038186448449616,0.46102710419020076
2.6966108484514453,29.249120854487916,0.2637061705913788,0.11071406025197775,0.46106336638538953
2.6966108484514453,29.599719889298743,0.2636042438188947,0.11047366297210572,0.46192060868614016
2.6966108484514453,29.950318924109574,0.2635036116158259,0.10265376188113987,0.45420752245109525
2.6966108484514453,30.3009179589204,0.26340437319760157,0.10261794899005557,0.45471465062518474
2.6966108484514453,30.651516993731228,0.26330664154397476,0.10258969538993035,0.45472782767845593
2.6966108484514453,31.002116028542055,0.26321053857537813,0.10807186274075636,0.46002834396192405
2.6966108484514453,31.352715063352885,0.2631161875411288,0.10746463472820451,0.46028968801607834
2.6966108484514453,31.703314098163716,0.2630237040396661,0.10253707585771092,0.455659210510715
2.6966108484514453,32.05391313297454,0.2629331876624358,0.10625548938387354,0.45667202451531436
2.6966108484514453,32.40451216778537,0.26284471626389466,0.11454973148471476,0.46842219644670263
2.6966108484514453,32.7551112025962,0.2627583441801048,0.11201487853005432,0.46429602912233303
2.6966108484514453,33.105710237407024,0.26267410455511064,0.11149162327038183,0.46149976231643264
2.6966108484514453,33.45630927221785,0.2625920147711948,0.11362700779771698,0.46329560373107964
2.6966108484514453,33.806908307028685,0.2625120832715806,0.11332171124117132,0.4619411814093048
2.6966108484514453,34.15750734183951,0.2624343159777543,0.11301697470168408,0.46215332860064456
2.6966108484514453,34.50810637665034,0.2623587209051373,0.1125802508476086,0.46235996783818806
2.6966108484514453,34.858705411461166,0.26228531021426227,0.11213392148248051,0.4625612534114462
2.6966108484514453,35.20930444627199,0.26221409958736785,0.11169993385060133,0.46275734264020524
2.7549472185509165,0.5,0.26509546838814935,0.07301508455414549,0.45413215429725345
2.7549472185509165,0.8505990348108282,0.26530375827224073,0.07880399425170831,0.456994402326238
2.7549472185509165,1.2011980696216566,0.2655062716018807,0.08014653357306914,0.4587698947992431
2.7549472185509165,1.5517971044324848,0.2657028344122212,0.07969363709549265,0.4576034986043925
2.7549472185509165,1.9023961392433129,0.2658932891741998,0.07914711721556172,0.4564038935900612
2.7549472185509165,2.2529951740541407,0.26607749471359093,0.07863051521813763,0.455172665187471
2.7549472185509165,2.6035942088649695,0.2662553257096651,0.0788618342741299,0.45660872233957217
2.7549472185509165,2.954193243675798,0.26642667087430894,0.09236032124514504,0.47096913469753465
2.7549472185509165,3.3047922784866257,0.2665914288962356,0.09267523719388121,0.47014646693345075
2.7549472185509165,3.655391313297454,0.2667495018138169,0.07521693989269124,0.45257889470972
2.7549472185509165,4.005990348108282,0.266900786513679,0.08965984472071346,0.46604248460410147
2.7549472185509165,4.35658938291911,0.26704516610853146,0.08981659735714342,0.46583830047112695
2.7549472185509165,4.707188417729939,0.2671825035397186,0.0935400294768342,0.4681571511937791
2.7549472185509165,5.057787452540768,0.2673126395995016,0.09376357177591796,0.46933542514074983
2.7549472185509165,5.408386487351596,0.26743539671515526,0.09399047247249019,0.4712783247784945
2.7549472185509165,5.758985522162424,0.2675505885721603,0.07264442875380213,0.45015995442010237
2.7549472185509165,6.109584556973252,0.2676580343769042,0.07192158080710716,0.450574077620943
2.7549472185509165,6.46018359178408,0.26775757564928326,0.08557733582806094,0.4638579820261988
2.7549472185509165,6.810782626594908,0.2678490931272347,0.08594943000763756,0.4628663252404992
2.7549472185509165,7.161381661405737,0.26793252163751946,0.08740811132545111,0.462994348289388
2.7549472185509165,7.511980696216565,0.26800786137506644,0.08764445263031359,0.4630418696780522
2.7549472185509165,7.8625797310273935,0.2680751846371297,0.08788240094231997,0.4634799198209905
2.7549472185509165,8.213178765838222,0.26813463757806977,0.07588861956169773,0.45022863188483914
2.7549472185509165,8.56377780064905,0.2681864370879524,0.07614302219695067,0.4491806249240835
2.7549472185509165,8.914376835459878,0.2682308635427482,0.07644591748592519,0.4482264756959143
2.7549472185509165,9.264975870270705,0.26826825081852984,0.07598611353510817,0.44610367670391043
2.7549472185509165,9.615574905081534,0.26829897531277397,0.0771958776448985,0.4455786694626012
2.7549472185509165,9.96617393989236,0.26832344547399417,0.07885268094671653,0.4458089351400958
2.7549472185509165,10.316772974703191,0.2683420924517624,0.07972242269773215,0.4466151151313007
2.7549472185509165,10.667372009514018,0.2683553612825075,0.07867549625240229,0.4445365137991866
2.7549472185509165,11.017971044324847,0.26836370116207137,0.07926188807569742,0.4443845440857524
2.7549472185509165,11.368570079135674,0.26836755343285945,0.07984004068138609,0.4442536347751877
2.7549472185509165,11.719169113946503,0.2683673370881842,0.07991169180670966,0.4441435014743586
2.7549472185509165,12.069768148757332,0.2683634333086588,0.09162678190381358,0.455281881230838
2.7549472185509165,12.420367183568159,0.2683561717285675,0.09119698943834648,0.45400670629537226
2.7549472185509165,12.77096621837899,0.26834582093679343,0.09146790606645529,0.45420728602903243
2.7549472185509165,13.121565253189816,0.2683325842246719,0.08930801531426633,0.45100408822034777
2.7549472185509165,13.472164288000645,0.26831659982206063,0.08947189978290006,0.45133792666462297
2.7549472185509165,13.822763322811472,0.26829794401972373,0.08914381803421095,0.4504887362384644
2.7549472185509165,14.1733623576223,0.26827663610447205,0.08881275559346315,0.4496595751401625
2.7549472185509165,14.523961392433128,0.26825264523973363,0.08372158814978771,0.44398017715178334
2.7549472185509165,14.874560427243956,0.2682259000682941,0.08814432225981207,0.4480608949026239
2.7549472185509165,15.225159462054787,0.2681963012202798,0.08780846032213033,0.44729113979548235
2.7549472185509165,15.575758496865614,0.2681637355438545,0.08747262543831613,0.4465409413405373
2.7549472185509165,15.926357531676443,0.2681280898319895,0.08713773618528778,0.44581016684526664
2.7549472185509165,16.276956566487268,0.26808926182364734,0.0868047576160752,0.4457675308172466
2.7549472185509165,16.6275556012981,0.26804716719704486,0.08647468688249885,0.4449925616820975
2.7549472185509165,16.978154636108926,0.26800174249486364,0.08569695864030512,0.44482536280850826
2.7549472185509165,17.328753670919756,0.26795294482627807,0.08917097815311076,0.44805289477597615
2.7549472185509165,17.679352705730587,0.26790074956168847,0.09477239828600832,0.451303926180835
2.7549472185509165,18.029951740541414,0.2678451471922341,0.0947560785564799,0.44969701953313995
2.7549472185509165,18.38055077535224,0.2677861402943591,0.09312586289146313,0.4481395432858181
2.7549472185509165,18.73114981016307,0.2677237412762076,0.09428258180085983,0.4492044106978139
2.7549472185509165,19.081748844973898,0.2676579713338023,0.09392936152611078,0.44920698751220606
2.7549472185509165,19.432347879784725,0.26758886079874294,0.09471231849090232,0.4514949842348024
2.7549472185509165,19.782946914595552,0.26751645080478875,0.1011329357067167,0.4576100588237728
2.7549472185509165,20.133545949406383,0.2674407959567152,0.10060343272567791,0.4539907302905616
2.7549472185509165,20.48414498421721,0.26736196749698166,0.10208250426881642,0.45531086915210717
2.7549472185509165,20.834744019028037,0.2672800563842263,0.10371864597637492,0.457214111867539
2.7549472185509165,21.185343053838867,0.2671951757450831,0.10906823406039519,0.4620555583917398
2.7549472185509165,21.535942088649698,0.2671074623121106,0.10943840630010329,0.4611974352824491
2.7549472185509165,21.886541123460525,0.26701707665282887,0.10980344022373725,0.4610197602006138
2.7549472185509165,22.23714015827135,0.26692420216261453,0.10988874840721631,0.46087774022372835
2.7549472185509165,22.587739193082182,0.26682904290337583,0.10727444201276658,0.4567852505860855
2.7549472185509165,22.93833822789301,0.2667318204263753,0.10783586129730068,0.4572862434827582
2.7549472185509165,23.288937262703836,0.2666327697498965,0.11120709388690957,0.4605916300066981
2.7549472185509165,23.639536297514667,0.2665321346964353,0.111543047251111,0.4595979173111007
2.7549472185509165,23.990135332325494,0.26643016283692905,0.11187285600722092,0.4595246812716164
2.7549472185509165,24.34073436713632,0.26632710033050044,0.1121965255543136,0.4601833918405642
2.7549472185509165,24.691333401947148,0.266223186969642,0.11251410787399513,0.46088220945714825
2.7549472185509165,25.04193243675798,0.2661186517297806,0.11436943842768019,0.463624875337392
2.7549472185509165,25.392531471568805,0.26601370907627064,0.1131314382147903,0.4624520068978401
2.7549472185509165,25.743130506379632,0.265908556208392,0.11230622952866337,0.4613871493859732
2.7549472185509165,26.093729541190463,0.26580337133165666,0.11284591507294946,0.46217108888715824
2.7549472185509165,26.444328576001293,0.2656983129605131,0.11401548750076919,0.46296077937257407
2.7549472185509165,26.79492761081212,0.26559352017632143,0.11390040800443084,0.46197858121012825
2.7549472185509165,27.145526645622947,0.26548911371283407,0.11116157716844467,0.4586979293401834
2.7549472185509165,27.496125680433778,0.265385197726641,0.1116250824302762,0.45866968362659505
2.7549472185509165,27.846724715244605,0.2652818621440124,0.1110127100012581,0.45898586781075873
2.7549472185509165,28.197323750055432,0.26517918555555464,0.1085610311531022,0.4593740935044762
2.7549472185509165,28.54792278486626,0.26507723872285116,0.10745452679272287,0.4601116583243967
2.7549472185509165,28.89852181967709,0.26497608879509643,0.10766601799413739,0.4608677946631038
2.7549472185509165,29.249120854487916,0.2648758042206184,0.10792047521612566,0.46164279989311563
2.7549472185509165,29.599719889298743,0.2647764600329199,0.11275687346359135,0.4668692241727451
2.7549472185509165,29.950318924109574,0.2646781427568738,0.11214313305360382,0.4660905407129418
2.7549472185509165,30.3009179589204,0.26458095380259405,0.11152826738956449,0.4656958949221474
2.7549472185509165,30.651516993731228,0.2644850101213689,0.10936814856506587,0.46225711048209733
2.7549472185509165,31.002116028542055,0.2643904412411164,0.10744916629278235,0.46194700141285683
2.7549472185509165,31.352715063352885,0.2642973825744597,0.10968190342639528,0.46444861868927156
2.7549472185509165,31.703314098163716,0.2642059659366142,0.10906754908870056,0.46401055570971783
2.7549472185509165,32.05391313297454,0.26411630921014534,0.10845459743957542,0.4635606919088872
2.7549472185509165,32.40451216778537,0.2640285076296843,0.10784356083274463,0.4629840286307845
2.7549472185509165,32.7551112025962,0.26394262888360404,0.10959522344695742,0.46493076298620817
2.7549472185509165,33.105710237407024,0.2638587131406753,0.10909399370547128,0.4638310826659249
2.7549472185509165,33.45630927221785,0.2637767776511789,0.10860150931245574,0.4636867914228906
2.7549472185509165,33.806908307028685,0.26369682437365766,0.10811792538088462,0.46393295045752364
2.7549472185509165,34.15750734183951,0.26361884855607276,0.10764338203184443,0.4641921416435067
2.7549472185509165,34.50810637665034,0.26354284636637487,0.10717800386241363,0.46446792951394816
2.7549472185509165,34.858705411461166,0.2634688202522802,0.10981029319520207,0.4657147352029255
2.7549472185509165,35.20930444627199,0.2633967814014148,0.10940401013260705,0.4650809687341523
2.8132835886503886,0.5,0.26567454786221206,0.07261156961416373,0.45529998012906553
2.8132835886503886,0.8505990348108282,0.2658784396256509,0.0766324233384276,0.45789966840289537
2.8132835886503886,1.2011980696216566,0.26607683468464094,0.07665276959817291,0.45704889614681693
2.8132835886503886,1.5517971044324848,0.2662695280763912,0.07666835010957339,0.45623192047158573
2.8132835886503886,1.9023961392433129,0.26645632784596407,0.07668155857305474,0.455815332422432
2.8132835886503886,2.2529951740541407,0.2666370582883168,0.07669464187524959,0.4568296189021145
2.8132835886503886,2.6035942088649695,0.2668115640593002,0.07628069064472738,0.45780359613775995
2.8132835886503886,2.954193243675798,0.2669797140590742,0.07585000290005255,0.4587349143893744
2.8132835886503886,3.3047922784866257,0.2671414034743694,0.08868603574535178,0.47103418400804625
2.8132835886503886,3.655391313297454,0.2672965524644853,0.08883035981255735,0.4711864397854117
2.8132835886503886,4.005990348108282,0.267445100777867,0.08897656550298398,0.47216090170826963
2.8132835886503886,4.35658938291911,0.2675869988425314,0.09346534678892862,0.4754608171811908
2.8132835886503886,4.707188417729939,0.26772219711461553,0.09367664069245782,0.4738449443826272
2.8132835886503886,5.057787452540768,0.26785063624161654,0.0733721265375853,0.45245509478115964
2.8132835886503886,5.408386487351596,0.26797224066035746,0.07263767614604523,0.4536242838382605
2.8132835886503886,5.758985522162424,0.26808691761911546,0.09431890423786177,0.4758785219583271
2.8132835886503886,6.109584556973252,0.2681945624715273,0.09453973966622005,0.47646168000544187
2.8132835886503886,6.46018359178408,0.26829506970354317,0.09469299414811339,0.47685168594711186
2.8132835886503886,6.810782626594908,0.26838834786501925,0.08557456599832818,0.46628741674894036
2.8132835886503886,7.161381661405737,0.2684743357665136,0.08593783654201222,0.46571275112777455
2.8132835886503886,7.511980696216565,0.2685530172209688,0.08630179886301778,0.4650877898545024
2.8132835886503886,7.8625797310273935,0.26862443219245513,0.0866664173928728,0.46441140858553215
2.8132835886503886,8.213178765838222,0.2686886831213545,0.08703168914953577,0.463682585721627
2.8132835886503886,8.56377780064905,0.2687459360910661,0.08739764425965986,0.46290044135675446
2.8132835886503886,8.914376835459878,0.2687964172511647,0.08767313207909519,0.4623705649927246
2.8132835886503886,9.264975870270705,0.26884040551842636,0.08790564088378676,0.46300906556510146
2.8132835886503886,9.615574905081534,0.26887822299588343,0.09169108984543817,0.4662953119997056
2.8132835886503886,9.96617393989236,0.2689102246344786,0.09189498239447602,0.46522845095307047
2.8132835886503886,10.316772974703191,0.26893678828778167,0.0921047182819837,0.4647290148621902
2.8132835886503886,10.667372009514018,0.2689583055332667,0.0918256265437545,0.4652430560831949
2.8132835886503886,11.017971044324847,0.2689751727496986,0.08909602907660413,0.4629364531277821
2.8132835886503886,11.368570079135674,0.2689877814255899,0.08899987465714,0.4611707752848097
2.8132835886503886,11.719169113946503,0.2689965069598098,0.09074070754441015,0.460208447478457
2.8132835886503886,12.069768148757332,0.2690016963102125,0.09062258658642493,0.45926680128054775
2.8132835886503886,12.420367183568159,0.26900365612570926,0.09150318858148,0.4601901095721431
2.8132835886503886,12.77096621837899,0.2690026435443831,0.08998324550846014,0.4580691050207101
2.8132835886503886,13.121565253189816,0.26899886116184873,0.08965555865285327,0.45679341106072613
2.8132835886503886,13.472164288000645,0.2689924561467552,0.0893232337209497,0.4557052927030974
2.8132835886503886,13.822763322811472,0.2689835221199389,0.0889868865567516,0.4548657163785188
2.8132835886503886,14.1733623576223,0.2689721021574392,0.08864720586481051,0.45404625918827124
2.8132835886503886,14.523961392433128,0.26895819227394796,0.08619650686045927,0.45062946919572694
2.8132835886503886,14.874560427243956,0.2689417461574161,0.08795189197041539,0.4518689772233831
2.8132835886503886,15.225159462054787,0.26892268253948426,0.08979657888087364,0.45339843293413207
2.8132835886503886,15.575758496865614,0.26890089582147264,0.09023881860503886,0.45260051372131904
2.8132835886503886,15.926357531676443,0.2688762689863322,0.0914285670058995,0.4523935481810293
2.8132835886503886,16.276956566487268,0.2688486865595692,0.09264540851985786,0.45267319581483856
2.8132835886503886,16.6275556012981,0.2688180452018991,0.09298872283798335,0.45375704656152527
2.8132835886503886,16.978154636108926,0.268784260352974,0.09319010907978267,0.4548587288830948
2.8132835886503886,17.328753670919756,0.2687472685887007,0.0933791036005281,0.45597799681164036
2.8132835886503886,17.679352705730587,0.2687070264079436,0.08851331432415842,0.4506919056773994
2.8132835886503886,18.029951740541414,0.26866350675409006,0.08969748264707174,0.4506312513022531
2.8132835886503886,18.38055077535224,0.2686166947197484,0.09093514617439358,0.4514506371030921
2.8132835886503886,18.73114981016307,0.2685665837093749,0.09221892003837133,0.4522945006619283
2.8132835886503886,19.081748844973898,0.26851317296914917,0.09312245492911257,0.4531628044941153
2.8132835886503886,19.432347879784725,0.2684564669368799,0.09418181979586565,0.45439959773764504
2.8132835886503886,19.782946914595552,0.2683964764141838,0.09626977159627823,0.45623759854880946
2.8132835886503886,20.133545949406383,0.2683332212063258,0.0976613302111032,0.457025067473758
2.8132835886503886,20.48414498421721,0.2682667336644675,0.0988260750403965,0.4577184644927301
2.8132835886503886,20.834744019028037,0.2681970625049046,0.10107778565329752,0.4595961257473517
2.8132835886503886,21.185343053838867,0.26812427633691277,0.10182118666616374,0.4604463805342068
2.8132835886503886,21.535942088649698,0.2680484664551658,0.10895924022720488,0.46750981620528864
2.8132835886503886,21.886541123460525,0.26796974859636186,0.10932406779066746,0.4643455149965813
2.8132835886503886,22.23714015827135,0.2678882634898375,0.1088681907259655,0.46481996359223604
2.8132835886503886,22.587739193082182,0.26780417613706997,0.11827399224734558,0.47441585339616654
2.8132835886503886,22.93833822789301,0.2677176738413684,0.11328355661737945,0.46949569127630497
2.8132835886503886,23.288937262703836,0.2676289630890357,0.10482082712348421,0.45918815805559493
2.8132835886503886,23.639536297514667,0.2675382654630589,0.11974076696515623,0.4736304997677148
2.8132835886503886,23.990135332325494,0.26744581284507557,0.11087226952624658,0.4638495582697965
2.8132835886503886,24.34073436713632,0.26735184221843494,0.1117264025399286,0.4637415713941001
2.8132835886503886,24.691333401947148,0.26725659041198496,0.11204590414880011,0.4650494827006029
2.8132835886503886,25.04193243675798,0.2671602891143706,0.10949017170925213,0.46351135102447016
2.8132835886503886,25.392531471568805,0.2670631604444537,0.11004593248686975,0.4633906560445235
2.8132835886503886,25.743130506379632,0.26696541329459234,0.11059826631341813,0.4638014639640128
2.8132835886503886,26.093729541190463,0.26686724058313854,0.11326412857429659,0.46520616945145987
2.8132835886503886,26.444328576001293,0.26676881747335096,0.11355439437406878,0.4666353104684634
2.8132835886503886,26.79492761081212,0.2666703005476279,0.11866396129794858,0.47059878102413394
2.8132835886503886,27.145526645622947,0.26657182787523964,0.11411921715611921,0.4664872210672285
2.8132835886503886,27.496125680433778,0.2664735198848459,0.11327052735328472,0.4660844697990027
2.8132835886503886,27.846724715244605,0.26637548095790187,0.11066764321630256,0.4646213306274721
2.8132835886503886,28.197323750055432,0.2662778017014269,0.11427874438850859,0.46872527259253627
2.8132835886503886,28.54792278486626,0.2661805619296698,0.11476629526409807,0.4694904850008543
2.8132835886503886,28.89852181967709,0.2660838344441021,0.11524186267441865,0.4702657422953601
2.8132835886503886,29.249120854487916,0.26598768967694186,0.11478138582776563,0.4710508264799056
2.8132835886503886,29.599719889298743,0.2658922010791444,0.10559438170620357,0.46305403460416905
2.8132835886503886,29.950318924109574,0.26579745077001343,0.10585736206799148,0.4638130485530686
2.8132835886503886,30.3009179589204,0.2657035345113693,0.10992343995891654,0.4681451670241227
2.8132835886503886,30.651516993731228,0.26561056471866756,0.11160820581446426,0.4684803533807384
2.8132835886503886,31.002116028542055,0.26551867020038566,0.11233304257682394,0.469254413715652
2.8132835886503886,31.352715063352885,0.2654279917805311,0.11186967127213908,0.46905052393735547
2.8132835886503886,31.703314098163716,0.2653386739099424,0.11141436824768249,0.4692943320560717
2.8132835886503886,32.05391313297454,0.265250853604074,0.11081904735509371,0.4695172453680509
2.8132835886503886,32.40451216778537,0.2651646491265421,0.10654525487369235,0.46466959100215266
2.8132835886503886,32.7551112025962,0.26508015123425754,0.10900094614397005,0.468565370563754
2.8132835886503886,33.105710237407024,0.2649974191892555,0.10896371182210172,0.47011429869821786
2.8132835886503886,33.45630927221785,0.26491648231079423,0.08869238622060109,0.45043271166349913
2.8132835886503886,33.806908307028685,0.2648373462309753,0.08931853517864312,0.4505291850544586
2.8132835886503886,34.15750734183951,0.26476000190891763,0.08933210377973116,0.4506300905462031
2.8132835886503886,34.50810637665034,0.26468443516390244,0.08935142988672798,0.4511180390585473
2.8132835886503886,34.858705411461166,0.26461063487412223,0.08875201181094135,0.45118297548295166
2.8132835886503886,35.20930444627199,0.2645385986965142,0.08876555907584953,0.45096641478726585
2.8716199587498608,0.5,0.2661980592603182,0.07297488179342931,0.4574236434480206
2.8716199587498608,0.8505990348108282,0.2663976757599594,0.07445319877585418,0.45887556221562215
2.8716199587498608,1.2011980696216566,0.26659211045268716,0.07447709145629036,0.45669587765047387
2.8716199587498608,1.5517971044324848,0.2667811302925286,0.07449527969972135,0.4564286548825949
2.8716199587498608,1.9023961392433129,0.2669645104036933,0.07451026587490459,0.4572406963642613
2.8716199587498608,2.2529951740541407,0.2671420391654226,0.07329875012644872,0.4559121046578308
2.8716199587498608,2.6035942088649695,0.26731352518509405,0.07352277788490746,0.45565466285949074
2.8716199587498608,2.954193243675798,0.26747880534438273,0.07374909150236099,0.455894222200667
2.8716199587498608,3.3047922784866257,0.26763775231194487,0.07373428808161016,0.45741224403682873
2.8716199587498608,3.655391313297454,0.2677902794778913,0.0733883916520725,0.4593092900410463
2.8716199587498608,4.005990348108282,0.26793634139789924,0.06876483940636943,0.45453955786576067
2.8716199587498608,4.35658938291911,0.26807592861095825,0.08843771337651611,0.4727196346922861
2.8716199587498608,4.707188417729939,0.26820905700320846,0.0885796949580514,0.4734461688025773
2.8716199587498608,5.057787452540768,0.2683357534280305,0.08872359031813519,0.4758376082908372
2.8716199587498608,5.408386487351596,0.2684560406081752,0.07190617487422205,0.4583772836508313
2.8716199587498608,5.758985522162424,0.2685699249634449,0.0712086231117095,0.4570004056285327
2.8716199587498608,6.109584556973252,0.2686773906084734,0.0705226959149903,0.4560282764252821
2.8716199587498608,6.46018359178408,0.26877840134886877,0.06985058824844333,0.4566186725191719
2.8716199587498608,6.810782626594908,0.2688729104509994,0.09379674647536768,0.47935879627200545
2.8716199587498608,7.161381661405737,0.268960875946849,0.09413795498483347,0.47813211387068005
2.8716199587498608,7.511980696216565,0.26904227797470603,0.094486817860711,0.4791748886647091
2.8716199587498608,7.8625797310273935,0.2691171345478216,0.09374537579092698,0.4780188297154122
2.8716199587498608,8.213178765838222,0.2691855130503211,0.08634818266860404,0.4691511090803766
2.8716199587498608,8.56377780064905,0.2692475361399572,0.08656908659082437,0.46845672532213534
2.8716199587498608,8.914376835459878,0.2693033820276802,0.08679025356544107,0.4684198962461495
2.8716199587498608,9.264975870270705,0.2693532800116014,0.09065141824929182,0.47122051093028594
2.8716199587498608,9.615574905081534,0.26939750263894163,0.09083480984383152,0.47014299245854807
2.8716199587498608,9.96617393989236,0.26943635602552696,0.09102297065711408,0.469086604422295
2.8716199587498608,10.316772974703191,0.26947016973143784,0.09121627049940094,0.4680512862874489
2.8716199587498608,10.667372009514018,0.2694992871766473,0.09141510928953953,0.467309002004509
2.8716199587498608,11.017971044324847,0.2695240568991471,0.09145543427733475,0.46679120206568137
2.8716199587498608,11.368570079135674,0.26954482420918346,0.09115552984044935,0.46666831102338624
2.8716199587498608,11.719169113946503,0.26956192242260585,0.09026347394571399,0.4644648195681974
2.8716199587498608,12.069768148757332,0.2695756632548784,0.09227484930914362,0.4649841933725663
2.8716199587498608,12.420367183568159,0.269586326989903,0.09250833887321573,0.46527104613728576
2.8716199587498608,12.77096621837899,0.2695941539829475,0.09275029005283478,0.46578295840553496
2.8716199587498608,13.121565253189816,0.2695993391485228,0.0886023960898847,0.46179256057856405
2.8716199587498608,13.472164288000645,0.26960203014621276,0.08920246253317111,0.46318399648952113
2.8716199587498608,13.822763322811472,0.269602328573603,0.07889688468225883,0.4523898233621988
2.8716199587498608,14.1733623576223,0.26960029252439943,0.07926472629446552,0.45182469502762823
2.8716199587498608,14.523961392433128,0.26959593905083545,0.07968456524390131,0.4513290320220589
2.8716199587498608,14.874560427243956,0.2695892463242902,0.08622577689244966,0.456474900451907
2.8716199587498608,15.225159462054787,0.2695801567319059,0.08744464806536813,0.4557260600875521
2.8716199587498608,15.575758496865614,0.26956858264087274,0.08708930744386235,0.4549969219137588
2.8716199587498608,15.926357531676443,0.2695544156400215,0.08197373571056582,0.4500659302511588
2.8716199587498608,16.276956566487268,0.2695375383478613,0.08271213996887758,0.44993385226390487
2.8716199587498608,16.6275556012981,0.2695178365048384,0.08339699657957773,0.4508239432406856
2.8716199587498608,16.978154636108926,0.2694952088036217,0.09201183476394749,0.4593381028755314
2.8716199587498608,17.328753670919756,0.26946957271334,0.08532545264617995,0.45302186156366364
2.8716199587498608,17.679352705730587,0.26944086585522187,0.08414023221129728,0.45147392972072153
2.8716199587498608,18.029951740541414,0.269409043689264,0.09210711005902303,0.45926224978756686
2.8716199587498608,18.38055077535224,0.2693740750230423,0.09190347863420041,0.45878114776351786
2.8716199587498608,18.73114981016307,0.26933593706042014,0.09814567652685083,0.46456005560864444
2.8716199587498608,19.081748844973898,0.2692946114418956,0.0985674619911277,0.46406294959035727
2.8716199587498608,19.432347879784725,0.26925008216290724,0.09521552381759911,0.46002227936082674
2.8716199587498608,19.782946914595552,0.2692023356187466,0.09317905418738304,0.4576910099943227
2.8716199587498608,20.133545949406383,0.2691513625216322,0.10554375831189625,0.469036539359792
2.8716199587498608,20.48414498421721,0.2690971611707471,0.10671365812572729,0.4690078643101559
2.8716199587498608,20.834744019028037,0.2690397415033621,0.10773598693491453,0.46896612361982676
2.8716199587498608,21.185343053838867,0.26897912941077723,0.10895546871943922,0.46891203765068723
2.8716199587498608,21.535942088649698,0.2689153708696997,0.10847565078583207,0.4682864922592127
2.8716199587498608,21.886541123460525,0.2688485354795092,0.11021430166518147,0.4688420793597694
2.8716199587498608,22.23714015827135,0.26877871902581046,0.1120233002301358,0.4701056186219447
2.8716199587498608,22.587739193082182,0.2687060447476575,0.11282439873321806,0.47140185861948525
2.8716199587498608,22.93833822789301,0.2686306630922386,0.11622776533584883,0.4759414062155943
2.8716199587498608,23.288937262703836,0.26855274989086697,0.11663140733408632,0.4744306910323542
2.8716199587498608,23.639536297514667,0.268472503056734,0.10557625176374685,0.463558376983109
2.8716199587498608,23.990135332325494,0.26839013805541984,0.1046095311834743,0.4627272723328464
2.8716199587498608,24.34073436713632,0.2683058825088872,0.1168750511820254,0.47488510237882714
2.8716199587498608,24.691333401947148,0.26821997035103207,0.11750347058726317,0.47463481924463596
2.8716199587498608,25.04193243675798,0.2681326359581198,0.11807958306490249,0.47341233393823795
2.8716199587498608,25.392531471568805,0.2680441086386923,0.11787011891359363,0.47433656195871804
2.8716199587498608,25.743130506379632,0.26795460779700564,0.11250494987621963,0.47023670773911563
2.8716199587498608,26.093729541190463,0.26786433899554163,0.11395223350030272,0.47077042573538913
2.8716199587498608,26.444328576001293,0.26777349104903064,0.11494035895645584,0.4722232132579293
2.8716199587498608,26.79492761081212,0.26768223419600445,0.11433306956562726,0.4717317017816278
2.8716199587498608,27.145526645622947,0.26759071932237943,0.11445726774021497,0.47142843876363466
2.8716199587498608,27.496125680433778,0.2674990781609437,0.11161912523297156,0.46793322188536385
2.8716199587498608,27.846724715244605,0.2674074243670906,0.11181783058225331,0.4679885860198369
2.8716199587498608,28.197323750055432,0.2673158553821762,0.114477264664762,0.47197333319911466
2.8716199587498608,28.54792278486626,0.2672244550445526,0.11299755472050367,0.47014746924635614
2.8716199587498608,28.89852181967709,0.2671332969792764,0.11252577322609852,0.4703768613302808
2.8716199587498608,29.249120854487916,0.267042448843118,0.11206491558587912,0.4712019913916177
2.8716199587498608,29.599719889298743,0.26695197744682403,0.114623455476162,0.47412425310946404
2.8716199587498608,29.950318924109574,0.26686195455552525,0.10972612080159518,0.46874901986101497
2.8716199587498608,30.3009179589204,0.26677246277920635,0.11553481954951586,0.4749219680250285
2.8716199587498608,30.651516993731228,0.2666836005107917,0.11566850139736277,0.4752559639212637
2.8716199587498608,31.002116028542055,0.2665954845461142,0.11544063624232342,0.475550574970546
2.8716199587498608,31.352715063352885,0.2665082490556789,0.11557769183400765,0.4764324315264862
2.8716199587498608,31.703314098163716,0.26642204013992155,0.09482851267298152,0.45675412214786854
2.8716199587498608,32.05391313297454,0.26633700628827417,0.09515458024464216,0.45731256047615343
2.8716199587498608,32.40451216778537,0.2662532864106591,0.10522569824837787,0.4659745163447088
2.8716199587498608,32.7551112025962,0.2661709981782692,0.10506685773776833,0.4660890026757551
2.8716199587498608,33.105710237407024,0.26609022961128204,0.10700827456625105,0.4716262237205321
2.8716199587498608,33.45630927221785,0.2660110359527293,0.10715853283414631,0.47252057894458366
2.8716199587498608,33.806908307028685,0.26593344223600485,0.10679054465607375,0.4734375843754363
2.8716199587498608,34.15750734183951,0.2658574503451859,0.09729882048547721,0.46389093913829477
2.8716199587498608,34.50810637665034,0.26578304842945516,0.09765651338049874,0.4637570442029391
2.8716199587498608,34.858705411461166,0.2657102204521469,0.09801928022006086,0.46362370055521657
2.8716199587498608,35.20930444627199,0.265638954191956,0.09838722082583587,0.4635577866804041
