time	taxa
35.0	1.0
34.989997142040586	1.0
34.979994284081165	1.0
34.96999142612175	1.0
34.95998856816233	1.0
34.94998571020292	1.0
34.939982852243496	1.0
34.92997999428408	1.0
34.91997713632466	1.0
34.90997427836525	1.0
34.899971420405834	1.0
34.88996856244641	1.0
34.879965704487	1.0
34.86996284652758	1.0
34.859959988568164	1.0
34.84995713060874	1.0
34.83995427264933	1.0
34.82995141468991	1.0
34.819948556730495	1.0
34.80994569877108	1.0
34.79994284081166	1.0
34.789939982852246	1.0
34.779937124892825	1.0
34.76993426693341	1.0
34.75993140897399	1.0
34.74992855101458	1.0
34.739925693055156	1.0
34.72992283509574	1.0
34.71991997713632	1.0
34.70991711917691	1.0
34.699914261217494	1.0
34.68991140325807	1.0
34.67990854529866	1.0
34.66990568733924	1.0
34.659902829379824	1.0
34.6498999714204	1.0
34.63989711346099	1.0
34.62989425550157	1.0
34.619891397542155	1.0
34.60988853958274	1.0
34.59988568162332	1.0
34.589882823663906	1.0
34.579879965704485	1.0
34.56987710774507	1.0
34.55987424978565	1.0
34.54987139182624	1.0
34.539868533866816	1.0
34.5298656759074	1.0
34.51986281794799	1.0
34.50985995998857	1.0
34.499857102029154	1.0
34.48985424406973	1.0
34.47985138611032	1.0
34.4698485281509	1.0
34.459845670191484	1.0
34.44984281223206	1.0
34.43983995427265	1.0
34.429837096313236	1.0
34.419834238353815	1.0
34.4098313803944	1.0
34.39982852243498	1.0
34.389825664475566	1.0
34.379822806516145	1.0
34.36981994855673	1.0
34.35981709059731	1.0
34.3498142326379	1.0
34.33981137467848	1.0
34.32980851671906	1.0
34.31980565875965	1.0
34.30980280080023	1.0
34.299799942840814	1.0
34.28979708488139	1.0
34.27979422692198	1.0
34.26979136896256	1.0
34.259788511003144	1.0
34.24978565304372	1.0
34.23978279508431	1.0
34.229779937124896	1.0
34.219777079165475	1.0
34.20977422120606	1.0
34.19977136324664	1.0
34.189768505287226	1.0
34.179765647327805	1.0
34.16976278936839	1.0
34.15975993140897	1.0
34.14975707344956	1.0
34.13975421549014	1.0
34.12975135753072	1.0
34.11974849957131	1.0
34.10974564161189	1.0
34.099742783652474	1.0
34.08973992569305	1.0
34.07973706773364	1.0
34.06973420977422	1.0
34.059731351814804	1.0
34.04972849385539	1.0
34.03972563589597	1.0
34.029722777936556	1.0
34.019719919977135	1.0
34.00971706201772	1.0
33.9997142040583	1.0
33.989711346098886	1.0
33.979708488139465	1.0
33.96970563018005	1.0
33.95970277222064	1.0
33.94969991426122	2.0
33.9396970563018	2.0
33.92969419834238	2.0
33.91969134038297	2.0
33.90968848242355	2.0
33.899685624464134	2.0
33.88968276650471	2.0
33.8796799085453	2.0
33.86967705058588	2.0
33.859674192626464	2.0
33.84967133466705	2.0
33.83966847670763	2.0
33.829665618748216	2.0
33.819662760788795	2.0
33.80965990282938	2.0
33.79965704486996	2.0
33.789654186910546	2.0
33.77965132895113	2.0
33.76964847099171	2.0
33.7596456130323	2.0
33.74964275507288	2.0
33.73963989711346	2.0
33.72963703915404	2.0
33.71963418119463	2.0
33.70963132323521	2.0
33.699628465275794	2.0
33.68962560731637	2.0
33.67962274935696	2.0
33.669619891397545	2.0
33.659617033438124	2.0
33.64961417547871	2.0
33.63961131751929	2.0
33.629608459559876	2.0
33.619605601600455	2.0
33.60960274364104	2.0
33.59959988568162	2.0
33.589597027722206	2.0
33.57959416976279	2.0
33.56959131180337	2.0
33.55958845384396	2.0
33.54958559588454	2.0
33.53958273792512	2.0
33.5295798799657	2.0
33.51957702200629	2.0
33.50957416404687	2.0
33.499571306087454	2.0
33.48956844812804	2.0
33.47956559016862	2.0
33.469562732209205	2.0
33.459559874249784	2.0
33.44955701629037	2.0
33.43955415833095	2.0
33.429551300371536	2.0
33.419548442412115	2.0
33.4095455844527	2.0
33.39954272649328	2.0
33.389539868533866	2.0
33.37953701057445	2.0
33.36953415261503	2.0
33.35953129465562	2.0
33.3495284366962	2.0
33.33952557873678	2.0
33.32952272077736	2.0
33.31951986281795	2.0
33.309517004858535	2.0
33.299514146899114	2.0
33.2895112889397	2.0
33.27950843098028	2.0
33.269505573020865	2.0
33.259502715061444	2.0
33.24949985710203	2.0
33.23949699914261	2.0
33.229494141183196	2.0
33.219491283223775	2.0
33.20948842526436	2.0
33.19948556730495	2.0
33.189482709345526	2.0
33.17947985138611	2.0
33.16947699342669	2.0
33.15947413546728	2.0
33.14947127750786	2.0
33.13946841954844	2.0
33.12946556158902	2.0
33.11946270362961	2.0
33.109459845670195	2.0
33.099456987710774	2.0
33.08945412975136	2.0
33.07945127179194	2.0
33.069448413832525	2.0
33.059445555873104	2.0
33.04944269791369	2.0
33.03943983995427	2.0
33.029436981994856	2.0
33.01943412403544	2.0
33.00943126607602	2.0
32.99942840811661	2.0
32.989425550157186	2.0
32.97942269219777	2.0
32.96941983423835	2.0
32.95941697627894	2.0
32.94941411831952	2.0
32.9394112603601	2.0
32.92940840240068	2.0
32.91940554444127	2.0
32.909402686481855	2.0
32.899399828522434	2.0
32.88939697056302	2.0
32.8793941126036	2.0
32.869391254644185	2.0
32.859388396684764	2.0
32.84938553872535	2.0
32.83938268076594	2.0
32.829379822806516	2.0
32.8193769648471	2.0
32.80937410688768	2.0
32.79937124892827	2.0
32.789368390968846	2.0
32.77936553300943	2.0
32.76936267505001	2.0
32.7593598170906	2.0
32.74935695913118	2.0
32.73935410117176	2.0
32.72935124321235	2.0
32.71934838525293	2.0
32.709345527293515	2.0
32.699342669334094	2.0
32.68933981137468	2.0
32.67933695341526	2.0
32.669334095455845	2.0
32.659331237496424	2.0
32.64932837953701	2.0
32.6393255215776	2.0
32.629322663618176	2.0
32.61931980565876	2.0
32.60931694769934	2.0
32.59931408973993	2.0
32.589311231780506	2.0
32.57930837382109	2.0
32.56930551586167	2.0
32.55930265790226	2.0
32.549299799942844	2.0
32.53929694198342	2.0
32.52929408402401	2.0
32.51929122606459	2.0
32.509288368105175	2.0
32.499285510145754	2.0
32.48928265218634	2.0
32.47927979422692	2.0
32.469276936267505	2.0
32.459274078308084	2.0
32.44927122034867	2.0
32.43926836238926	2.0
32.429265504429836	2.0
32.41926264647042	2.0
32.409259788511	2.0
32.39925693055159	3.0
32.389254072592166	3.0
32.37925121463275	3.0
32.36924835667334	3.0
32.35924549871392	3.0
32.349242640754504	3.0
32.33923978279508	3.0
32.32923692483567	3.0
32.31923406687625	3.0
32.309231208916835	3.0
32.299228350957414	3.0
32.289225492998	3.0
32.27922263503858	3.0
32.269219777079165	3.0
32.25921691911975	3.0
32.24921406116033	3.0
32.23921120320092	3.0
32.229208345241496	3.0
32.21920548728208	3.0
32.20920262932266	3.0
32.19919977136325	3.0
32.189196913403826	3.0
32.17919405544441	3.0
32.169191197485	3.0
32.15918833952558	3.0
32.149185481566164	3.0
32.13918262360674	3.0
32.12917976564733	3.0
32.11917690768791	3.0
32.109174049728495	3.0
32.099171191769074	3.0
32.08916833380966	3.0
32.079165475850246	3.0
32.069162617890825	3.0
32.05915975993141	3.0
32.04915690197199	3.0
32.03915404401258	3.0
32.029151186053156	3.0
32.01914832809374	3.0
32.00914547013432	3.0
31.999142612174907	3.0
31.98913975421549	3.0
31.979136896256072	3.0
31.969134038296655	3.0
31.959131180337238	3.0
31.949128322377824	3.0
31.939125464418407	3.0
31.92912260645899	3.0
31.919119748499572	3.0
31.909116890540155	3.0
31.899114032580737	3.0
31.88911117462132	4.0
31.879108316661902	4.0
31.869105458702485	4.0
31.859102600743068	4.0
31.84909974278365	4.0
31.839096884824237	4.0
31.82909402686482	4.0
31.819091168905402	3.0
31.809088310945985	3.0
31.799085452986567	3.0
31.78908259502715	3.0
31.779079737067732	3.0
31.769076879108315	3.0
31.759074021148898	3.0
31.749071163189484	3.0
31.739068305230067	3.0
31.72906544727065	3.0
31.719062589311232	3.0
31.709059731351815	3.0
31.699056873392397	3.0
31.68905401543298	3.0
31.679051157473562	3.0
31.669048299514145	3.0
31.65904544155473	3.0
31.649042583595314	3.0
31.639039725635897	3.0
31.62903686767648	3.0
31.619034009717062	3.0
31.609031151757645	3.0
31.599028293798227	3.0
31.58902543583881	3.0
31.579022577879392	4.0
31.56901971991998	4.0
31.55901686196056	4.0
31.549014004001144	4.0
31.539011146041727	4.0
31.52900828808231	4.0
31.519005430122892	4.0
31.509002572163475	4.0
31.498999714204057	4.0
31.48899685624464	4.0
31.478993998285226	4.0
31.46899114032581	4.0
31.45898828236639	4.0
31.448985424406974	4.0
31.438982566447557	4.0
31.42897970848814	4.0
31.418976850528722	4.0
31.408973992569305	4.0
31.398971134609887	4.0
31.38896827665047	4.0
31.378965418691052	4.0
31.36896256073164	4.0
31.35895970277222	4.0
31.348956844812804	4.0
31.338953986853387	4.0
31.32895112889397	4.0
31.318948270934552	4.0
31.308945412975135	4.0
31.298942555015717	4.0
31.2889396970563	4.0
31.278936839096886	4.0
31.26893398113747	4.0
31.25893112317805	4.0
31.248928265218634	4.0
31.238925407259217	4.0
31.2289225492998	4.0
31.218919691340382	4.0
31.208916833380965	4.0
31.198913975421547	4.0
31.188911117462133	4.0
31.178908259502716	4.0
31.1689054015433	4.0
31.15890254358388	4.0
31.148899685624464	4.0
31.138896827665047	4.0
31.12889396970563	4.0
31.118891111746212	4.0
31.108888253786795	4.0
31.09888539582738	4.0
31.088882537867963	4.0
31.078879679908546	5.0
31.06887682194913	5.0
31.05887396398971	5.0
31.048871106030294	5.0
31.038868248070877	5.0
31.02886539011146	5.0
31.018862532152042	5.0
31.008859674192628	5.0
30.998856816233207	5.0
30.988853958273793	5.0
30.978851100314376	5.0
30.96884824235496	5.0
30.95884538439554	5.0
30.948842526436124	5.0
30.938839668476707	5.0
30.92883681051729	5.0
30.918833952557875	5.0
30.908831094598455	5.0
30.89882823663904	5.0
30.888825378679623	5.0
30.878822520720206	5.0
30.86881966276079	5.0
30.85881680480137	5.0
30.848813946841954	5.0
30.838811088882537	5.0
30.828808230923123	5.0
30.818805372963702	5.0
30.808802515004288	5.0
30.79879965704487	5.0
30.788796799085453	5.0
30.778793941126036	5.0
30.76879108316662	5.0
30.7587882252072	5.0
30.748785367247784	5.0
30.738782509288367	5.0
30.72877965132895	5.0
30.718776793369535	5.0
30.708773935410118	5.0
30.6987710774507	5.0
30.688768219491283	5.0
30.678765361531866	5.0
30.66876250357245	5.0
30.65875964561303	5.0
30.648756787653614	5.0
30.638753929694197	5.0
30.628751071734783	5.0
30.618748213775362	5.0
30.608745355815948	5.0
30.59874249785653	5.0
30.588739639897113	5.0
30.578736781937696	5.0
30.56873392397828	5.0
30.55873106601886	5.0
30.548728208059444	5.0
30.53872535010003	5.0
30.52872249214061	5.0
30.518719634181195	4.0
30.508716776221778	4.0
30.49871391826236	4.0
30.488711060302943	4.0
30.478708202343526	4.0
30.46870534438411	4.0
30.45870248642469	4.0
30.448699628465278	4.0
30.438696770505857	4.0
30.428693912546443	4.0
30.418691054587025	4.0
30.408688196627608	4.0
30.39868533866819	4.0
30.388682480708773	4.0
30.378679622749356	4.0
30.36867676478994	4.0
30.358673906830525	4.0
30.348671048871104	4.0
30.33866819091169	4.0
30.328665332952273	4.0
30.318662474992855	4.0
30.308659617033438	4.0
30.29865675907402	4.0
30.288653901114603	4.0
30.278651043155186	4.0
30.26864818519577	4.0
30.25864532723635	4.0
30.248642469276938	4.0
30.23863961131752	5.0
30.228636753358103	5.0
30.218633895398685	5.0
30.208631037439268	5.0
30.19862817947985	5.0
30.188625321520433	5.0
30.178622463561016	6.0
30.1686196056016	6.0
30.158616747642185	5.0
30.148613889682768	5.0
30.13861103172335	5.0
30.128608173763933	5.0
30.118605315804515	5.0
30.108602457845098	5.0
30.09859959988568	5.0
30.088596741926263	6.0
30.078593883966846	6.0
30.068591026007432	6.0
30.05858816804801	6.0
30.048585310088598	6.0
30.03858245212918	6.0
30.028579594169763	6.0
30.018576736210346	6.0
30.008573878250928	6.0
29.99857102029151	6.0
29.988568162332093	6.0
29.97856530437268	6.0
29.96856244641326	6.0
29.958559588453845	6.0
29.948556730494428	6.0
29.93855387253501	6.0
29.928551014575593	6.0
29.918548156616176	6.0
29.908545298656758	6.0
29.89854244069734	6.0
29.888539582737927	6.0
29.878536724778506	6.0
29.868533866819092	6.0
29.858531008859675	6.0
29.848528150900258	6.0
29.83852529294084	6.0
29.828522434981423	6.0
29.818519577022006	6.0
29.808516719062588	6.0
29.79851386110317	6.0
29.788511003143753	6.0
29.77850814518434	6.0
29.768505287224922	6.0
29.758502429265505	6.0
29.748499571306088	6.0
29.73849671334667	6.0
29.728493855387253	6.0
29.718490997427836	6.0
29.708488139468418	5.0
29.698485281509	5.0
29.688482423549587	5.0
29.67847956559017	5.0
29.668476707630752	5.0
29.658473849671335	5.0
29.648470991711918	5.0
29.6384681337525	5.0
29.628465275793083	5.0
29.618462417833666	5.0
29.608459559874248	5.0
29.598456701914834	5.0
29.588453843955413	5.0
29.578450985996	5.0
29.568448128036582	5.0
29.558445270077165	5.0
29.548442412117748	5.0
29.53843955415833	5.0
29.528436696198913	5.0
29.518433838239496	5.0
29.50843098028008	5.0
29.49842812232066	5.0
29.488425264361247	5.0
29.47842240640183	5.0
29.468419548442412	5.0
29.458416690482995	5.0
29.448413832523578	5.0
29.43841097456416	5.0
29.428408116604743	5.0
29.41840525864533	5.0
29.408402400685908	5.0
29.398399542726494	5.0
29.388396684767077	5.0
29.37839382680766	5.0
29.368390968848242	5.0
29.358388110888825	5.0
29.348385252929408	5.0
29.33838239496999	5.0
29.328379537010573	5.0
29.318376679051156	5.0
29.30837382109174	5.0
29.298370963132324	5.0
29.288368105172907	5.0
29.27836524721349	5.0
29.268362389254072	5.0
29.258359531294655	5.0
29.248356673335238	5.0
29.23835381537582	4.0
29.228350957416403	4.0
29.21834809945699	4.0
29.20834524149757	4.0
29.198342383538154	4.0
29.188339525578737	4.0
29.17833666761932	4.0
29.168333809659902	4.0
29.158330951700485	4.0
29.148328093741068	4.0
29.13832523578165	4.0
29.128322377822236	4.0
29.118319519862816	4.0
29.1083166619034	4.0
29.098313803943984	5.0
29.088310945984567	5.0
29.07830808802515	5.0
29.068305230065732	5.0
29.058302372106315	5.0
29.048299514146898	5.0
29.038296656187484	5.0
29.028293798228063	5.0
29.01829094026865	5.0
29.00828808230923	5.0
28.998285224349814	5.0
28.988282366390397	5.0
28.97827950843098	5.0
28.968276650471562	5.0
28.958273792512145	5.0
28.94827093455273	5.0
28.93826807659331	5.0
28.928265218633896	5.0
28.91826236067448	5.0
28.90825950271506	5.0
28.898256644755644	5.0
28.888253786796227	5.0
28.87825092883681	5.0
28.868248070877392	5.0
28.858245212917975	5.0
28.848242354958558	5.0
28.838239496999144	5.0
28.828236639039726	5.0
28.81823378108031	5.0
28.80823092312089	5.0
28.798228065161474	5.0
28.788225207202057	5.0
28.77822234924264	5.0
28.768219491283222	5.0
28.758216633323805	5.0
28.74821377536439	5.0
28.738210917404974	5.0
28.728208059445556	5.0
28.71820520148614	5.0
28.70820234352672	5.0
28.698199485567304	5.0
28.688196627607887	5.0
28.67819376964847	5.0
28.668190911689052	5.0
28.65818805372964	5.0
28.648185195770218	5.0
28.638182337810804	5.0
28.628179479851386	5.0
28.61817662189197	4.0
28.60817376393255	4.0
28.598170905973134	4.0
28.588168048013717	4.0
28.5781651900543	4.0
28.568162332094886	4.0
28.558159474135465	4.0
28.54815661617605	4.0
28.538153758216634	4.0
28.528150900257216	4.0
28.5181480422978	4.0
28.50814518433838	4.0
28.498142326378964	4.0
28.488139468419547	4.0
28.478136610460133	4.0
28.468133752500712	4.0
28.4581308945413	4.0
28.44812803658188	4.0
28.438125178622464	4.0
28.428122320663046	4.0
28.41811946270363	4.0
28.40811660474421	4.0
28.398113746784794	4.0
28.388110888825377	4.0
28.37810803086596	4.0
28.368105172906546	4.0
28.35810231494713	4.0
28.34809945698771	4.0
28.338096599028294	4.0
28.328093741068876	4.0
28.31809088310946	4.0
28.30808802515004	4.0
28.298085167190624	4.0
28.288082309231207	4.0
28.278079451271793	4.0
28.268076593312376	4.0
28.25807373535296	4.0
28.24807087739354	4.0
28.238068019434124	4.0
28.228065161474706	4.0
28.21806230351529	4.0
28.20805944555587	4.0
28.198056587596454	4.0
28.18805372963704	4.0
28.17805087167762	4.0
28.168048013718206	4.0
28.15804515575879	4.0
28.14804229779937	4.0
28.138039439839954	4.0
28.128036581880536	4.0
28.11803372392112	4.0
28.1080308659617	4.0
28.098028008002288	4.0
28.088025150042867	4.0
28.078022292083453	4.0
28.068019434124036	4.0
28.05801657616462	4.0
28.0480137182052	4.0
28.038010860245784	4.0
28.028008002286366	4.0
28.01800514432695	4.0
28.008002286367535	4.0
27.997999428408114	4.0
27.9879965704487	4.0
27.977993712489283	4.0
27.967990854529866	4.0
27.95798799657045	4.0
27.94798513861103	4.0
27.937982280651614	4.0
27.927979422692196	4.0
27.91797656473278	4.0
27.90797370677336	4.0
27.897970848813948	4.0
27.88796799085453	5.0
27.877965132895113	5.0
27.867962274935696	5.0
27.85795941697628	5.0
27.84795655901686	5.0
27.837953701057444	5.0
27.827950843098026	5.0
27.81794798513861	5.0
27.807945127179195	5.0
27.797942269219778	5.0
27.78793941126036	5.0
27.777936553300943	5.0
27.767933695341526	5.0
27.75793083738211	5.0
27.74792797942269	5.0
27.737925121463274	5.0
27.727922263503856	5.0
27.717919405544443	5.0
27.70791654758502	5.0
27.697913689625608	5.0
27.68791083166619	5.0
27.677907973706773	5.0
27.667905115747356	5.0
27.65790225778794	5.0
27.64789939982852	5.0
27.637896541869104	5.0
27.62789368390969	5.0
27.61789082595027	5.0
27.607887967990855	5.0
27.597885110031438	5.0
27.58788225207202	5.0
27.577879394112603	5.0
27.567876536153186	5.0
27.55787367819377	5.0
27.54787082023435	5.0
27.537867962274937	5.0
27.527865104315516	5.0
27.517862246356103	5.0
27.507859388396685	5.0
27.497856530437268	5.0
27.48785367247785	5.0
27.477850814518433	5.0
27.467847956559016	5.0
27.4578450985996	5.0
27.44784224064018	5.0
27.437839382680764	5.0
27.42783652472135	5.0
27.417833666761933	5.0
27.407830808802515	5.0
27.397827950843098	5.0
27.38782509288368	5.0
27.377822234924263	5.0
27.367819376964846	5.0
27.35781651900543	5.0
27.34781366104601	5.0
27.337810803086597	5.0
27.32780794512718	5.0
27.317805087167763	5.0
27.307802229208345	5.0
27.297799371248928	5.0
27.28779651328951	5.0
27.277793655330093	5.0
27.267790797370676	5.0
27.25778793941126	5.0
27.247785081451845	5.0
27.237782223492424	5.0
27.22777936553301	6.0
27.217776507573593	6.0
27.207773649614175	6.0
27.197770791654758	6.0
27.18776793369534	6.0
27.177765075735923	6.0
27.167762217776506	6.0
27.157759359817092	6.0
27.14775650185767	6.0
27.137753643898257	6.0
27.12775078593884	6.0
27.117747927979423	6.0
27.107745070020005	6.0
27.097742212060588	6.0
27.08773935410117	6.0
27.077736496141753	6.0
27.06773363818234	6.0
27.05773078022292	6.0
27.047727922263505	6.0
27.037725064304087	6.0
27.02772220634467	6.0
27.017719348385253	6.0
27.007716490425835	6.0
26.997713632466418	6.0
26.987710774507	6.0
26.977707916547587	6.0
26.967705058588166	6.0
26.957702200628752	6.0
26.94769934266933	6.0
26.937696484709917	6.0
26.9276936267505	6.0
26.917690768791083	6.0
26.907687910831665	6.0
26.897685052872248	6.0
26.887682194912834	6.0
26.877679336953413	6.0
26.867676478994	6.0
26.85767362103458	6.0
26.847670763075165	6.0
26.837667905115747	6.0
26.82766504715633	6.0
26.817662189196913	6.0
26.807659331237495	6.0
26.79765647327808	7.0
26.78765361531866	7.0
26.777650757359247	7.0
26.767647899399826	7.0
26.757645041440412	7.0
26.747642183480995	7.0
26.737639325521577	7.0
26.72763646756216	7.0
26.717633609602743	7.0
26.707630751643325	7.0
26.697627893683908	7.0
26.687625035724494	7.0
26.677622177765073	7.0
26.66761931980566	7.0
26.657616461846242	7.0
26.647613603886825	7.0
26.637610745927407	7.0
26.62760788796799	7.0
26.617605030008573	7.0
26.607602172049155	7.0
26.59759931408974	7.0
26.58759645613032	7.0
26.577593598170907	7.0
26.567590740211486	7.0
26.557587882252072	7.0
26.547585024292655	7.0
26.537582166333237	7.0
26.52757930837382	8.0
26.517576450414403	8.0
26.50757359245499	8.0
26.497570734495568	8.0
26.487567876536154	8.0
26.477565018576733	8.0
26.46756216061732	8.0
26.457559302657902	8.0
26.447556444698485	8.0
26.437553586739067	8.0
26.42755072877965	8.0
26.417547870820236	8.0
26.407545012860815	8.0
26.3975421549014	8.0
26.38753929694198	8.0
26.377536438982567	8.0
26.36753358102315	8.0
26.357530723063732	8.0
26.347527865104315	8.0
26.337525007144897	8.0
26.327522149185484	8.0
26.317519291226063	8.0
26.30751643326665	8.0
26.297513575307228	8.0
26.287510717347814	8.0
26.277507859388397	8.0
26.26750500142898	8.0
26.257502143469562	8.0
26.247499285510145	8.0
26.237496427550727	8.0
26.22749356959131	8.0
26.217490711631896	7.0
26.207487853672475	7.0
26.19748499571306	7.0
26.187482137753644	7.0
26.177479279794227	7.0
26.16747642183481	7.0
26.157473563875392	7.0
26.147470705915975	8.0
26.137467847956557	8.0
26.127464989997144	8.0
26.117462132037723	7.0
26.10745927407831	7.0
26.097456416118888	7.0
26.087453558159474	7.0
26.077450700200057	7.0
26.06744784224064	7.0
26.057444984281222	7.0
26.047442126321805	7.0
26.03743926836239	7.0
26.02743641040297	7.0
26.017433552443556	7.0
26.007430694484135	7.0
25.99742783652472	6.0
25.987424978565304	6.0
25.977422120605887	6.0
25.96741926264647	6.0
25.957416404687052	6.0
25.94741354672764	6.0
25.937410688768217	6.0
25.927407830808804	6.0
25.917404972849383	6.0
25.90740211488997	6.0
25.89739925693055	6.0
25.887396398971134	6.0
25.877393541011717	6.0
25.8673906830523	6.0
25.857387825092886	6.0
25.847384967133465	6.0
25.83738210917405	6.0
25.82737925121463	6.0
25.817376393255216	6.0
25.8073735352958	6.0
25.79737067733638	6.0
25.787367819376964	6.0
25.777364961417547	6.0
25.76736210345813	6.0
25.757359245498712	6.0
25.7473563875393	7.0
25.737353529579877	7.0
25.727350671620464	7.0
25.717347813661046	7.0
25.70734495570163	7.0
25.69734209774221	7.0
25.687339239782794	7.0
25.677336381823377	7.0
25.66733352386396	7.0
25.657330665904546	7.0
25.647327807945125	7.0
25.63732494998571	7.0
25.62732209202629	7.0
25.617319234066876	7.0
25.60731637610746	7.0
25.59731351814804	6.0
25.587310660188624	6.0
25.577307802229207	6.0
25.567304944269793	6.0
25.557302086310372	6.0
25.54729922835096	6.0
25.537296370391537	6.0
25.527293512432124	6.0
25.517290654472706	6.0
25.50728779651329	7.0
25.49728493855387	7.0
25.487282080594454	7.0
25.47727922263504	7.0
25.46727636467562	7.0
25.457273506716206	7.0
25.447270648756785	7.0
25.43726779079737	7.0
25.427264932837954	7.0
25.417262074878536	7.0
25.40725921691912	7.0
25.3972563589597	7.0
25.387253501000288	7.0
25.377250643040867	6.0
25.367247785081453	6.0
25.357244927122032	6.0
25.34724206916262	6.0
25.3372392112032	6.0
25.327236353243784	6.0
25.317233495284366	6.0
25.30723063732495	6.0
25.297227779365535	6.0
25.287224921406114	6.0
25.2772220634467	6.0
25.26721920548728	6.0
25.257216347527866	6.0
25.24721348956845	6.0
25.23721063160903	6.0
25.227207773649614	6.0
25.217204915690196	6.0
25.20720205773078	6.0
25.19719919977136	6.0
25.187196341811948	6.0
25.177193483852527	6.0
25.167190625893113	6.0
25.157187767933692	6.0
25.14718490997428	6.0
25.13718205201486	6.0
25.127179194055444	7.0
25.117176336096026	7.0
25.10717347813661	7.0
25.097170620177195	7.0
25.087167762217774	7.0
25.07716490425836	7.0
25.06716204629894	7.0
25.057159188339526	7.0
25.04715633038011	7.0
25.03715347242069	7.0
25.027150614461274	7.0
25.017147756501856	7.0
25.007144898542442	7.0
24.99714204058302	7.0
24.987139182623608	7.0
24.977136324664187	7.0
24.967133466704773	7.0
24.957130608745356	7.0
24.94712775078594	7.0
24.93712489282652	7.0
24.927122034867104	7.0
24.91711917690769	7.0
24.90711631894827	7.0
24.897113460988855	7.0
24.887110603029434	7.0
24.87710774507002	7.0
24.867104887110603	7.0
24.857102029151186	7.0
24.84709917119177	7.0
24.83709631323235	7.0
24.827093455272937	7.0
24.817090597313516	7.0
24.807087739354102	7.0
24.79708488139468	7.0
24.787082023435268	7.0
24.77707916547585	7.0
24.767076307516433	7.0
24.757073449557016	8.0
24.7470705915976	8.0
24.73706773363818	8.0
24.727064875678764	8.0
24.71706201771935	8.0
24.70705915975993	8.0
24.697056301800515	8.0
24.687053443841094	8.0
24.67705058588168	8.0
24.667047727922263	8.0
24.657044869962846	8.0
24.64704201200343	8.0
24.63703915404401	8.0
24.627036296084597	8.0
24.617033438125176	8.0
24.607030580165763	8.0
24.59702772220634	9.0
24.587024864246928	9.0
24.57702200628751	9.0
24.567019148328093	9.0
24.557016290368676	9.0
24.54701343240926	9.0
24.537010574449845	9.0
24.527007716490424	9.0
24.51700485853101	9.0
24.50700200057159	8.0
24.496999142612175	8.0
24.486996284652758	8.0
24.47699342669334	8.0
24.466990568733923	8.0
24.456987710774506	8.0
24.446984852815092	8.0
24.43698199485567	8.0
24.426979136896257	9.0
24.416976278936836	9.0
24.406973420977423	9.0
24.396970563018005	9.0
24.386967705058588	9.0
24.37696484709917	9.0
24.366961989139753	9.0
24.35695913118034	9.0
24.34695627322092	9.0
24.336953415261505	9.0
24.326950557302084	9.0
24.31694769934267	8.0
24.306944841383253	8.0
24.296941983423835	8.0
24.286939125464418	8.0
24.276936267505	8.0
24.266933409545583	8.0
24.256930551586166	8.0
24.246927693626752	8.0
24.23692483566733	8.0
24.226921977707917	8.0
24.216919119748496	8.0
24.206916261789083	8.0
24.196913403829665	8.0
24.186910545870248	9.0
24.17690768791083	9.0
24.166904829951413	9.0
24.156901971992	9.0
24.14689911403258	9.0
24.136896256073165	9.0
24.126893398113744	9.0
24.11689054015433	9.0
24.106887682194913	9.0
24.096884824235495	9.0
24.086881966276078	9.0
24.07687910831666	9.0
24.066876250357247	9.0
24.056873392397826	9.0
24.046870534438412	9.0
24.03686767647899	9.0
24.026864818519577	9.0
24.01686196056016	9.0
24.006859102600743	9.0
23.996856244641325	9.0
23.986853386681908	8.0
23.976850528722494	8.0
23.966847670763073	8.0
23.95684481280366	8.0
23.94684195484424	8.0
23.936839096884825	8.0
23.926836238925407	8.0
23.91683338096599	8.0
23.906830523006573	8.0
23.896827665047155	8.0
23.88682480708774	8.0
23.87682194912832	8.0
23.866819091168907	8.0
23.856816233209486	8.0
23.846813375250072	8.0
23.836810517290655	8.0
23.826807659331237	8.0
23.81680480137182	8.0
23.806801943412403	8.0
23.796799085452985	8.0
23.786796227493568	8.0
23.776793369534154	8.0
23.766790511574733	8.0
23.75678765361532	9.0
23.746784795655902	9.0
23.736781937696485	9.0
23.726779079737067	9.0
23.71677622177765	9.0
23.706773363818233	9.0
23.696770505858815	9.0
23.6867676478994	9.0
23.67676478993998	9.0
23.666761931980567	9.0
23.656759074021146	9.0
23.646756216061732	9.0
23.636753358102315	9.0
23.626750500142897	9.0
23.61674764218348	9.0
23.606744784224063	9.0
23.59674192626465	9.0
23.586739068305228	10.0
23.576736210345814	10.0
23.566733352386393	10.0
23.55673049442698	10.0
23.546727636467562	10.0
23.536724778508145	10.0
23.526721920548727	10.0
23.51671906258931	10.0
23.506716204629896	10.0
23.496713346670475	10.0
23.48671048871106	10.0
23.47670763075164	10.0
23.466704772792227	10.0
23.45670191483281	11.0
23.446699056873392	11.0
23.436696198913975	11.0
23.426693340954557	11.0
23.416690482995143	11.0
23.406687625035723	11.0
23.39668476707631	11.0
23.386681909116888	11.0
23.376679051157474	11.0
23.366676193198057	11.0
23.35667333523864	11.0
23.346670477279222	11.0
23.336667619319805	11.0
23.326664761360387	11.0
23.31666190340097	11.0
23.306659045441556	11.0
23.296656187482135	11.0
23.28665332952272	11.0
23.276650471563304	11.0
23.266647613603887	11.0
23.25664475564447	11.0
23.246641897685052	11.0
23.236639039725635	11.0
23.226636181766217	11.0
23.216633323806803	11.0
23.206630465847383	11.0
23.19662760788797	11.0
23.186624749928548	11.0
23.176621891969134	11.0
23.166619034009717	11.0
23.1566161760503	12.0
23.146613318090882	12.0
23.136610460131465	12.0
23.12660760217205	12.0
23.11660474421263	12.0
23.106601886253216	12.0
23.096599028293795	12.0
23.08659617033438	12.0
23.076593312374964	12.0
23.066590454415547	12.0
23.05658759645613	12.0
23.046584738496712	12.0
23.036581880537298	12.0
23.026579022577877	12.0
23.016576164618463	12.0
23.006573306659043	12.0
22.99657044869963	12.0
22.98656759074021	12.0
22.976564732780794	12.0
22.966561874821377	12.0
22.95655901686196	12.0
22.946556158902546	12.0
22.936553300943125	12.0
22.92655044298371	12.0
22.91654758502429	12.0
22.906544727064876	12.0
22.89654186910546	12.0
22.88653901114604	12.0
22.876536153186624	12.0
22.866533295227207	12.0
22.85653043726779	12.0
22.846527579308372	12.0
22.836524721348958	12.0
22.826521863389537	12.0
22.816519005430123	12.0
22.806516147470706	12.0
22.79651328951129	12.0
22.78651043155187	12.0
22.776507573592454	12.0
22.766504715633037	12.0
22.75650185767362	11.0
22.746498999714206	11.0
22.736496141754785	11.0
22.72649328379537	11.0
22.71649042583595	11.0
22.706487567876536	11.0
22.69648470991712	11.0
22.6864818519577	11.0
22.676478993998284	11.0
22.666476136038867	11.0
22.656473278079453	11.0
22.646470420120032	11.0
22.636467562160618	11.0
22.626464704201197	11.0
22.616461846241783	11.0
22.606458988282366	11.0
22.59645613032295	10.0
22.58645327236353	10.0
22.576450414404114	10.0
22.5664475564447	10.0
22.55644469848528	10.0
22.546441840525866	10.0
22.536438982566445	10.0
22.52643612460703	10.0
22.516433266647613	10.0
22.506430408688196	10.0
22.49642755072878	10.0
22.48642469276936	10.0
22.476421834809948	10.0
22.466418976850527	10.0
22.456416118891113	10.0
22.446413260931692	10.0
22.436410402972278	10.0
22.42640754501286	10.0
22.416404687053443	11.0
22.406401829094026	11.0
22.39639897113461	11.0
22.38639611317519	11.0
22.376393255215774	11.0
22.36639039725636	11.0
22.35638753929694	11.0
22.346384681337526	11.0
22.336381823378108	11.0
22.32637896541869	11.0
22.316376107459273	11.0
22.306373249499856	11.0
22.29637039154044	11.0
22.28636753358102	11.0
22.276364675621608	11.0
22.266361817662187	11.0
22.256358959702773	11.0
22.246356101743352	11.0
22.236353243783938	11.0
22.22635038582452	11.0
22.216347527865103	11.0
22.206344669905686	11.0
22.19634181194627	11.0
22.186338953986855	11.0
22.176336096027434	11.0
22.16633323806802	11.0
22.1563303801086	11.0
22.146327522149186	11.0
22.136324664189768	11.0
22.12632180623035	11.0
22.116318948270933	11.0
22.106316090311516	11.0
22.096313232352102	11.0
22.08631037439268	11.0
22.076307516433268	11.0
22.066304658473847	11.0
22.056301800514433	12.0
22.046298942555016	12.0
22.036296084595598	12.0
22.02629322663618	12.0
22.016290368676763	12.0
22.00628751071735	12.0
21.99628465275793	12.0
21.986281794798515	12.0
21.976278936839094	12.0
21.96627607887968	12.0
21.956273220920263	12.0
21.946270362960846	12.0
21.936267505001428	12.0
21.92626464704201	12.0
21.916261789082593	12.0
21.906258931123176	12.0
21.896256073163762	12.0
21.88625321520434	12.0
21.876250357244928	12.0
21.86624749928551	12.0
21.856244641326093	12.0
21.846241783366676	12.0
21.836238925407258	12.0
21.82623606744784	13.0
21.816233209488423	13.0
21.80623035152901	14.0
21.79622749356959	14.0
21.786224635610175	14.0
21.776221777650754	14.0
21.76621891969134	14.0
21.756216061731923	14.0
21.746213203772506	14.0
21.736210345813088	14.0
21.72620748785367	14.0
21.716204629894257	14.0
21.706201771934836	14.0
21.696198913975422	14.0
21.686196056016	14.0
21.676193198056588	14.0
21.66619034009717	14.0
21.656187482137753	14.0
21.646184624178336	14.0
21.636181766218918	14.0
21.626178908259504	15.0
21.616176050300083	15.0
21.60617319234067	15.0
21.59617033438125	15.0
21.586167476421835	15.0
21.576164618462418	15.0
21.566161760503	15.0
21.556158902543583	15.0
21.546156044584166	15.0
21.53615318662475	15.0
21.52615032866533	15.0
21.516147470705917	15.0
21.506144612746496	15.0
21.496141754787082	15.0
21.486138896827665	15.0
21.476136038868248	15.0
21.46613318090883	15.0
21.456130322949413	15.0
21.446127464989996	15.0
21.436124607030578	15.0
21.426121749071164	15.0
21.416118891111743	15.0
21.40611603315233	16.0
21.396113175192912	16.0
21.386110317233495	16.0
21.376107459274078	16.0
21.36610460131466	16.0
21.356101743355243	16.0
21.346098885395826	16.0
21.33609602743641	15.0
21.32609316947699	15.0
21.316090311517577	15.0
21.306087453558156	16.0
21.296084595598742	16.0
21.286081737639325	16.0
21.276078879679908	17.0
21.26607602172049	17.0
21.256073163761073	17.0
21.24607030580166	17.0
21.236067447842238	17.0
21.226064589882824	18.0
21.216061731923403	18.0
21.20605887396399	18.0
21.196056016004572	18.0
21.186053158045155	18.0
21.176050300085738	18.0
21.16604744212632	18.0
21.156044584166906	18.0
21.146041726207486	18.0
21.13603886824807	18.0
21.12603601028865	19.0
21.116033152329237	19.0
21.10603029436982	19.0
21.096027436410402	19.0
21.086024578450985	19.0
21.076021720491568	19.0
21.066018862532154	19.0
21.056016004572733	19.0
21.04601314661332	19.0
21.036010288653898	18.0
21.026007430694484	18.0
21.016004572735067	18.0
21.00600171477565	18.0
20.995998856816232	18.0
20.985995998856815	17.0
20.975993140897398	17.0
20.96599028293798	17.0
20.955987424978566	17.0
20.945984567019146	17.0
20.93598170905973	17.0
20.925978851100314	16.0
20.915975993140897	16.0
20.90597313518148	16.0
20.895970277222062	16.0
20.885967419262645	16.0
20.875964561303228	16.0
20.865961703343814	16.0
20.855958845384393	16.0
20.84595598742498	16.0
20.835953129465558	17.0
20.825950271506144	17.0
20.815947413546727	17.0
20.80594455558731	17.0
20.795941697627892	17.0
20.785938839668475	18.0
20.77593598170906	18.0
20.76593312374964	19.0
20.755930265790226	19.0
20.745927407830806	20.0
20.73592454987139	20.0
20.725921691911974	20.0
20.715918833952557	20.0
20.70591597599314	20.0
20.695913118033722	20.0
20.68591026007431	20.0
20.675907402114888	20.0
20.665904544155474	20.0
20.655901686196053	20.0
20.64589882823664	20.0
20.635895970277222	20.0
20.625893112317804	20.0
20.615890254358387	19.0
20.60588739639897	19.0
20.595884538439556	19.0
20.585881680480135	19.0
20.57587882252072	19.0
20.5658759645613	19.0
20.555873106601886	19.0
20.54587024864247	19.0
20.535867390683052	19.0
20.525864532723634	19.0
20.515861674764217	19.0
20.5058588168048	19.0
20.495855958845382	19.0
20.48585310088597	19.0
20.475850242926548	19.0
20.465847384967134	19.0
20.455844527007716	19.0
20.4458416690483	19.0
20.435838811088882	19.0
20.425835953129464	20.0
20.415833095170047	20.0
20.40583023721063	20.0
20.395827379251216	20.0
20.385824521291795	20.0
20.37582166333238	20.0
20.36581880537296	20.0
20.355815947413546	20.0
20.34581308945413	21.0
20.335810231494712	21.0
20.325807373535294	21.0
20.315804515575877	21.0
20.305801657616463	21.0
20.295798799657042	22.0
20.28579594169763	22.0
20.275793083738208	22.0
20.265790225778794	22.0
20.255787367819376	23.0
20.24578450985996	23.0
20.235781651900542	23.0
20.225778793941124	23.0
20.21577593598171	23.0
20.20577307802229	23.0
20.195770220062876	23.0
20.185767362103455	23.0
20.17576450414404	23.0
20.165761646184624	23.0
20.155758788225207	23.0
20.14575593026579	23.0
20.135753072306372	23.0
20.125750214346958	23.0
20.115747356387537	24.0
20.105744498428123	24.0
20.095741640468702	24.0
20.08573878250929	24.0
20.07573592454987	24.0
20.065733066590454	24.0
20.055730208631037	24.0
20.04572735067162	24.0
20.035724492712202	24.0
20.025721634752784	24.0
20.01571877679337	24.0
20.00571591883395	24.0
19.995713060874536	24.0
19.98571020291512	24.0
19.9757073449557	24.0
19.965704486996284	25.0
19.955701629036867	25.0
19.94569877107745	25.0
19.935695913118032	25.0
19.925693055158618	25.0
19.915690197199197	26.0
19.905687339239783	26.0
19.895684481280362	26.0
19.88568162332095	25.0
19.87567876536153	25.0
19.865675907402114	25.0
19.855673049442697	25.0
19.84567019148328	25.0
19.835667333523865	23.0
19.825664475564444	23.0
19.81566161760503	23.0
19.80565875964561	23.0
19.795655901686196	23.0
19.78565304372678	23.0
19.77565018576736	24.0
19.765647327807944	24.0
19.755644469848527	24.0
19.745641611889113	25.0
19.735638753929692	25.0
19.725635895970278	25.0
19.715633038010857	25.0
19.705630180051443	26.0
19.695627322092026	26.0
19.68562446413261	26.0
19.67562160617319	26.0
19.665618748213774	27.0
19.65561589025436	27.0
19.64561303229494	27.0
19.635610174335525	27.0
19.625607316376104	27.0
19.61560445841669	26.0
19.605601600457273	26.0
19.595598742497856	26.0
19.58559588453844	27.0
19.57559302657902	27.0
19.565590168619604	27.0
19.555587310660187	27.0
19.545584452700773	26.0
19.535581594741352	26.0
19.525578736781938	26.0
19.51557587882252	26.0
19.505573020863103	27.0
19.495570162903686	27.0
19.48556730494427	27.0
19.47556444698485	27.0
19.465561589025434	26.0
19.45555873106602	26.0
19.4455558731066	26.0
19.435553015147185	26.0
19.425550157187764	26.0
19.41554729922835	26.0
19.405544441268933	27.0
19.395541583309516	27.0
19.3855387253501	27.0
19.37553586739068	27.0
19.365533009431267	27.0
19.355530151471847	25.0
19.345527293512433	25.0
19.335524435553012	26.0
19.325521577593598	26.0
19.31551871963418	26.0
19.305515861674763	26.0
19.295513003715346	26.0
19.28551014575593	26.0
19.275507287796515	26.0
19.265504429837094	26.0
19.25550157187768	24.0
19.24549871391826	24.0
19.235495855958845	24.0
19.225492997999428	24.0
19.21549014004001	24.0
19.205487282080593	24.0
19.195484424121176	24.0
19.185481566161762	24.0
19.17547870820234	24.0
19.165475850242927	24.0
19.155472992283507	24.0
19.145470134324093	25.0
19.135467276364675	25.0
19.125464418405258	25.0
19.11546156044584	25.0
19.105458702486423	25.0
19.095455844527006	25.0
19.08545298656759	25.0
19.075450128608175	25.0
19.065447270648754	26.0
19.05544441268934	26.0
19.045441554729923	26.0
19.035438696770505	26.0
19.025435838811088	26.0
19.01543298085167	26.0
19.005430122892253	27.0
18.995427264932836	27.0
18.98542440697342	27.0
18.975421549014005	28.0
18.965418691054587	28.0
18.95541583309517	28.0
18.945412975135753	28.0
18.935410117176335	28.0
18.925407259216918	28.0
18.9154044012575	28.0
18.905401543298083	28.0
18.895398685338666	28.0
18.88539582737925	28.0
18.875392969419835	28.0
18.865390111460417	28.0
18.855387253501	28.0
18.845384395541583	28.0
18.835381537582165	28.0
18.825378679622748	28.0
18.81537582166333	28.0
18.805372963703913	28.0
18.795370105744496	27.0
18.785367247785082	27.0
18.775364389825665	27.0
18.765361531866247	27.0
18.75535867390683	27.0
18.745355815947413	27.0
18.735352957987995	27.0
18.725350100028578	27.0
18.71534724206916	27.0
18.705344384109743	27.0
18.69534152615033	27.0
18.685338668190912	27.0
18.675335810231495	27.0
18.665332952272077	27.0
18.65533009431266	27.0
18.645327236353243	27.0
18.635324378393825	27.0
18.625321520434408	27.0
18.61531866247499	28.0
18.605315804515573	28.0
18.59531294655616	28.0
18.585310088596742	28.0
18.575307230637325	28.0
18.565304372677907	28.0
18.55530151471849	28.0
18.545298656759073	28.0
18.535295798799655	28.0
18.525292940840238	28.0
18.51529008288082	28.0
18.505287224921407	28.0
18.49528436696199	28.0
18.485281509002572	28.0
18.475278651043155	28.0
18.465275793083737	28.0
18.45527293512432	28.0
18.445270077164903	28.0
18.435267219205485	28.0
18.425264361246068	27.0
18.41526150328665	27.0
18.405258645327237	27.0
18.39525578736782	27.0
18.385252929408402	27.0
18.375250071448985	27.0
18.365247213489567	27.0
18.35524435553015	27.0
18.345241497570733	27.0
18.335238639611315	27.0
18.325235781651898	27.0
18.315232923692484	27.0
18.305230065733067	27.0
18.29522720777365	27.0
18.285224349814232	27.0
18.275221491854815	27.0
18.265218633895397	27.0
18.25521577593598	27.0
18.245212917976563	27.0
18.235210060017145	26.0
18.22520720205773	26.0
18.215204344098314	26.0
18.205201486138897	26.0
18.19519862817948	25.0
18.185195770220062	25.0
18.175192912260645	25.0
18.165190054301227	25.0
18.15518719634181	26.0
18.145184338382393	26.0
18.135181480422975	26.0
18.12517862246356	26.0
18.115175764504144	26.0
18.105172906544727	26.0
18.09517004858531	26.0
18.085167190625892	27.0
18.075164332666475	27.0
18.065161474707057	27.0
18.05515861674764	27.0
18.045155758788223	27.0
18.03515290082881	27.0
18.02515004286939	27.0
18.015147184909974	27.0
18.005144326950557	26.0
17.99514146899114	26.0
17.985138611031722	27.0
17.975135753072305	27.0
17.965132895112887	28.0
17.95513003715347	28.0
17.945127179194053	28.0
17.93512432123464	27.0
17.92512146327522	27.0
17.915118605315804	27.0
17.905115747356387	27.0
17.89511288939697	28.0
17.885110031437552	28.0
17.875107173478135	28.0
17.865104315518717	28.0
17.8551014575593	28.0
17.845098599599886	27.0
17.83509574164047	27.0
17.82509288368105	27.0
17.815090025721634	27.0
17.805087167762217	27.0
17.7950843098028	27.0
17.785081451843382	27.0
17.775078593883965	28.0
17.765075735924547	28.0
17.755072877965134	28.0
17.745070020005716	28.0
17.7350671620463	28.0
17.72506430408688	28.0
17.715061446127464	28.0
17.705058588168047	28.0
17.69505573020863	28.0
17.685052872249212	28.0
17.675050014289795	28.0
17.665047156330377	29.0
17.655044298370964	29.0
17.645041440411546	29.0
17.63503858245213	29.0
17.62503572449271	29.0
17.615032866533294	29.0
17.605030008573877	29.0
17.59502715061446	29.0
17.585024292655042	29.0
17.575021434695625	29.0
17.56501857673621	29.0
17.555015718776794	29.0
17.545012860817376	29.0
17.53501000285796	28.0
17.52500714489854	28.0
17.515004286939124	28.0
17.505001428979707	28.0
17.49499857102029	28.0
17.484995713060872	28.0
17.474992855101455	28.0
17.46498999714204	28.0
17.454987139182624	28.0
17.444984281223206	28.0
17.43498142326379	28.0
17.42497856530437	28.0
17.414975707344954	28.0
17.404972849385537	28.0
17.39496999142612	28.0
17.384967133466702	28.0
17.37496427550729	28.0
17.36496141754787	27.0
17.354958559588454	27.0
17.344955701629036	26.0
17.33495284366962	26.0
17.3249499857102	26.0
17.314947127750784	26.0
17.304944269791367	26.0
17.29494141183195	27.0
17.284938553872536	27.0
17.27493569591312	27.0
17.2649328379537	27.0
17.254929979994284	27.0
17.244927122034866	27.0
17.23492426407545	27.0
17.22492140611603	27.0
17.214918548156614	26.0
17.204915690197197	26.0
17.19491283223778	26.0
17.184909974278366	26.0
17.17490711631895	26.0
17.16490425835953	26.0
17.154901400400114	26.0
17.144898542440696	26.0
17.13489568448128	26.0
17.12489282652186	26.0
17.114889968562444	27.0
17.104887110603027	27.0
17.094884252643613	27.0
17.084881394684196	27.0
17.07487853672478	27.0
17.06487567876536	27.0
17.054872820805944	27.0
17.044869962846526	27.0
17.03486710488711	27.0
17.02486424692769	27.0
17.014861388968274	27.0
17.004858531008857	27.0
16.994855673049443	27.0
16.984852815090026	26.0
16.97484995713061	26.0
16.96484709917119	26.0
16.954844241211774	26.0
16.944841383252356	26.0
16.93483852529294	26.0
16.92483566733352	26.0
16.914832809374104	26.0
16.90482995141469	26.0
16.894827093455273	26.0
16.884824235495856	26.0
16.87482137753644	26.0
16.86481851957702	26.0
16.854815661617604	26.0
16.844812803658186	25.0
16.83480994569877	25.0
16.82480708773935	25.0
16.814804229779938	25.0
16.80480137182052	25.0
16.794798513861103	25.0
16.784795655901686	25.0
16.77479279794227	25.0
16.76478993998285	25.0
16.754787082023434	25.0
16.744784224064016	24.0
16.7347813661046	24.0
16.72477850814518	24.0
16.714775650185768	24.0
16.70477279222635	24.0
16.694769934266933	24.0
16.684767076307516	24.0
16.6747642183481	24.0
16.66476136038868	24.0
16.654758502429264	24.0
16.644755644469846	24.0
16.63475278651043	23.0
16.624749928551015	23.0
16.614747070591598	23.0
16.60474421263218	23.0
16.594741354672763	23.0
16.584738496713346	23.0
16.57473563875393	23.0
16.56473278079451	23.0
16.554729922835094	22.0
16.544727064875676	22.0
16.53472420691626	22.0
16.524721348956845	22.0
16.514718490997428	22.0
16.50471563303801	22.0
16.494712775078593	22.0
16.484709917119176	22.0
16.47470705915976	22.0
16.46470420120034	22.0
16.454701343240924	22.0
16.444698485281506	21.0
16.434695627322093	21.0
16.424692769362675	21.0
16.414689911403258	21.0
16.40468705344384	21.0
16.394684195484423	21.0
16.384681337525006	21.0
16.37467847956559	21.0
16.36467562160617	22.0
16.354672763646754	22.0
16.34466990568734	22.0
16.334667047727923	23.0
16.324664189768505	23.0
16.314661331809088	23.0
16.30465847384967	23.0
16.294655615890253	23.0
16.284652757930836	25.0
16.27464989997142	25.0
16.264647042012	24.0
16.254644184052584	24.0
16.24464132609317	24.0
16.234638468133753	24.0
16.224635610174335	24.0
16.214632752214918	24.0
16.2046298942555	24.0
16.194627036296083	24.0
16.184624178336666	24.0
16.17462132037725	24.0
16.16461846241783	24.0
16.154615604458417	24.0
16.144612746499	24.0
16.134609888539583	24.0
16.124607030580165	24.0
16.114604172620748	24.0
16.10460131466133	24.0
16.094598456701913	24.0
16.084595598742496	24.0
16.07459274078308	24.0
16.064589882823665	24.0
16.054587024864247	24.0
16.04458416690483	24.0
16.034581308945413	24.0
16.024578450985995	24.0
16.014575593026578	24.0
16.00457273506716	24.0
15.994569877107743	24.0
15.984567019148326	24.0
15.974564161188908	24.0
15.964561303229495	24.0
15.954558445270077	24.0
15.94455558731066	24.0
15.934552729351243	24.0
15.924549871391825	24.0
15.914547013432408	25.0
15.90454415547299	25.0
15.894541297513573	25.0
15.884538439554156	25.0
15.874535581594742	25.0
15.864532723635325	25.0
15.854529865675907	25.0
15.84452700771649	25.0
15.834524149757073	25.0
15.824521291797655	25.0
15.814518433838238	25.0
15.80451557587882	25.0
15.794512717919403	25.0
15.784509859959986	25.0
15.774507002000572	25.0
15.764504144041155	25.0
15.754501286081737	25.0
15.74449842812232	25.0
15.734495570162903	25.0
15.724492712203485	26.0
15.714489854244068	26.0
15.70448699628465	26.0
15.694484138325233	26.0
15.68448128036582	26.0
15.674478422406402	26.0
15.664475564446985	26.0
15.654472706487567	26.0
15.64446984852815	26.0
15.634466990568733	26.0
15.624464132609315	26.0
15.614461274649898	27.0
15.60445841669048	27.0
15.594455558731067	27.0
15.58445270077165	26.0
15.574449842812232	26.0
15.564446984852815	26.0
15.554444126893397	26.0
15.54444126893398	26.0
15.534438410974563	26.0
15.524435553015145	26.0
15.514432695055728	26.0
15.50442983709631	26.0
15.494426979136897	27.0
15.48442412117748	27.0
15.474421263218062	27.0
15.464418405258645	27.0
15.454415547299227	27.0
15.44441268933981	27.0
15.434409831380393	27.0
15.424406973420975	27.0
15.414404115461558	27.0
15.404401257502144	27.0
15.394398399542727	26.0
15.38439554158331	26.0
15.374392683623892	26.0
15.364389825664475	26.0
15.354386967705057	26.0
15.34438410974564	26.0
15.334381251786223	26.0
15.324378393826805	26.0
15.314375535867388	25.0
15.304372677907974	25.0
15.294369819948557	25.0
15.28436696198914	25.0
15.274364104029722	25.0
15.264361246070305	25.0
15.254358388110887	25.0
15.24435553015147	25.0
15.234352672192053	25.0
15.224349814232635	25.0
15.214346956273221	25.0
15.204344098313804	25.0
15.194341240354387	25.0
15.18433838239497	25.0
15.174335524435552	25.0
15.164332666476135	24.0
15.154329808516717	24.0
15.1443269505573	24.0
15.134324092597883	24.0
15.124321234638469	24.0
15.114318376679051	24.0
15.104315518719634	24.0
15.094312660760217	24.0
15.0843098028008	24.0
15.074306944841382	24.0
15.064304086881965	24.0
15.054301228922547	25.0
15.04429837096313	25.0
15.034295513003713	25.0
15.024292655044299	25.0
15.014289797084881	25.0
15.004286939125464	25.0
14.994284081166047	25.0
14.98428122320663	25.0
14.974278365247212	25.0
14.964275507287795	25.0
14.954272649328377	25.0
14.94426979136896	25.0
14.934266933409546	26.0
14.924264075450129	26.0
14.914261217490711	26.0
14.904258359531294	26.0
14.894255501571877	26.0
14.88425264361246	26.0
14.874249785653042	26.0
14.864246927693625	26.0
14.854244069734207	26.0
14.84424121177479	26.0
14.834238353815376	26.0
14.824235495855959	26.0
14.814232637896541	26.0
14.804229779937124	26.0
14.794226921977707	25.0
14.78422406401829	25.0
14.774221206058872	25.0
14.764218348099455	25.0
14.754215490140037	25.0
14.744212632180624	25.0
14.734209774221206	25.0
14.724206916261789	25.0
14.714204058302371	25.0
14.704201200342954	25.0
14.694198342383537	25.0
14.68419548442412	25.0
14.674192626464702	25.0
14.664189768505285	25.0
14.65418691054587	25.0
14.644184052586454	25.0
14.634181194627036	25.0
14.624178336667619	25.0
14.614175478708201	25.0
14.604172620748784	25.0
14.594169762789367	26.0
14.58416690482995	26.0
14.574164046870532	26.0
14.564161188911115	26.0
14.5541583309517	26.0
14.544155472992284	26.0
14.534152615032866	26.0
14.524149757073449	26.0
14.514146899114031	26.0
14.504144041154614	26.0
14.494141183195197	26.0
14.48413832523578	26.0
14.474135467276362	26.0
14.464132609316948	26.0
14.45412975135753	26.0
14.444126893398114	26.0
14.434124035438696	25.0
14.424121177479279	25.0
14.414118319519861	25.0
14.404115461560444	25.0
14.394112603601027	26.0
14.38410974564161	26.0
14.374106887682192	26.0
14.364104029722778	27.0
14.35410117176336	27.0
14.344098313803944	28.0
14.334095455844526	29.0
14.324092597885109	29.0
14.314089739925691	30.0
14.304086881966274	30.0
14.294084024006857	30.0
14.28408116604744	30.0
14.274078308088026	30.0
14.264075450128608	30.0
14.25407259216919	30.0
14.244069734209774	30.0
14.234066876250356	29.0
14.224064018290939	29.0
14.214061160331521	29.0
14.204058302372104	29.0
14.194055444412687	29.0
14.184052586453273	29.0
14.174049728493856	29.0
14.164046870534438	29.0
14.15404401257502	29.0
14.144041154615604	28.0
14.134038296656186	28.0
14.124035438696769	28.0
14.114032580737351	28.0
14.104029722777934	28.0
14.094026864818517	27.0
14.084024006859103	27.0
14.074021148899686	27.0
14.064018290940268	27.0
14.05401543298085	27.0
14.044012575021434	27.0
14.034009717062016	27.0
14.024006859102599	27.0
14.014004001143181	27.0
14.004001143183764	28.0
13.99399828522435	28.0
13.983995427264933	28.0
13.973992569305516	28.0
13.963989711346098	28.0
13.95398685338668	28.0
13.943983995427264	28.0
13.933981137467846	28.0
13.923978279508429	28.0
13.913975421549011	28.0
13.903972563589594	28.0
13.89396970563018	28.0
13.883966847670763	28.0
13.873963989711346	28.0
13.863961131751928	28.0
13.85395827379251	28.0
13.843955415833094	29.0
13.833952557873676	29.0
13.823949699914259	29.0
13.813946841954841	29.0
13.803943983995428	29.0
13.79394112603601	29.0
13.783938268076593	29.0
13.773935410117176	29.0
13.763932552157758	29.0
13.75392969419834	29.0
13.743926836238924	29.0
13.733923978279506	29.0
13.723921120320089	28.0
13.713918262360675	28.0
13.703915404401258	28.0
13.69391254644184	27.0
13.683909688482423	27.0
13.673906830523006	27.0
13.663903972563588	27.0
13.65390111460417	27.0
13.643898256644754	29.0
13.633895398685336	29.0
13.623892540725919	29.0
13.613889682766505	29.0
13.603886824807088	28.0
13.59388396684767	28.0
13.583881108888253	28.0
13.573878250928836	28.0
13.563875392969418	28.0
13.55387253501	28.0
13.543869677050584	28.0
13.533866819091166	28.0
13.523863961131752	28.0
13.513861103172335	28.0
13.503858245212918	27.0
13.4938553872535	27.0
13.483852529294083	27.0
13.473849671334666	27.0
13.463846813375248	27.0
13.453843955415831	27.0
13.443841097456414	27.0
13.433838239496996	27.0
13.423835381537582	27.0
13.413832523578165	27.0
13.403829665618748	27.0
13.39382680765933	27.0
13.383823949699913	28.0
13.373821091740496	28.0
13.363818233781078	28.0
13.353815375821661	28.0
13.343812517862244	28.0
13.33380965990283	28.0
13.323806801943412	28.0
13.313803943983995	28.0
13.303801086024578	28.0
13.29379822806516	28.0
13.283795370105743	27.0
13.273792512146326	27.0
13.263789654186908	27.0
13.253786796227491	27.0
13.243783938268077	27.0
13.23378108030866	27.0
13.223778222349242	27.0
13.213775364389825	27.0
13.203772506430408	27.0
13.19376964847099	27.0
13.183766790511573	28.0
13.173763932552156	28.0
13.163761074592738	28.0
13.153758216633321	28.0
13.143755358673907	28.0
13.13375250071449	28.0
13.123749642755072	28.0
13.113746784795655	28.0
13.103743926836238	28.0
13.09374106887682	28.0
13.083738210917403	28.0
13.073735352957986	29.0
13.063732494998568	29.0
13.053729637039154	29.0
13.043726779079737	29.0
13.03372392112032	29.0
13.023721063160902	29.0
13.013718205201485	29.0
13.003715347242068	29.0
12.99371248928265	29.0
12.983709631323233	29.0
12.973706773363816	29.0
12.963703915404398	29.0
12.953701057444984	29.0
12.943698199485567	29.0
12.93369534152615	29.0
12.923692483566732	29.0
12.913689625607315	29.0
12.903686767647898	29.0
12.89368390968848	30.0
12.883681051729063	30.0
12.873678193769646	30.0
12.863675335810232	30.0
12.853672477850814	30.0
12.843669619891397	30.0
12.83366676193198	30.0
12.823663903972562	30.0
12.813661046013145	30.0
12.803658188053728	30.0
12.79365533009431	31.0
12.783652472134893	31.0
12.77364961417548	31.0
12.763646756216062	30.0
12.753643898256644	30.0
12.743641040297227	30.0
12.73363818233781	30.0
12.723635324378392	30.0
12.713632466418975	31.0
12.703629608459558	31.0
12.69362675050014	31.0
12.683623892540723	31.0
12.67362103458131	31.0
12.663618176621892	30.0
12.653615318662474	30.0
12.643612460703057	30.0
12.63360960274364	30.0
12.623606744784222	30.0
12.613603886824805	30.0
12.603601028865388	30.0
12.59359817090597	30.0
12.583595312946557	30.0
12.57359245498714	29.0
12.563589597027722	29.0
12.553586739068304	29.0
12.543583881108887	29.0
12.53358102314947	29.0
12.523578165190052	29.0
12.513575307230635	29.0
12.503572449271218	29.0
12.493569591311804	29.0
12.483566733352387	29.0
12.47356387539297	28.0
12.463561017433552	28.0
12.453558159474134	28.0
12.443555301514717	28.0
12.4335524435553	28.0
12.423549585595882	27.0
12.413546727636465	27.0
12.403543869677048	28.0
12.393541011717634	28.0
12.383538153758217	28.0
12.3735352957988	28.0
12.363532437839382	27.0
12.353529579879964	27.0
12.343526721920547	27.0
12.33352386396113	27.0
12.323521006001712	27.0
12.313518148042295	28.0
12.303515290082881	28.0
12.293512432123464	28.0
12.283509574164047	29.0
12.27350671620463	29.0
12.263503858245212	29.0
12.253501000285794	29.0
12.243498142326377	29.0
12.23349528436696	29.0
12.223492426407542	29.0
12.213489568448125	29.0
12.203486710488711	29.0
12.193483852529294	30.0
12.183480994569877	30.0
12.17347813661046	30.0
12.163475278651042	30.0
12.153472420691624	30.0
12.143469562732207	30.0
12.13346670477279	30.0
12.123463846813372	30.0
12.113460988853959	30.0
12.103458130894541	30.0
12.093455272935124	30.0
12.083452414975707	30.0
12.07344955701629	30.0
12.063446699056872	29.0
12.053443841097454	29.0
12.043440983138037	29.0
12.03343812517862	29.0
12.023435267219206	29.0
12.013432409259789	30.0
12.003429551300371	30.0
11.993426693340954	30.0
11.983423835381537	30.0
11.97342097742212	30.0
11.963418119462702	30.0
11.953415261503284	29.0
11.943412403543867	29.0
11.93340954558445	29.0
11.923406687625036	29.0
11.913403829665619	29.0
11.903400971706201	29.0
11.893398113746784	29.0
11.883395255787367	30.0
11.87339239782795	30.0
11.863389539868532	30.0
11.853386681909114	30.0
11.843383823949697	30.0
11.833380965990283	30.0
11.823378108030866	30.0
11.813375250071449	30.0
11.803372392112031	30.0
11.793369534152614	30.0
11.783366676193197	30.0
11.77336381823378	29.0
11.763360960274362	29.0
11.753358102314944	29.0
11.743355244355527	29.0
11.733352386396113	29.0
11.723349528436696	29.0
11.713346670477279	29.0
11.703343812517861	29.0
11.693340954558444	29.0
11.683338096599027	28.0
11.67333523863961	28.0
11.663332380680192	27.0
11.653329522720774	27.0
11.64332666476136	27.0
11.633323806801943	27.0
11.623320948842526	26.0
11.613318090883109	26.0
11.603315232923691	26.0
11.593312374964274	26.0
11.583309517004857	26.0
11.57330665904544	26.0
11.563303801086022	26.0
11.553300943126608	27.0
11.54329808516719	27.0
11.533295227207773	27.0
11.523292369248356	27.0
11.513289511288939	27.0
11.503286653329521	27.0
11.493283795370104	27.0
11.483280937410687	27.0
11.47327807945127	26.0
11.463275221491852	26.0
11.453272363532438	26.0
11.44326950557302	26.0
11.433266647613603	26.0
11.423263789654186	26.0
11.413260931694769	26.0
11.403258073735351	26.0
11.393255215775934	26.0
11.383252357816517	26.0
11.3732494998571	25.0
11.363246641897685	25.0
11.353243783938268	25.0
11.34324092597885	25.0
11.333238068019433	25.0
11.323235210060016	25.0
11.313232352100599	25.0
11.303229494141181	25.0
11.293226636181764	25.0
11.283223778222347	24.0
11.27322092026293	24.0
11.263218062303515	24.0
11.253215204344098	24.0
11.24321234638468	24.0
11.233209488425263	24.0
11.223206630465846	24.0
11.213203772506429	24.0
11.203200914547011	24.0
11.193198056587594	25.0
11.183195198628177	25.0
11.173192340668763	25.0
11.163189482709345	25.0
11.153186624749928	25.0
11.14318376679051	25.0
11.133180908831093	25.0
11.123178050871676	25.0
11.113175192912259	25.0
11.103172334952841	25.0
11.093169476993424	25.0
11.08316661903401	25.0
11.073163761074593	25.0
11.063160903115175	24.0
11.053158045155758	24.0
11.04315518719634	24.0
11.033152329236923	24.0
11.023149471277506	24.0
11.013146613318089	24.0
11.003143755358671	24.0
10.993140897399254	24.0
10.98313803943984	23.0
10.973135181480423	23.0
10.963132323521005	23.0
10.953129465561588	23.0
10.94312660760217	23.0
10.933123749642753	23.0
10.923120891683336	23.0
10.913118033723919	23.0
10.903115175764501	23.0
10.893112317805087	23.0
10.88310945984567	23.0
10.873106601886253	22.0
10.863103743926835	22.0
10.853100885967418	22.0
10.843098028008	22.0
10.833095170048583	22.0
10.823092312089166	22.0
10.813089454129749	22.0
10.803086596170331	22.0
10.793083738210917	22.0
10.7830808802515	22.0
10.773078022292083	22.0
10.763075164332665	22.0
10.753072306373248	22.0
10.74306944841383	22.0
10.733066590454413	22.0
10.723063732494996	23.0
10.713060874535579	23.0
10.703058016576165	23.0
10.693055158616747	23.0
10.68305230065733	23.0
10.673049442697913	23.0
10.663046584738495	23.0
10.653043726779078	23.0
10.64304086881966	23.0
10.633038010860243	23.0
10.623035152900826	23.0
10.613032294941412	23.0
10.603029436981995	23.0
10.593026579022577	23.0
10.58302372106316	22.0
10.573020863103743	22.0
10.563018005144325	22.0
10.553015147184908	22.0
10.54301228922549	22.0
10.533009431266073	22.0
10.523006573306656	22.0
10.513003715347242	22.0
10.503000857387825	22.0
10.492997999428407	23.0
10.48299514146899	23.0
10.472992283509573	23.0
10.462989425550155	23.0
10.452986567590738	23.0
10.44298370963132	24.0
10.432980851671903	24.0
10.42297799371249	24.0
10.412975135753072	24.0
10.402972277793655	25.0
10.392969419834237	25.0
10.38296656187482	25.0
10.372963703915403	25.0
10.362960845955985	25.0
10.352957987996568	25.0
10.34295513003715	25.0
10.332952272077733	25.0
10.32294941411832	25.0
10.312946556158902	25.0
10.302943698199485	25.0
10.292940840240068	25.0
10.28293798228065	26.0
10.272935124321233	26.0
10.262932266361815	26.0
10.252929408402398	26.0
10.24292655044298	26.0
10.232923692483567	26.0
10.22292083452415	26.0
10.212917976564732	26.0
10.202915118605315	26.0
10.192912260645898	26.0
10.18290940268648	26.0
10.172906544727063	25.0
10.162903686767645	25.0
10.152900828808228	26.0
10.142897970848814	26.0
10.132895112889397	26.0
10.12289225492998	26.0
10.112889396970562	26.0
10.102886539011145	26.0
10.092883681051728	26.0
10.08288082309231	26.0
10.072877965132893	27.0
10.062875107173475	27.0
10.052872249214058	27.0
10.042869391254644	27.0
10.032866533295227	27.0
10.02286367533581	27.0
10.012860817376392	27.0
10.002857959416975	27.0
9.992855101457558	27.0
9.98285224349814	27.0
9.972849385538723	27.0
9.962846527579305	27.0
9.952843669619892	28.0
9.942840811660474	28.0
9.932837953701057	28.0
9.92283509574164	28.0
9.912832237782222	28.0
9.902829379822805	28.0
9.892826521863388	28.0
9.88282366390397	28.0
9.872820805944553	28.0
9.862817947985135	28.0
9.852815090025722	28.0
9.842812232066304	28.0
9.832809374106887	28.0
9.82280651614747	28.0
9.812803658188052	28.0
9.802800800228635	28.0
9.792797942269218	28.0
9.7827950843098	28.0
9.772792226350383	29.0
9.762789368390969	29.0
9.752786510431552	29.0
9.742783652472134	29.0
9.732780794512717	29.0
9.7227779365533	29.0
9.712775078593882	29.0
9.702772220634465	29.0
9.692769362675048	29.0
9.68276650471563	29.0
9.672763646756216	29.0
9.662760788796799	29.0
9.652757930837382	29.0
9.642755072877964	29.0
9.632752214918547	29.0
9.62274935695913	29.0
9.612746498999712	30.0
9.602743641040295	31.0
9.592740783080878	31.0
9.58273792512146	31.0
9.572735067162046	31.0
9.562732209202629	31.0
9.552729351243212	31.0
9.542726493283794	31.0
9.532723635324377	30.0
9.52272077736496	30.0
9.512717919405542	30.0
9.502715061446125	30.0
9.492712203486708	30.0
9.482709345527294	30.0
9.472706487567876	30.0
9.462703629608459	30.0
9.452700771649042	31.0
9.442697913689624	31.0
9.432695055730207	31.0
9.42269219777079	31.0
9.412689339811372	31.0
9.402686481851955	31.0
9.392683623892538	31.0
9.382680765933124	31.0
9.372677907973706	31.0
9.362675050014289	31.0
9.352672192054872	31.0
9.342669334095454	31.0
9.332666476136037	32.0
9.32266361817662	32.0
9.312660760217202	32.0
9.302657902257785	32.0
9.292655044298371	32.0
9.282652186338954	32.0
9.272649328379536	32.0
9.262646470420119	33.0
9.252643612460702	33.0
9.242640754501284	33.0
9.232637896541867	33.0
9.22263503858245	33.0
9.212632180623032	32.0
9.202629322663618	32.0
9.192626464704201	32.0
9.182623606744784	33.0
9.172620748785366	33.0
9.162617890825949	33.0
9.152615032866532	33.0
9.142612174907114	33.0
9.132609316947697	32.0
9.12260645898828	32.0
9.112603601028862	32.0
9.102600743069448	32.0
9.092597885110031	31.0
9.082595027150614	31.0
9.072592169191196	31.0
9.062589311231779	31.0
9.052586453272362	30.0
9.042583595312944	30.0
9.032580737353527	30.0
9.02257787939411	30.0
9.012575021434696	30.0
9.002572163475278	31.0
8.992569305515861	31.0
8.982566447556444	31.0
8.972563589597026	31.0
8.962560731637609	32.0
8.952557873678192	32.0
8.942555015718774	32.0
8.932552157759357	32.0
8.922549299799943	32.0
8.912546441840526	32.0
8.902543583881108	32.0
8.892540725921691	31.0
8.882537867962274	31.0
8.872535010002856	31.0
8.862532152043439	31.0
8.852529294084022	31.0
8.842526436124604	31.0
8.832523578165187	31.0
8.822520720205773	31.0
8.812517862246356	31.0
8.802515004286938	31.0
8.792512146327521	31.0
8.782509288368104	31.0
8.772506430408686	31.0
8.762503572449269	31.0
8.752500714489852	31.0
8.742497856530434	31.0
8.73249499857102	31.0
8.722492140611603	30.0
8.712489282652186	30.0
8.702486424692768	30.0
8.692483566733351	30.0
8.682480708773934	30.0
8.672477850814516	30.0
8.662474992855099	30.0
8.652472134895682	30.0
8.642469276936264	30.0
8.63246641897685	30.0
8.622463561017433	30.0
8.612460703058016	30.0
8.602457845098598	30.0
8.592454987139181	30.0
8.582452129179764	30.0
8.572449271220346	30.0
8.562446413260929	30.0
8.552443555301512	30.0
8.542440697342098	30.0
8.53243783938268	30.0
8.522434981423263	30.0
8.512432123463846	30.0
8.502429265504428	30.0
8.492426407545011	30.0
8.482423549585594	30.0
8.472420691626176	30.0
8.462417833666759	30.0
8.452414975707345	30.0
8.442412117747928	30.0
8.43240925978851	31.0
8.422406401829093	31.0
8.412403543869676	31.0
8.402400685910258	31.0
8.392397827950841	31.0
8.382394969991424	31.0
8.372392112032006	31.0
8.362389254072589	31.0
8.352386396113175	31.0
8.342383538153758	31.0
8.33238068019434	31.0
8.322377822234923	31.0
8.312374964275506	31.0
8.302372106316088	31.0
8.292369248356671	31.0
8.282366390397254	31.0
8.272363532437836	31.0
8.262360674478423	31.0
8.252357816519005	31.0
8.242354958559588	31.0
8.23235210060017	31.0
8.222349242640753	31.0
8.212346384681336	31.0
8.202343526721918	31.0
8.192340668762501	31.0
8.182337810803084	30.0
8.172334952843666	30.0
8.162332094884253	30.0
8.152329236924835	30.0
8.142326378965418	30.0
8.132323521006	30.0
8.122320663046583	30.0
8.112317805087166	30.0
8.102314947127748	30.0
8.092312089168331	30.0
8.082309231208914	30.0
8.0723063732495	30.0
8.062303515290083	30.0
8.052300657330665	31.0
8.042297799371248	31.0
8.03229494141183	31.0
8.022292083452413	31.0
8.012289225492996	31.0
8.002286367533578	31.0
7.992283509574161	31.0
7.982280651614747	31.0
7.97227779365533	32.0
7.962274935695913	32.0
7.952272077736495	32.0
7.942269219777078	32.0
7.9322663618176605	32.0
7.922263503858243	32.0
7.912260645898826	32.0
7.9022577879394085	32.0
7.892254929979991	33.0
7.882252072020577	33.0
7.87224921406116	33.0
7.862246356101743	33.0
7.852243498142325	33.0
7.842240640182908	33.0
7.8322377822234905	33.0
7.822234924264073	33.0
7.812232066304656	33.0
7.8022292083452385	33.0
7.792226350385825	33.0
7.782223492426407	33.0
7.77222063446699	33.0
7.762217776507573	33.0
7.752214918548155	33.0
7.742212060588738	33.0
7.7322092026293205	33.0
7.722206344669903	33.0
7.712203486710486	32.0
7.7022006287510685	32.0
7.692197770791655	32.0
7.682194912832237	32.0
7.67219205487282	32.0
7.662189196913403	32.0
7.652186338953985	32.0
7.642183480994568	32.0
7.6321806230351505	32.0
7.622177765075733	32.0
7.612174907116316	32.0
7.602172049156902	32.0
7.592169191197485	32.0
7.582166333238067	32.0
7.57216347527865	32.0
7.562160617319233	32.0
7.552157759359815	33.0
7.542154901400398	33.0
7.5321520434409805	33.0
7.522149185481563	34.0
7.512146327522149	34.0
7.502143469562732	34.0
7.492140611603315	35.0
7.482137753643897	35.0
7.47213489568448	35.0
7.462132037725063	34.0
7.452129179765645	34.0
7.442126321806228	34.0
7.4321234638468106	34.0
7.422120605887393	34.0
7.412117747927979	34.0
7.402114889968562	34.0
7.392112032009145	35.0
7.382109174049727	35.0
7.37210631609031	35.0
7.362103458130893	35.0
7.352100600171475	35.0
7.342097742212058	35.0
7.3320948842526406	35.0
7.322092026293227	36.0
7.312089168333809	36.0
7.302086310374392	36.0
7.292083452414975	36.0
7.282080594455557	36.0
7.27207773649614	37.0
7.262074878536723	37.0
7.252072020577305	37.0
7.242069162617888	37.0
7.232066304658471	37.0
7.222063446699057	37.0
7.212060588739639	38.0
7.202057730780222	38.0
7.192054872820805	38.0
7.182052014861387	38.0
7.17204915690197	38.0
7.162046298942553	38.0
7.152043440983135	37.0
7.142040583023718	37.0
7.132037725064304	37.0
7.122034867104887	37.0
7.112032009145469	37.0
7.102029151186052	37.0
7.092026293226635	37.0
7.082023435267217	37.0
7.0720205773078	37.0
7.062017719348383	38.0
7.052014861388965	38.0
7.0420120034295515	38.0
7.032009145470134	38.0
7.022006287510717	38.0
7.012003429551299	38.0
7.002000571591882	38.0
6.991997713632465	38.0
6.981994855673047	38.0
6.97199199771363	38.0
6.961989139754213	38.0
6.951986281794795	38.0
6.9419834238353815	38.0
6.931980565875964	38.0
6.921977707916547	38.0
6.911974849957129	37.0
6.901971991997712	37.0
6.891969134038295	37.0
6.881966276078877	37.0
6.87196341811946	37.0
6.861960560160043	37.0
6.851957702200629	37.0
6.8419548442412115	37.0
6.831951986281794	37.0
6.821949128322377	37.0
6.811946270362959	37.0
6.801943412403542	37.0
6.791940554444125	37.0
6.781937696484707	37.0
6.77193483852529	37.0
6.761931980565873	37.0
6.751929122606459	37.0
6.7419262646470415	38.0
6.731923406687624	38.0
6.721920548728207	38.0
6.711917690768789	38.0
6.701914832809372	38.0
6.691911974849955	38.0
6.681909116890537	38.0
6.67190625893112	38.0
6.661903400971706	38.0
6.651900543012289	38.0
6.6418976850528715	37.0
6.631894827093454	37.0
6.621891969134037	37.0
6.611889111174619	37.0
6.601886253215202	37.0
6.591883395255785	37.0
6.581880537296367	36.0
6.5718776793369535	36.0
6.561874821377536	36.0
6.551871963418119	36.0
6.5418691054587015	37.0
6.531866247499284	37.0
6.521863389539867	37.0
6.511860531580449	37.0
6.501857673621032	37.0
6.491854815661615	37.0
6.481851957702197	38.0
6.4718490997427836	38.0
6.461846241783366	38.0
6.451843383823949	38.0
6.4418405258645315	38.0
6.431837667905114	38.0
6.421834809945697	39.0
6.411831951986279	39.0
6.401829094026862	39.0
6.391826236067445	39.0
6.381823378108031	38.0
6.3718205201486136	38.0
6.361817662189196	37.0
6.351814804229779	37.0
6.3418119462703615	38.0
6.331809088310944	38.0
6.321806230351527	38.0
6.311803372392109	38.0
6.301800514432692	38.0
6.291797656473275	38.0
6.281794798513861	38.0
6.271791940554444	38.0
6.261789082595026	38.0
6.251786224635609	39.0
6.2417833666761915	39.0
6.231780508716774	39.0
6.221777650757357	39.0
6.211774792797939	39.0
6.201771934838522	39.0
6.191769076879108	39.0
6.181766218919691	39.0
6.171763360960274	37.0
6.161760503000856	37.0
6.151757645041439	38.0
6.1417547870820215	36.0
6.131751929122604	36.0
6.121749071163187	36.0
6.111746213203769	37.0
6.101743355244356	37.0
6.091740497284938	37.0
6.081737639325521	37.0
6.071734781366104	37.0
6.061731923406686	37.0
6.051729065447269	37.0
6.0417262074878515	37.0
6.031723349528434	37.0
6.021720491569017	37.0
6.011717633609599	37.0
6.001714775650186	37.0
5.991711917690768	37.0
5.981709059731351	37.0
5.971706201771934	36.0
5.961703343812516	36.0
5.951700485853099	36.0
5.9416976278936815	36.0
5.931694769934264	36.0
5.921691911974847	36.0
5.911689054015433	36.0
5.901686196056016	36.0
5.891683338096598	36.0
5.881680480137181	36.0
5.871677622177764	36.0
5.861674764218346	36.0
5.851671906258929	36.0
5.8416690482995115	36.0
5.831666190340094	37.0
5.82166333238068	37.0
5.811660474421263	36.0
5.801657616461846	36.0
5.791654758502428	36.0
5.781651900543011	36.0
5.771649042583594	36.0
5.761646184624176	37.0
5.751643326664759	37.0
5.7416404687053415	37.0
5.731637610745924	37.0
5.72163475278651	37.0
5.711631894827093	37.0
5.701629036867676	37.0
5.691626178908258	37.0
5.681623320948841	37.0
5.671620462989424	37.0
5.661617605030006	37.0
5.651614747070589	38.0
5.6416118891111715	38.0
5.631609031151758	38.0
5.62160617319234	38.0
5.611603315232923	38.0
5.601600457273506	38.0
5.591597599314088	38.0
5.581594741354671	38.0
5.571591883395254	38.0
5.561589025435836	38.0
5.551586167476419	38.0
5.5415833095170015	38.0
5.531580451557588	39.0
5.52157759359817	39.0
5.511574735638753	39.0
5.501571877679336	39.0
5.491569019719918	39.0
5.481566161760501	39.0
5.471563303801084	39.0
5.461560445841666	39.0
5.451557587882249	38.0
5.441554729922835	38.0
5.431551871963418	38.0
5.421549014004	38.0
5.411546156044583	38.0
5.401543298085166	38.0
5.391540440125748	37.0
5.381537582166331	37.0
5.371534724206914	37.0
5.361531866247496	37.0
5.351529008288082	37.0
5.341526150328665	36.0
5.331523292369248	36.0
5.32152043440983	36.0
5.311517576450413	36.0
5.301514718490996	36.0
5.291511860531578	36.0
5.281509002572161	36.0
5.271506144612744	36.0
5.261503286653326	36.0
5.251500428693912	36.0
5.241497570734495	37.0
5.231494712775078	38.0
5.22149185481566	38.0
5.211488996856243	37.0
5.201486138896826	37.0
5.191483280937408	37.0
5.181480422977991	37.0
5.171477565018574	37.0
5.16147470705916	38.0
5.151471849099742	38.0
5.141468991140325	38.0
5.131466133180908	38.0
5.12146327522149	38.0
5.111460417262073	38.0
5.101457559302656	37.0
5.091454701343238	37.0
5.081451843383821	37.0
5.071448985424404	37.0
5.06144612746499	37.0
5.051443269505572	37.0
5.041440411546155	37.0
5.031437553586738	36.0
5.02143469562732	36.0
5.011431837667903	36.0
5.001428979708486	36.0
4.991426121749068	36.0
4.981423263789651	36.0
4.971420405830237	36.0
4.96141754787082	37.0
4.951414689911402	37.0
4.941411831951985	37.0
4.931408973992568	37.0
4.92140611603315	37.0
4.911403258073733	37.0
4.901400400114316	37.0
4.891397542154898	37.0
4.8813946841954845	37.0
4.871391826236067	37.0
4.86138896827665	37.0
4.851386110317232	37.0
4.841383252357815	37.0
4.831380394398398	37.0
4.82137753643898	37.0
4.811374678479563	37.0
4.801371820520146	37.0
4.791368962560728	38.0
4.7813661046013145	38.0
4.771363246641897	38.0
4.76136038868248	38.0
4.751357530723062	38.0
4.741354672763645	38.0
4.731351814804228	38.0
4.72134895684481	38.0
4.711346098885393	38.0
4.701343240925976	38.0
4.691340382966562	37.0
4.6813375250071445	37.0
4.671334667047727	37.0
4.66133180908831	37.0
4.651328951128892	37.0
4.641326093169475	37.0
4.631323235210058	38.0
4.62132037725064	38.0
4.611317519291223	39.0
4.601314661331806	39.0
4.591311803372392	39.0
4.5813089454129745	39.0
4.571306087453557	39.0
4.56130322949414	39.0
4.5513003715347224	40.0
4.541297513575305	40.0
4.531294655615888	40.0
4.52129179765647	40.0
4.511288939697053	40.0
4.501286081737639	40.0
4.491283223778222	40.0
4.4812803658188045	40.0
4.471277507859387	40.0
4.46127464989997	41.0
4.4512717919405524	41.0
4.441268933981135	41.0
4.431266076021718	41.0
4.4212632180623	41.0
4.411260360102887	41.0
4.401257502143469	40.0
4.391254644184052	40.0
4.3812517862246345	40.0
4.371248928265217	40.0
4.3612460703058	40.0
4.3512432123463824	39.0
4.341240354386965	39.0
4.331237496427548	39.0
4.32123463846813	39.0
4.311231780508717	39.0
4.301228922549299	39.0
4.291226064589882	39.0
4.2812232066304645	39.0
4.271220348671047	39.0
4.26121749071163	40.0
4.2512146327522125	40.0
4.241211774792795	40.0
4.231208916833378	40.0
4.221206058873964	40.0
4.211203200914547	40.0
4.201200342955129	41.0
4.191197484995712	41.0
4.1811946270362945	41.0
4.171191769076877	41.0
4.16118891111746	41.0
4.1511860531580425	41.0
4.141183195198625	40.0
4.131180337239208	40.0
4.121177479279794	40.0
4.111174621320377	40.0
4.101171763360959	40.0
4.091168905401542	40.0
4.0811660474421245	40.0
4.071163189482707	41.0
4.06116033152329	41.0
4.0511574735638725	41.0
4.041154615604455	41.0
4.031151757645041	41.0
4.021148899685624	41.0
4.011146041726207	41.0
4.001143183766789	41.0
3.991140325807372	42.0
3.9811374678479545	42.0
3.971134609888537	42.0
3.96113175192912	42.0
3.9511288939697025	42.0
3.9411260360102887	42.0
3.9311231780508713	42.0
3.921120320091454	42.0
3.9111174621320366	42.0
3.9011146041726192	43.0
3.891111746213202	43.0
3.8811088882537845	43.0
3.871106030294367	44.0
3.86110317233495	43.0
3.8511003143755325	43.0
3.8410974564161187	44.0
3.8310945984567013	44.0
3.821091740497284	44.0
3.8110888825378666	44.0
3.8010860245784492	44.0
3.791083166619032	44.0
3.7810803086596145	44.0
3.771077450700197	44.0
3.76107459274078	44.0
3.751071734781366	46.0
3.7410688768219487	45.0
3.7310660188625313	45.0
3.721063160903114	45.0
3.7110603029436966	45.0
3.7010574449842792	45.0
3.691054587024862	45.0
3.6810517290654445	44.0
3.671048871106027	44.0
3.66104601314661	44.0
3.651043155187196	44.0
3.6410402972277787	45.0
3.6310374392683613	45.0
3.621034581308944	45.0
3.6110317233495266	45.0
3.6010288653901092	45.0
3.591026007430692	46.0
3.5810231494712745	46.0
3.571020291511857	46.0
3.5610174335524434	46.0
3.551014575593026	46.0
3.5410117176336087	46.0
3.5310088596741913	45.0
3.521006001714774	45.0
3.5110031437553566	45.0
3.5010002857959392	45.0
3.490997427836522	45.0
3.4809945698771045	46.0
3.4709917119176907	46.0
3.4609888539582734	47.0
3.450985995998856	47.0
3.4409831380394387	46.0
3.4309802800800213	46.0
3.420977422120604	46.0
3.4109745641611866	46.0
3.4009717062017693	46.0
3.390968848242352	47.0
3.3809659902829345	47.0
3.3709631323235207	47.0
3.3609602743641034	47.0
3.350957416404686	47.0
3.3409545584452687	47.0
3.3309517004858513	48.0
3.320948842526434	48.0
3.3109459845670166	48.0
3.3009431266075993	47.0
3.290940268648182	48.0
3.280937410688768	48.0
3.2709345527293507	48.0
3.2609316947699334	47.0
3.250928836810516	47.0
3.2409259788510987	47.0
3.2309231208916813	47.0
3.220920262932264	48.0
3.2109174049728466	48.0
3.2009145470134293	48.0
3.190911689054012	48.0
3.180908831094598	48.0
3.1709059731351807	49.0
3.1609031151757634	49.0
3.150900257216346	49.0
3.1408973992569287	49.0
3.1308945412975113	49.0
3.120891683338094	49.0
3.1108888253786766	49.0
3.1008859674192593	49.0
3.0908831094598455	49.0
3.080880251500428	49.0
3.0708773935410107	50.0
3.0608745355815934	50.0
3.050871677622176	50.0
3.0408688196627587	50.0
3.0308659617033413	50.0
3.020863103743924	50.0
3.0108602457845066	50.0
3.000857387825093	50.0
2.990854529865672	50.0
2.980851671906258	50.0
2.970848813946837	50.0
2.9608459559874234	51.0
2.9508430980280096	51.0
2.9408402400685887	51.0
2.930837382109175	51.0
2.920834524149754	51.0
2.91083166619034	51.0
2.9008288082309193	51.0
2.8908259502715055	51.0
2.8808230923120846	51.0
2.8708202343526708	51.0
2.860817376393257	51.0
2.850814518433836	51.0
2.8408116604744222	51.0
2.8308088025150013	51.0
2.8208059445555875	50.0
2.8108030865961666	50.0
2.800800228636753	50.0
2.790797370677332	50.0
2.780794512717918	50.0
2.770791654758497	50.0
2.7607887967990834	50.0
2.7507859388396696	50.0
2.7407830808802487	50.0
2.730780222920835	50.0
2.720777364961414	50.0
2.710774507002	50.0
2.7007716490425793	51.0
2.6907687910831655	51.0
2.6807659331237446	51.0
2.6707630751643308	50.0
2.660760217204917	50.0
2.650757359245496	50.0
2.6407545012860822	51.0
2.6307516433266613	51.0
2.6207487853672475	51.0
2.6107459274078266	51.0
2.600743069448413	52.0
2.590740211488992	52.0
2.580737353529578	52.0
2.5707344955701643	52.0
2.5607316376107434	52.0
2.5507287796513296	51.0
2.5407259216919087	51.0
2.530723063732495	51.0
2.520720205773074	51.0
2.51071734781366	51.0
2.5007144898542393	52.0
2.4907116318948255	52.0
2.4807087739354117	52.0
2.4707059159759908	53.0
2.460703058016577	53.0
2.450700200057156	53.0
2.4406973420977423	55.0
2.4306944841383213	55.0
2.4206916261789075	55.0
2.4106887682194866	54.0
2.400685910260073	54.0
2.390683052300659	54.0
2.380680194341238	54.0
2.3706773363818243	56.0
2.3606744784224034	56.0
2.3506716204629896	56.0
2.3406687625035687	56.0
2.330665904544155	56.0
2.320663046584734	56.0
2.31066018862532	56.0
2.3006573306658993	56.0
2.2906544727064855	57.0
2.2806516147470717	57.0
2.2706487567876508	57.0
2.260645898828237	57.0
2.250643040868816	56.0
2.2406401829094023	56.0
2.2306373249499813	57.0
2.2206344669905675	57.0
2.2106316090311466	57.0
2.200628751071733	56.0
2.190625893112319	56.0
2.180623035152898	56.0
2.1706201771934843	56.0
2.1606173192340634	56.0
2.1506144612746496	57.0
2.1406116033152287	57.0
2.130608745355815	57.0
2.120605887396394	57.0
2.11060302943698	57.0
2.1006001714775664	57.0
2.0905973135181455	56.0
2.0805944555587317	56.0
2.0705915975993108	56.0
2.060588739639897	56.0
2.050585881680476	56.0
2.0405830237210623	56.0
2.0305801657616414	56.0
2.0205773078022276	58.0
2.0105744498428137	58.0
2.000571591883393	58.0
1.990568733923979	58.0
1.9805658759645581	59.0
1.9705630180051443	58.0
1.9605601600457234	58.0
1.9505573020863096	58.0
1.9405544441268887	58.0
1.930551586167475	57.0
1.920548728208061	57.0
1.9105458702486402	57.0
1.9005430122892264	57.0
1.8905401543298055	55.0
1.8805372963703917	56.0
1.8705344384109708	56.0
1.860531580451557	56.0
1.850528722492136	56.0
1.8405258645327223	56.0
1.8305230065733014	56.0
1.8205201486138876	56.0
1.8105172906544738	56.0
1.8005144326950528	56.0
1.790511574735639	56.0
1.7805087167762181	55.0
1.7705058588168043	56.0
1.7605030008573834	55.0
1.7505001428979696	55.0
1.7404972849385487	55.0
1.730494426979135	55.0
1.7204915690197211	55.0
1.7104887110603002	55.0
1.7004858531008864	56.0
1.6904829951414655	56.0
1.6804801371820517	56.0
1.6704772792226308	56.0
1.660474421263217	56.0
1.650471563303796	56.0
1.6404687053443823	57.0
1.6304658473849685	57.0
1.6204629894255476	57.0
1.6104601314661338	57.0
1.6004572735067129	57.0
1.590454415547299	57.0
1.5804515575878781	57.0
1.5704486996284643	58.0
1.5604458416690434	58.0
1.5504429837096296	58.0
1.5404401257502158	58.0
1.530437267790795	58.0
1.5204344098313811	58.0
1.5104315518719602	59.0
1.5004286939125464	59.0
1.4904258359531255	58.0
1.4804229779937117	58.0
1.4704201200342908	58.0
1.460417262074877	59.0
1.4504144041154632	59.0
1.4404115461560423	59.0
1.4304086881966285	59.0
1.4204058302372076	59.0
1.4104029722777938	59.0
1.4004001143183729	59.0
1.390397256358959	58.0
1.3803943983995381	58.0
1.3703915404401243	58.0
1.3603886824807034	58.0
1.3503858245212896	58.0
1.3403829665618758	58.0
1.330380108602455	58.0
1.3203772506430411	58.0
1.3103743926836202	58.0
1.3003715347242064	59.0
1.2903686767647855	59.0
1.2803658188053717	59.0
1.2703629608459508	59.0
1.260360102886537	59.0
1.2503572449271232	59.0
1.2403543869677023	58.0
1.2303515290082885	58.0
1.2203486710488676	58.0
1.2103458130894538	57.0
1.2003429551300329	57.0
1.190340097170619	57.0
1.1803372392111982	58.0
1.1703343812517844	58.0
1.1603315232923705	57.0
1.1503286653329496	58.0
1.1403258073735358	58.0
1.130322949414115	57.0
1.1203200914547011	57.0
1.1103172334952802	57.0
1.1003143755358664	55.0
1.0903115175764455	55.0
1.0803086596170317	56.0
1.070305801657618	57.0
1.060302943698197	57.0
1.0503000857387832	57.0
1.0402972277793623	57.0
1.0302943698199485	57.0
1.0202915118605276	56.0
1.0102886539011138	56.0
1.0002857959416929	56.0
0.9902829379822791	56.0
0.9802800800228653	56.0
0.9702772220634444	56.0
0.9602743641040306	56.0
0.9502715061446096	56.0
0.9402686481851958	56.0
0.9302657902257749	56.0
0.9202629322663611	56.0
0.9102600743069402	56.0
0.9002572163475264	56.0
0.8902543583881055	57.0
0.8802515004286917	57.0
0.8702486424692779	57.0
0.860245784509857	57.0
0.8502429265504432	57.0
0.8402400685910223	57.0
0.8302372106316085	57.0
0.8202343526721876	57.0
0.8102314947127738	57.0
0.8002286367533529	57.0
0.7902257787939391	57.0
0.7802229208345253	56.0
0.7702200628751044	56.0
0.7602172049156906	56.0
0.7502143469562697	56.0
0.7402114889968558	57.0
0.7302086310374349	57.0
0.7202057730780211	56.0
0.7102029151186002	56.0
0.7002000571591864	56.0
0.6901971991997726	56.0
0.6801943412403517	56.0
0.6701914832809379	54.0
0.660188625321517	54.0
0.6501857673621032	54.0
0.6401829094026823	54.0
0.6301800514432685	54.0
0.6201771934838476	55.0
0.6101743355244338	55.0
0.60017147756502	53.0
0.5901686196055991	53.0
0.5801657616461853	53.0
0.5701629036867644	53.0
0.5601600457273506	54.0
0.5501571877679297	55.0
0.5401543298085159	55.0
0.530151471849095	54.0
0.5201486138896811	54.0
0.5101457559302673	54.0
0.5001428979708464	54.0
0.49014004001143263	54.0
0.4801371820520117	55.0
0.4701343240925979	55.0
0.460131466133177	55.0
0.4501286081737632	55.0
0.4401257502143423	55.0
0.4301228922549285	55.0
0.4201200342955076	55.0
0.4101171763360938	55.0
0.40011431837668	55.0
0.3901114604172591	55.0
0.3801086024578453	54.0
0.37010574449842437	54.0
0.36010288653901057	54.0
0.35010002857958966	54.0
0.34009717062017586	54.0
0.33009431266075495	54.0
0.32009145470134115	54.0
0.31008859674192735	54.0
0.30008573878250644	53.0
0.29008288082309264	53.0
0.28008002286367173	53.0
0.2700771649042579	54.0
0.260074306944837	54.0
0.2500714489854232	54.0
0.2400685910260023	54.0
0.2300657330665885	54.0
0.2200628751071747	55.0
0.2100600171477538	55.0
0.20005715918834	55.0
0.1900543012289191	55.0
0.18005144326950528	55.0
0.17004858531008438	55.0
0.16004572735067057	55.0
0.15004286939124967	54.0
0.14004001143183586	54.0
0.13003715347242206	54.0
0.12003429551300115	54.0
0.11003143755358735	54.0
0.10002857959416644	55.0
0.09002572163475264	55.0
0.08002286367533173	55.0
0.07002000571591793	55.0
0.060017147756497025	55.0
0.05001428979708322	55.0
0.04001143183766942	55.0
0.030008573878248512	55.0
0.02000571591883471	55.0
0.010002857959413802	55.0
0.0	55.0
