feature,shap,lwr_shap,upr_shap,rate,rate_lwr,rate_upr
baseline,0.23807478969390028,0.19337186581100776,0.2857608817580442,NA,NA,NA
T0__cont_trait_0,0.016205203606321595,-0.0599491254334456,0.11158383547537463,0.3922791470948332,0.18893314768397446,0.6127607132447553
T0__cat_trait_0,-0.02295741717950616,-0.0681439450435182,0.031352753397072664,NA,NA,NA
T0__pvr_0,0.027125049576982276,-0.0578188069584884,0.12195645222261209,NA,NA,NA
T0__pvr_1,-0.0007180528529803369,-0.09302728136618188,0.08432639812645698,NA,NA,NA
T0__time,0.13454957425011552,0.027711035329329975,0.25042554768596614,NA,NA,NA
T1__cont_trait_0,0.0006207919892534241,-0.07827467452616424,0.09187066176261062,0.34722373232531983,0.1565049202330271,0.5625591576390092
T1__cat_trait_0,-0.022234931633848598,-0.0723864948565344,0.017621182907378685,NA,NA,NA
T1__pvr_0,0.051495857090328445,-0.06285856989733174,0.18291219614135495,NA,NA,NA
T1__pvr_1,-0.010310370352113782,-0.08284292269545993,0.06670603184163756,NA,NA,NA
T1__time,0.08957759553780027,0.0009282614443475029,0.1888865409006236,NA,NA,NA
T2__cont_trait_0,0.01090160921800561,-0.06837991893569684,0.09244915168335842,0.3480319146267245,0.15519006945286173,0.5179709215614958
T2__cat_trait_0,-0.024027918094697526,-0.07366439172415096,0.022891604959841397,NA,NA,NA
T2__pvr_0,0.015088049476974516,-0.05427071023875877,0.09420247574852053,NA,NA,NA
T2__pvr_1,-0.005806139971837851,-0.09603098115676909,0.06867179748167368,NA,NA,NA
T2__time,0.11380152430437968,0.02105654049085369,0.219038018442067,NA,NA,NA
T3__cont_trait_0,0.004620465029418306,-0.07270434416742033,0.1060363972534501,0.3134805952542649,0.13433217473035597,0.4962528207315207
T3__cat_trait_0,-0.02454548286260631,-0.062475224741682336,0.01662708964367985,NA,NA,NA
T3__pvr_0,0.0009356285689493452,-0.06618022516863217,0.08094114168942491,NA,NA,NA
T3__pvr_1,-0.023839603851707376,-0.09297082514855433,0.050835750179976213,NA,NA,NA
T3__time,0.11823479867631051,0.016017998505155118,0.22641862482939268,NA,NA,NA
T5__cont_trait_0,0.007482225338436727,-0.0771971733576755,0.08266685144630627,0.35370581337128154,0.1917187500858918,0.5454789428073483
T5__cat_trait_0,-0.024180196152174694,-0.07022946018753588,0.018046558327783083,NA,NA,NA
T5__pvr_0,0.014201686524252214,-0.06458074846083015,0.09415198727888349,NA,NA,NA
T5__pvr_1,-0.011175524427721134,-0.10109867778682934,0.058502746580299206,NA,NA,NA
T5__time,0.12930283239458815,0.02507443394261418,0.2370558374903368,NA,NA,NA
T7__cont_trait_0,0.03468119919194762,-0.0721494578419688,0.17494030255794352,0.5186192354198644,0.1842388688181111,1.014530828647414
T7__cat_trait_0,0.10367578539493963,-0.031030048451857258,0.30818332963039163,NA,NA,NA
T7__pvr_0,0.0067226575476448175,-0.09121879725395388,0.10905709268623603,NA,NA,NA
T7__pvr_1,-0.0028127744739905414,-0.10704994506770348,0.107038763610967,NA,NA,NA
T7__time,0.13827757806542273,0.011590012299948854,0.3250542353582202,NA,NA,NA
T8__cont_trait_0,0.007972685759784244,-0.08073076878441053,0.07868728184518554,0.3549802406084868,0.19448741822270946,0.5517393691575475
T8__cat_trait_0,-0.02419255895457491,-0.06488611231550925,0.0234668722208283,NA,NA,NA
T8__pvr_0,0.015813715124106863,-0.05973232123298079,0.10213250266686502,NA,NA,NA
T8__pvr_1,-0.010553890715289522,-0.10050065522733141,0.060417508485864614,NA,NA,NA
T8__time,0.12786549970056005,0.028597254481452165,0.2401119184548707,NA,NA,NA
T9__cont_trait_0,0.012893537794250605,-0.06458466317389112,0.1000643725178377,0.37631349401473163,0.1960796570839959,0.5803542952357822
T9__cat_trait_0,-0.023482036207756088,-0.06743819130266471,0.026137182167651846,NA,NA,NA
T9__pvr_0,0.022131597431991754,-0.05856148530273154,0.10946264916632993,NA,NA,NA
T9__pvr_1,-0.005469984319851439,-0.09221887727424351,0.07895343950936684,NA,NA,NA
T9__time,0.13216558962219657,0.034582488229833466,0.25367137700889986,NA,NA,NA
T10__cont_trait_0,0.034428311979441524,-0.07993402720153713,0.17998933614933932,0.533295648669173,0.1649668917851603,1.0035748647375213
T10__cat_trait_0,0.10940835548084316,-0.049669234853559466,0.3131110069122323,NA,NA,NA
T10__pvr_0,0.029201693791951384,-0.05481367695138924,0.17361849464712592,NA,NA,NA
T10__pvr_1,0.0012947882023351892,-0.10445959840891364,0.10928122938030826,NA,NA,NA
T10__time,0.12088770952070155,-0.005254204199007073,0.2791452940789124,NA,NA,NA
T12__cont_trait_0,0.03490734521913099,-0.069364501423819,0.1631495716350555,0.4239561048814182,0.12818305886272824,0.7602372873814511
T12__cat_trait_0,0.08446344387158372,-0.03075712226130206,0.2414355630517912,NA,NA,NA
T12__pvr_0,-0.012737914502800743,-0.084169061793136,0.07788610995564496,NA,NA,NA
T12__pvr_1,-0.04691701323879875,-0.16737150148456428,0.06573227014471472,NA,NA,NA
T12__time,0.1261654538384028,0.0085635883474693,0.2804561283123852,NA,NA,NA
T14__cont_trait_0,0.015578253740936443,-0.06270374020120549,0.1091472236823964,0.38546699810552537,0.18416530807760773,0.603920009825251
T14__cat_trait_0,-0.022941802929844133,-0.07073297001613356,0.030315974604043214,NA,NA,NA
T14__pvr_0,0.02645876526918064,-0.05976274700913349,0.11440481954973983,NA,NA,NA
T14__pvr_1,-0.0020396821212210437,-0.09592959878615083,0.08173696525142232,NA,NA,NA
T14__time,0.13033667445257327,0.02772663656835056,0.24527250895195762,NA,NA,NA
T16__cont_trait_0,0.01777049498579424,-0.07011845787802498,0.1328399423703902,0.3991154795530297,0.17851759896826472,0.6841905620842543
T16__cat_trait_0,-0.021904134853118113,-0.07392273149224567,0.037346192737521045,NA,NA,NA
T16__pvr_0,0.03131946929458383,-0.05790545694392716,0.12908403388058753,NA,NA,NA
T16__pvr_1,0.0037998018154506066,-0.08852173798476436,0.10496272447406671,NA,NA,NA
T16__time,0.13005505861641878,0.02327111831042243,0.24705863969677627,NA,NA,NA
T17__cont_trait_0,0.007781790526840756,-0.06805486919647036,0.10152822369093376,0.33402977507618264,0.1755502489313084,0.533022990492119
T17__cat_trait_0,-0.024747490789971575,-0.06952460525097534,0.01899975917503842,NA,NA,NA
T17__pvr_0,0.007465673905824492,-0.05902291859785566,0.08708853337266442,NA,NA,NA
T17__pvr_1,-0.011320083111613751,-0.08720911729492441,0.06904551821326872,NA,NA,NA
T17__time,0.11677509485120258,0.01620780956402615,0.21384619281441997,NA,NA,NA
T19__cont_trait_0,0.006678077082766565,-0.06249722822904179,0.09161093791529831,0.3774219682675175,0.1963602299254684,0.6047630414935699
T19__cat_trait_0,-0.020857879920434773,-0.068440058861891,0.03535337923985414,NA,NA,NA
T19__pvr_0,0.08226344006903763,-0.07069505455096255,0.21041545126320657,NA,NA,NA
T19__pvr_1,-0.003920902366642945,-0.08831541742368389,0.0665831346239052,NA,NA,NA
T19__time,0.07518444370889078,0.0075443008631933955,0.15456327878218723,NA,NA,NA
T21__cont_trait_0,0.010782472492144476,-0.06656139890082731,0.09484056303624151,0.3513939873717739,0.16589773797122065,0.5328293979529416
T21__cat_trait_0,-0.024028203247861844,-0.07172920145847535,0.024113630536850617,NA,NA,NA
T21__pvr_0,0.013378780008785226,-0.05599487457687713,0.09099930661929947,NA,NA,NA
T21__pvr_1,-0.005892215889468232,-0.09583561277398002,0.06875426440682314,NA,NA,NA
T21__time,0.11907836431427421,0.02385078532237319,0.22685727231600372,NA,NA,NA
T22__cont_trait_0,0.006352691046919809,-0.10223257974969965,0.11368310139907682,0.44770512627675574,0.1714831875952821,0.8238448172540782
T22__cat_trait_0,-0.01824327111350513,-0.09127735630192091,0.05743673947412048,NA,NA,NA
T22__pvr_0,-0.015787069349456697,-0.09567820322362582,0.07469525154947854,NA,NA,NA
T22__pvr_1,0.08406653736274608,-0.05000322053228304,0.25381041124545733,NA,NA,NA
T22__time,0.15324144863615152,0.017764596202983277,0.29883694851325293,NA,NA,NA
T23__cont_trait_0,0.006020890952169617,-0.08959714510019925,0.12446176913717337,0.26609804877322907,0.11742956179185488,0.4418909985873731
T23__cat_trait_0,-0.022462945775368098,-0.0567500763735483,0.01730770400363975,NA,NA,NA
T23__pvr_0,-0.006127676985752859,-0.07778302823046801,0.07043379189616011,NA,NA,NA
T23__pvr_1,-0.03134981938739969,-0.10296528092594784,0.028003624643161015,NA,NA,NA
T23__time,0.08194281027567987,0.006932580012719812,0.1766314318819941,NA,NA,NA
T24__cont_trait_0,0.03346187390673519,-0.05574627744687617,0.14553141503063163,0.38277137103304015,0.15389554131947752,0.6929593202423041
T24__cat_trait_0,0.07550743289526281,-0.038079171238312906,0.21569331772520828,NA,NA,NA
T24__pvr_0,-0.01775091876467755,-0.08682898546431994,0.06760441365277658,NA,NA,NA
T24__pvr_1,-0.05225703753594024,-0.17689436963739494,0.07279916238229349,NA,NA,NA
T24__time,0.1057352308377597,0.010393380657555247,0.238373394530635,NA,NA,NA
T26__cont_trait_0,-0.003532191046233979,-0.07452567729391749,0.07308920064504125,0.37673955412610377,0.1870895678237036,0.591921917351362
T26__cat_trait_0,-0.020118399021856134,-0.07353860282565781,0.03288610234119113,NA,NA,NA
T26__pvr_0,0.0971414400630815,-0.033016020565840326,0.24748939330790448,NA,NA,NA
T26__pvr_1,-0.0038986011292948273,-0.08698774520704486,0.06846145738580534,NA,NA,NA
T26__time,0.06907251556650695,0.007832188746177575,0.15320028972009125,NA,NA,NA
T28__cont_trait_0,-0.01618129081012721,-0.11140573630889665,0.10153568643071556,0.3905905108263772,0.12743927082849354,0.6955480590812606
T28__cat_trait_0,-0.015233411628827343,-0.08495598462938768,0.05707536751223054,NA,NA,NA
T28__pvr_0,-0.03139763199954716,-0.0992678301607313,0.05767187065946899,NA,NA,NA
T28__pvr_1,0.08398095364408283,-0.04210428630145277,0.24459747637162246,NA,NA,NA
T28__time,0.13134710192689592,0.01880966647952896,0.2780414385079962,NA,NA,NA
T29__cont_trait_0,0.015118425315590352,-0.06511070246643738,0.09822736873523746,0.40309500612794547,0.20943186901707606,0.6603323453683554
T29__cat_trait_0,-0.01957749456724938,-0.07105438820473613,0.040578179115452626,NA,NA,NA
T29__pvr_0,0.09579119030347094,-0.03847151353671191,0.24976617639407098,NA,NA,NA
T29__pvr_1,0.001531451771104641,-0.09222447495978692,0.07915854909142885,NA,NA,NA
T29__time,0.07215664361112868,0.005379131684773192,0.1443248721596223,NA,NA,NA
T30__cont_trait_0,-0.002288095385200169,-0.12781665932631966,0.1388263868234809,0.23608971018038702,0.08784352416860886,0.3886128746622748
T30__cat_trait_0,-0.01997153249894964,-0.05250412270082026,0.018024665420764807,NA,NA,NA
T30__pvr_0,-0.011816020051359465,-0.07619998552929055,0.06317398959352442,NA,NA,NA
T30__pvr_1,-0.0321204998031943,-0.0972466969057674,0.029016088599432402,NA,NA,NA
T30__time,0.06421106822519049,-0.0029450584019403425,0.14808214395704208,NA,NA,NA
T31__cont_trait_0,-0.00260831124048224,-0.09202102719359836,0.08950325775858844,0.32449154005802855,0.08581227494447463,0.613569792877809
T31__cat_trait_0,0.06163095714679046,-0.039048866799731234,0.19900305524927517,NA,NA,NA
T31__pvr_0,-0.029512835827584245,-0.09348510685633776,0.0410186667111698,NA,NA,NA
T31__pvr_1,-0.05363787080074431,-0.1925583426321062,0.09203558722004278,NA,NA,NA
T31__time,0.11054481108614898,0.009289301848894552,0.2351898538697486,NA,NA,NA
T35__cont_trait_0,0.01161534517354469,-0.08003013092688503,0.11209174299792947,0.264395740294768,0.1339356362845285,0.4380545982809849
T35__cat_trait_0,-0.022358336787091985,-0.057546863361210475,0.01858025087769688,NA,NA,NA
T35__pvr_0,-0.009591680252035207,-0.07725112257989965,0.06604260554881151,NA,NA,NA
T35__pvr_1,-0.0351764391955297,-0.10937080157910134,0.027470084892704832,NA,NA,NA
T35__time,0.08183206166198002,0.014048555927458899,0.17478123889579453,NA,NA,NA
T37__cont_trait_0,0.00915297511766683,-0.06750347514388964,0.12011389066629992,0.3025353574971126,0.13838099910840465,0.47775853379587446
T37__cat_trait_0,-0.02478261263909294,-0.06819205271463925,0.014385477206810632,NA,NA,NA
T37__pvr_0,0.0031146548773436766,-0.0730802479695199,0.08535809052789348,NA,NA,NA
T37__pvr_1,-0.017439892618876997,-0.08708232106997024,0.056866563265540584,NA,NA,NA
T37__time,0.09441544306617172,0.007617463046224036,0.18600347185552546,NA,NA,NA
T38__cont_trait_0,0.026633772593848262,-0.07332772263340932,0.14286211112705655,0.43647046669620054,0.23144480632562256,0.7444486392867702
T38__cat_trait_0,-0.017885831524271315,-0.07595490033750277,0.04636922224178475,NA,NA,NA
T38__pvr_0,0.11654052353970837,-0.022215591261060555,0.288330644743798,NA,NA,NA
T38__pvr_1,0.010786853499644823,-0.08263034168630232,0.10904497428623983,NA,NA,NA
T38__time,0.06232035889336997,0.0015006080666725569,0.13095741545202064,NA,NA,NA
T39__cont_trait_0,-0.0038072800611535177,-0.1020907248962879,0.10348447729190248,0.3949456727288594,0.11582293140366656,0.7145375899905708
T39__cat_trait_0,-0.021919168034495815,-0.09744096721296688,0.033768903591536795,NA,NA,NA
T39__pvr_0,-0.04939251041585042,-0.11671346877241603,0.04116289828998543,NA,NA,NA
T39__pvr_1,0.09851334799672927,-0.06291267487490776,0.2808355952071788,NA,NA,NA
T39__time,0.13347649354972954,0.015082940043030256,0.26550207792913416,NA,NA,NA
T40__cont_trait_0,0.014693579181882844,-0.07212228379923483,0.12472537860403587,0.41805380514978235,0.2126245226583712,0.6702612587664212
T40__cat_trait_0,-0.018805022663032363,-0.0746761954004505,0.03934100137186208,NA,NA,NA
T40__pvr_0,0.11532017293128508,-0.025323336706637715,0.2602467893768099,NA,NA,NA
T40__pvr_1,0.005093036326276653,-0.09059816476740822,0.08994474846573176,NA,NA,NA
T40__time,0.06367724967947028,-0.0011450194954127774,0.13078613210720175,NA,NA,NA
T43__cont_trait_0,-0.020393105840731944,-0.12484300784699287,0.06964953736640367,0.3527090918301917,0.1321127565106776,0.6011164102194761
T43__cat_trait_0,-0.016759498580339267,-0.0854505180421366,0.045253131603182145,NA,NA,NA
T43__pvr_0,-0.040667532760682905,-0.10484799790072089,0.035782548354291954,NA,NA,NA
T43__pvr_1,0.08064972210092596,-0.0519508011004231,0.22326544712115204,NA,NA,NA
T43__time,0.1118047172171198,0.010319809682837647,0.2293205054571892,NA,NA,NA
T45__cont_trait_0,0.0325928087762395,-0.05560368680278788,0.13569355385487944,0.35913229655606266,0.13904096748658792,0.6622533168676568
T45__cat_trait_0,0.06657671469431098,-0.04202338648998398,0.19579751172992482,NA,NA,NA
T45__pvr_0,-0.024063552741269926,-0.0908558171134055,0.06105736392211791,NA,NA,NA
T45__pvr_1,-0.059876107274400264,-0.20349141302055107,0.06351813775694082,NA,NA,NA
T45__time,0.1058276434072822,0.01482915290433486,0.2302255264754545,NA,NA,NA
T46__cont_trait_0,0.010013964347903281,-0.09098493179584115,0.10558032153887853,0.27228385011746253,0.1261929792642547,0.4458960292370323
T46__cat_trait_0,-0.023275696322094443,-0.05769094035148292,0.020835053967081074,NA,NA,NA
T46__pvr_0,-0.00016527212547200144,-0.08226396027189742,0.07648894641247678,NA,NA,NA
T46__pvr_1,-0.029125057746526815,-0.09772531847605267,0.03520532919797796,NA,NA,NA
T46__time,0.07676112226975225,0.007312693651599825,0.16240287242332058,NA,NA,NA
T47__cont_trait_0,0.021715690804064366,-0.060330772865647087,0.13033312884753287,0.3711433009142741,0.1285822160826432,0.6592287313486876
T47__cat_trait_0,0.07398507216316659,-0.040110742887916655,0.2189479101649286,NA,NA,NA
T47__pvr_0,-0.018047150344607753,-0.08996680963663314,0.056713926242768053,NA,NA,NA
T47__pvr_1,-0.04784579085593225,-0.1785436009828246,0.08260483264458073,NA,NA,NA
T47__time,0.10326068945368301,0.01101308833646071,0.21985544691297765,NA,NA,NA
T49__cont_trait_0,0.04220214128184428,-0.0389057224529714,0.14445125783086007,0.26673377160305,0.09645787447579812,0.4911935255975717
T49__cat_trait_0,0.04281500667043268,-0.05009577814813877,0.14768095554062804,NA,NA,NA
T49__pvr_0,-0.0656863148095516,-0.1580139873264641,0.000896381374989437,NA,NA,NA
T49__pvr_1,-0.06026527031220739,-0.19925125397624166,0.09619774910953141,NA,NA,NA
T49__time,0.0695934190786319,-0.0008224328968722758,0.17066068026877632,NA,NA,NA
T53__cont_trait_0,-0.012423709208766993,-0.08965127169897272,0.05714137522040879,0.35619910425437495,0.18822159520931417,0.5444944023467042
T53__cat_trait_0,-0.020305978390375175,-0.06843487396068257,0.034007083452019374,NA,NA,NA
T53__pvr_0,0.1063852361953015,-0.024091008317270256,0.2381113574006886,NA,NA,NA
T53__pvr_1,-0.005751928696128519,-0.08226465154155602,0.06689059149882741,NA,NA,NA
T53__time,0.05022069466044394,-0.0027374489288815793,0.11192130450598729,NA,NA,NA
T54__cont_trait_0,0.00871904003060879,-0.07200447300126936,0.11545920282418609,0.3365674253675795,0.10795558964389407,0.5500025499868084
T54__cat_trait_0,-0.020772292708882343,-0.07445478073233813,0.02859996961660464,NA,NA,NA
T54__pvr_0,0.02096992028874615,-0.05491552103698587,0.11500614093908393,NA,NA,NA
T54__pvr_1,-0.006999319720739726,-0.08832744856577009,0.0996374515453507,NA,NA,NA
T54__time,0.0965752877839464,0.009640700572975225,0.2022819994647586,NA,NA,NA
T55__cont_trait_0,-0.0413071905405255,-0.1421345471386959,0.03416686205012821,0.2654138230243034,0.09113034091101302,0.4962618759089735
T55__cat_trait_0,-0.017267107469399207,-0.06665651903587523,0.04271788891248984,NA,NA,NA
T55__pvr_0,-0.06966250102217941,-0.14284927228329355,-0.0038612790547227493,NA,NA,NA
T55__pvr_1,0.07257267903059901,-0.0721864765929551,0.23394783805349142,NA,NA,NA
T55__time,0.08300315333190816,0.004010747802084956,0.17936333122489603,NA,NA,NA
T57__cont_trait_0,-0.08447615355746665,-0.18952764988863469,0.03697639638920275,0.2721623083311562,0.07376702057098147,0.5516289549324127
T57__cat_trait_0,0.055724662646151175,-0.04659702376320294,0.2004778316205316,NA,NA,NA
T57__pvr_0,-0.07260352945628948,-0.14964367538092424,0.001802101939788664,NA,NA,NA
T57__pvr_1,0.06826688544918186,-0.05849614371796864,0.21378050740691384,NA,NA,NA
T57__time,0.06717565355567912,-0.009434441889684817,0.16720695408949685,NA,NA,NA
T60__cont_trait_0,0.029415702015596953,-0.07100285945858302,0.1265198669863648,0.367983042509667,0.13463977773584818,0.6557644272650701
T60__cat_trait_0,0.07356401310467123,-0.03812029198327466,0.21489463791963898,NA,NA,NA
T60__pvr_0,-0.018653855958684736,-0.08812487458187027,0.05900677434023893,NA,NA,NA
T60__pvr_1,-0.051686565162635534,-0.178386566389434,0.0744562747447451,NA,NA,NA
T60__time,0.0972689588168187,0.008627255843065888,0.20851756043446815,NA,NA,NA
T64__cont_trait_0,-0.01053102469070948,-0.09908972963171139,0.07694384278327718,0.3423282972622692,0.13014836137679506,0.5930674509241698
T64__cat_trait_0,-0.020866752624144957,-0.08024272130482991,0.0410621192182036,NA,NA,NA
T64__pvr_0,-0.03781389404879259,-0.09866997309341871,0.039565183832438566,NA,NA,NA
T64__pvr_1,0.07875069115414113,-0.03836923902158942,0.23557882905071334,NA,NA,NA
T64__time,0.09471448777787504,0.005682796243885485,0.1932371239680241,NA,NA,NA
T65__cont_trait_0,0.005594373779030073,-0.06787814783116586,0.0885845123914469,0.38772817546147703,0.1978506865627835,0.6026793652459155
T65__cat_trait_0,-0.019972672108543813,-0.07146871601420021,0.04012735880700305,NA,NA,NA
T65__pvr_0,0.10975970030778869,-0.025967913322321984,0.2466875118069367,NA,NA,NA
T65__pvr_1,-0.001142358967303439,-0.0928043405970563,0.07583432597281757,NA,NA,NA
T65__time,0.05541434275660533,0.002638421056472051,0.12188905300421464,NA,NA,NA
T66__cont_trait_0,-0.018588600040122548,-0.11575404463288828,0.06392069385781035,0.33485768090324425,0.14815930782808043,0.5906842927970104
T66__cat_trait_0,-0.01865719156429376,-0.0860894030611558,0.03734729720485143,NA,NA,NA
T66__pvr_0,-0.03951466089156252,-0.10178014309893774,0.033584227767834804,NA,NA,NA
T66__pvr_1,0.07663609392425903,-0.04898824149451243,0.22412951897343275,NA,NA,NA
T66__time,0.0969072497810638,0.013193195815794048,0.2083274097781651,NA,NA,NA
T68__cont_trait_0,-0.02611192372659906,-0.1149813933607863,0.04910896712346565,0.2726983081984237,0.1117922662205107,0.5059728909225111
T68__cat_trait_0,-0.022009562675173257,-0.08064986927890354,0.02707312165718294,NA,NA,NA
T68__pvr_0,-0.07498335514503907,-0.146480037393976,0.002918197323635019,NA,NA,NA
T68__pvr_1,0.07567124423038617,-0.0746035351739986,0.22026819355997862,NA,NA,NA
T68__time,0.08205711582094881,0.0014678648221853746,0.17466507349565363,NA,NA,NA
T70__cont_trait_0,0.015738291987667134,-0.08622117697540152,0.11822024835288869,0.41598291251781744,0.21301391898383149,0.6695201606384455
T70__cat_trait_0,-0.018570315302741374,-0.07414874378382064,0.04297836783638184,NA,NA,NA
T70__pvr_0,0.1278261231922546,-0.00486663407189529,0.2904501845289814,NA,NA,NA
T70__pvr_1,0.006393965171001948,-0.09037803756594626,0.08993700023102283,NA,NA,NA
T70__time,0.046520057775734876,-0.002224753285665168,0.10905732174152712,NA,NA,NA
T72__cont_trait_0,0.010247513196440539,-0.09073398378880596,0.12894756078580197,0.3843901743343604,0.14621990240708752,0.5826157366387767
T72__cat_trait_0,-0.018177237931521872,-0.06553383149119965,0.030899910763583116,NA,NA,NA
T72__pvr_0,0.14546317172735823,-0.010877522043989396,0.3047120072164996,NA,NA,NA
T72__pvr_1,0.005925243838096656,-0.058655657020652736,0.08597811812423622,NA,NA,NA
T72__time,0.002856693810086591,-0.029773372958398277,0.039918623512288434,NA,NA,NA
T75__cont_trait_0,0.013473068451446532,-0.08044614052143635,0.12370284716531321,0.23602175704792322,0.11914605764946179,0.37814204433232546
T75__cat_trait_0,-0.021273777055801947,-0.05504750031575954,0.018714963176141283,NA,NA,NA
T75__pvr_0,-0.010157620703960283,-0.07584543633578274,0.06507145685269526,NA,NA,NA
T75__pvr_1,-0.03607455543108375,-0.1078169060560247,0.024920871131887734,NA,NA,NA
T75__time,0.05197985209342243,-0.004935824372208256,0.12140934020470509,NA,NA,NA
T77__cont_trait_0,-0.000348960505551323,-0.09986238586657069,0.11486128004268437,0.35368033586522485,0.12661460264257057,0.6473169907031837
T77__cat_trait_0,-0.01799172703747521,-0.06853865704200145,0.04142184717991525,NA,NA,NA
T77__pvr_0,0.10554641994202105,-0.03922211181881352,0.2733421661300871,NA,NA,NA
T77__pvr_1,-0.006780044766787428,-0.09667010525429372,0.07051890318240916,NA,NA,NA
T77__time,0.03517985853911771,-0.01390320820614345,0.09272852845236955,NA,NA,NA
T78__cont_trait_0,0.020454705732379144,-0.09071696532717921,0.15704274468605883,0.4492648685141466,0.1863768100982056,0.7921618855411012
T78__cat_trait_0,-0.016913656380202792,-0.08073525387784142,0.036663253835493334,NA,NA,NA
T78__pvr_0,0.15760500541096154,-0.013772272426311356,0.3241890872747179,NA,NA,NA
T78__pvr_1,0.014256691243397356,-0.07745790861886827,0.107080524232301,NA,NA,NA
T78__time,0.035787332813711006,-0.01668546195764898,0.09635512128441287,NA,NA,NA
T79__cont_trait_0,-0.012486530746319566,-0.08622671205266377,0.05493754021466453,0.34906550858947594,0.17078990764383023,0.523374497648767
T79__cat_trait_0,-0.020258942537543925,-0.07130633176485968,0.027284789173401963,NA,NA,NA
T79__pvr_0,0.10631542599353978,-0.026508780769900236,0.23298518608556373,NA,NA,NA
T79__pvr_1,-0.006652743512439036,-0.0793740559142395,0.06933058732701089,NA,NA,NA
T79__time,0.04407350969833842,-0.00046687540183377313,0.1070543185797891,NA,NA,NA
T81__cont_trait_0,-0.04785579879565566,-0.1473351457296186,0.04148976295869205,0.23036354253598723,0.06302319542752366,0.4129232473093259
T81__cat_trait_0,-0.014165943950902362,-0.06074909539095649,0.03576738191355255,NA,NA,NA
T81__pvr_0,-0.0525793608573946,-0.10745489248042372,0.00822973497168962,NA,NA,NA
T81__pvr_1,0.057181317226970334,-0.05122819996647064,0.17944535025745384,NA,NA,NA
T81__time,0.049708539219069384,-0.0026473185447911246,0.13562644342537764,NA,NA,NA
T82__cont_trait_0,0.020361666980542783,-0.06281817577444929,0.11176402504651513,0.3072645384991733,0.11680599474583914,0.5575047983246009
T82__cat_trait_0,-0.031080818870043013,-0.08574010641434876,0.023421820398379728,NA,NA,NA
T82__pvr_0,-0.07849078806427057,-0.1734101261367221,0.0056981191302452605,NA,NA,NA
T82__pvr_1,0.0868963751244259,-0.07146297664700454,0.2535826991177028,NA,NA,NA
T82__time,0.07150331363461807,-1.6691357950696095e-05,0.1676423466010494,NA,NA,NA
T84__cont_trait_0,-0.00421634606996756,-0.08149451261683006,0.09737926533300614,0.31113211257800705,0.12273304895410622,0.5440206853737886
T84__cat_trait_0,-0.0265127347071567,-0.08439295413715193,0.028169825311552973,NA,NA,NA
T84__pvr_0,-0.0579677623440229,-0.12228727444239307,0.016266632283592458,NA,NA,NA
T84__pvr_1,0.08336037318912119,-0.041001545644213204,0.23700432916142936,NA,NA,NA
T84__time,0.07839379281613287,-0.001502567201447473,0.16601377041294568,NA,NA,NA
T85__cont_trait_0,-0.012984430410616308,-0.09117061505914283,0.05541507887718604,0.3498703624062317,0.1841691323947881,0.5296122325719952
T85__cat_trait_0,-0.020401246143008388,-0.0755249657090341,0.025696638889629905,NA,NA,NA
T85__pvr_0,0.11383148914556344,-0.02884368600187498,0.23683602678883708,NA,NA,NA
T85__pvr_1,-0.005570919263988703,-0.07853269855767268,0.06901969628636054,NA,NA,NA
T85__time,0.036920679384381296,-0.007808323288706259,0.08690279785567638,NA,NA,NA
T86__cont_trait_0,0.016650036022996896,-0.06601406508454667,0.10856829925714605,0.22774084201586425,0.10112549621126218,0.38072067741988697
T86__cat_trait_0,-0.02047714043919498,-0.06434159158433872,0.016519671270530778,NA,NA,NA
T86__pvr_0,-0.005684061687200742,-0.0732779821484409,0.06547195074419945,NA,NA,NA
T86__pvr_1,-0.03306313541770204,-0.09870355739614611,0.03456601135151366,NA,NA,NA
T86__time,0.032240353843064944,-0.014591979175081489,0.09525834032606964,NA,NA,NA
T87__cont_trait_0,-0.03449689859604928,-0.11326172248468933,0.046769976043974544,0.24683737259699123,0.10085128428949294,0.4263890298140648
T87__cat_trait_0,-0.01873643149247286,-0.06436847037052834,0.03420488846328269,NA,NA,NA
T87__pvr_0,-0.052825902578324056,-0.10844722871218174,0.011082155476484168,NA,NA,NA
T87__pvr_1,0.06136883648483279,-0.042090529843621195,0.19415186028924325,NA,NA,NA
T87__time,0.05345297908510445,-0.0021340467939741856,0.13480946785202902,NA,NA,NA
T89__cont_trait_0,-0.0571438758933799,-0.16295413559106764,0.08010972883395033,0.19653495373974025,0.04056184564064386,0.4047545952068037
T89__cat_trait_0,-0.008884407906431859,-0.05630098621532751,0.037865539262492434,NA,NA,NA
T89__pvr_0,-0.05499241049588094,-0.10441330620821662,-0.0021802468922587637,NA,NA,NA
T89__pvr_1,0.049878941291391476,-0.04764674639941348,0.19145447262789805,NA,NA,NA
T89__time,0.02960191705014136,-0.011017597717065335,0.09515401623083664,NA,NA,NA
T90__cont_trait_0,-0.014567256792684544,-0.0910401549602339,0.04951616136177596,0.3368340711828512,0.16523635085090663,0.5007679253555892
T90__cat_trait_0,-0.02041203206710636,-0.07539528791711343,0.023892240623680602,NA,NA,NA
T90__pvr_0,0.11269004271192813,-0.015217076481471435,0.24835139171186327,NA,NA,NA
T90__pvr_1,-0.0072037294454666626,-0.0787815959397079,0.06596347244165715,NA,NA,NA
T90__time,0.02825225708228028,-0.010182488841672895,0.07801548438738132,NA,NA,NA
T91__cont_trait_0,-0.012480591118331245,-0.07864041229448956,0.06462023373579939,0.34140231940085664,0.16059621640955365,0.5142519819698792
T91__cat_trait_0,-0.020134781813286377,-0.07275342368974949,0.02811421948247686,NA,NA,NA
T91__pvr_0,0.10763739141913199,-0.022699986680303888,0.24012551376259011,NA,NA,NA
T91__pvr_1,-0.007409008462371023,-0.08050784781681025,0.06783001570193614,NA,NA,NA
T91__time,0.03571451968181311,-0.004724194452301433,0.09228150746307677,NA,NA,NA
T92__cont_trait_0,-0.011567673738915502,-0.09860316303028602,0.05737115717440052,0.35150222547622145,0.1887090876475196,0.5393992235223086
T92__cat_trait_0,-0.02024730810198871,-0.07321921086595404,0.025913262332121226,NA,NA,NA
T92__pvr_0,0.12034766108803477,-0.019005819986865014,0.24938690594312304,NA,NA,NA
T92__pvr_1,-0.004368112541444216,-0.0815147948647836,0.06430590282078699,NA,NA,NA
T92__time,0.029262869076635136,-0.011002324365290805,0.0775375779012687,NA,NA,NA
T93__cont_trait_0,-0.008181214276885236,-0.08430548290487887,0.07740669159036734,0.34173617326426803,0.14290155562881296,0.5364873818336198
T93__cat_trait_0,-0.01952418732017428,-0.06767440694080074,0.037911667118956854,NA,NA,NA
T93__pvr_0,0.10896945103776322,-0.03696309907959698,0.2520822241869271,NA,NA,NA
T93__pvr_1,-0.007404478166983346,-0.08606167790571617,0.0723741711771028,NA,NA,NA
T93__time,0.029801812296647537,-0.012423445265389438,0.08308426248292627,NA,NA,NA
T94__cont_trait_0,-0.0013232956610816366,-0.08455138397203765,0.12436999364850293,0.3481857611568333,0.12423723905895431,0.6066952029689743
T94__cat_trait_0,-0.018374707726495524,-0.06912135144406176,0.037403575143773474,NA,NA,NA
T94__pvr_0,0.10860796920294051,-0.0427454348969599,0.26749802721048055,NA,NA,NA
T94__pvr_1,-0.007121484792424994,-0.09753488877192586,0.06781148632169876,NA,NA,NA
T94__time,0.028322490439994633,-0.015356289851183674,0.08046632560328583,NA,NA,NA
T95__cont_trait_0,0.07635305269808852,-0.05800334414066745,0.2187634640706681,0.3027649344385371,0.11582176440148893,0.5681195733415134
T95__cat_trait_0,0.038217603566205016,-0.06181950493510347,0.12414784128078721,NA,NA,NA
T95__pvr_0,-0.05552834058801718,-0.13982200939198508,0.03414661340420055,NA,NA,NA
T95__pvr_1,-0.033518349072129625,-0.18802610786727952,0.12907375902109974,NA,NA,NA
T95__time,0.039166178140490164,-0.008517748746567383,0.11427830605941172,NA,NA,NA
T97__cont_trait_0,0.019644893304369682,-0.07276614883343246,0.11202619012119147,0.22064627116046479,0.08817196748670329,0.36544138234144186
T97__cat_trait_0,-0.019451085153469865,-0.05741001670657703,0.020692479588569568,NA,NA,NA
T97__pvr_0,-0.015575000073258993,-0.07189991003692411,0.05511071915322885,NA,NA,NA
T97__pvr_1,-0.0367881542713097,-0.10395566074431788,0.03673826087150326,NA,NA,NA
T97__time,0.03474082766023341,-0.0175401466813433,0.09153114890653227,NA,NA,NA
T98__cont_trait_0,-0.09418431432157987,-0.22099218762783357,0.022528927394951864,0.1835477131282482,0.03846118070592178,0.3502378216930573
T98__cat_trait_0,0.04663760079055648,-0.047420526916732125,0.15504728458702866,NA,NA,NA
T98__pvr_0,-0.07805473073985572,-0.14267131836000585,-0.009325774164512177,NA,NA,NA
T98__pvr_1,0.05294308892079394,-0.06471209501569623,0.17986231683911305,NA,NA,NA
T98__time,0.018131278784433325,-0.01821051166737491,0.0657060267035036,NA,NA,NA
T99__cont_trait_0,0.008154254450959107,-0.13126173665589885,0.14822252376817643,0.20906393672734946,0.0834239797711136,0.35207406568482363
T99__cat_trait_0,-0.018074557740315363,-0.050132806359965185,0.021435114170120326,NA,NA,NA
T99__pvr_0,-0.011837034538727647,-0.08095771080798833,0.05020474033373132,NA,NA,NA
T99__pvr_1,-0.031080450264302815,-0.09483997199803923,0.02721259328614485,NA,NA,NA
T99__time,0.02382693512583595,-0.013089191137624634,0.06897385762577891,NA,NA,NA
T102__cont_trait_0,0.013578321408623641,-0.044884327939990865,0.08365953930796063,0.18987439670759979,0.07988687867450925,0.34138999455037455
T102__cat_trait_0,0.03832897546328114,-0.05171314128107839,0.12678869672008725,NA,NA,NA
T102__pvr_0,-0.067859018969507,-0.14001942964338518,-0.005233648172355658,NA,NA,NA
T102__pvr_1,-0.06403980232628666,-0.18019505997690444,0.06822748243658955,NA,NA,NA
T102__time,0.03179113143758842,-0.013323494744799054,0.09924072240871748,NA,NA,NA
T105__cont_trait_0,0.060023522387487635,-0.04982927279950536,0.17613279449966904,0.2757162590235898,0.09167169294949165,0.47018970875343175
T105__cat_trait_0,0.04232556074009692,-0.058265052078548644,0.13544733358181005,NA,NA,NA
T105__pvr_0,-0.05486051616253573,-0.13099181936928964,0.022914664816292424,NA,NA,NA
T105__pvr_1,-0.054590815737052406,-0.19329047045980874,0.08133082726992451,NA,NA,NA
T105__time,0.04474371810169329,-0.004524077966785264,0.11916455697613511,NA,NA,NA
T108__cont_trait_0,0.006729217147732724,-0.08869840765427889,0.11944738760961834,0.5330198395113863,0.1146652711574006,1.063019649913246
T108__cat_trait_0,0.10594345019482987,-0.060307429466367565,0.3552134271777847,NA,NA,NA
T108__pvr_0,0.14065619135684013,-0.06707067740583589,0.3884904802324141,NA,NA,NA
T108__pvr_1,0.020254592478145792,-0.09513545641195933,0.13614251739994176,NA,NA,NA
T108__time,0.021361598639937293,-0.01920598866651088,0.07766168420782003,NA,NA,NA
T109__cont_trait_0,0.044760749607216835,-0.044825297953609865,0.14253970829964713,0.24255160838211923,0.10649437436487535,0.43108971194486234
T109__cat_trait_0,0.04177462239037723,-0.05242161572992021,0.1440315070221482,NA,NA,NA
T109__pvr_0,-0.05933722070117266,-0.1341031215129238,0.007254463804815342,NA,NA,NA
T109__pvr_1,-0.06007585087224922,-0.20514091584819574,0.06489211819215385,NA,NA,NA
T109__time,0.03735451826404692,-0.013230909701965679,0.10256605466436514,NA,NA,NA
T110__cont_trait_0,0.04196771090893031,-0.03991304029999389,0.1554814202655702,0.31854067472535547,0.11018884460275816,0.5503337225428913
T110__cat_trait_0,-0.03300827838806338,-0.08672892280467512,0.018339339635761523,NA,NA,NA
T110__pvr_0,-0.07241334912652343,-0.16472849088030284,0.013105385639614234,NA,NA,NA
T110__pvr_1,0.09189363279538484,-0.04356760373355912,0.24554897123868213,NA,NA,NA
T110__time,0.05202616884172691,-0.007618286220003004,0.13771795274558288,NA,NA,NA
T111__cont_trait_0,0.05114090326279693,-0.0625915301999704,0.2164383538313977,0.5419571090539497,0.08460984238419739,1.189375680954295
T111__cat_trait_0,0.13226587382881128,-0.03834948559705445,0.35397890248991026,NA,NA,NA
T111__pvr_0,-0.06521410181801256,-0.20230463409366914,0.07480004273389995,NA,NA,NA
T111__pvr_1,0.1435263403594847,-0.07724825929567526,0.4109813703138193,NA,NA,NA
T111__time,0.04216330372696887,-0.023255733294821057,0.14936314630502515,NA,NA,NA
T112__cont_trait_0,-0.008278843924210723,-0.06668687305393059,0.054899959309930954,0.19235677642895632,0.07483738682723398,0.3519501335324481
T112__cat_trait_0,-0.026756599002627408,-0.0654229324298984,0.02135507972120447,NA,NA,NA
T112__pvr_0,-0.09211025301040483,-0.17673511238146755,-0.00807370765674316,NA,NA,NA
T112__pvr_1,0.060766727246848326,-0.06595605876935798,0.22762555799058326,NA,NA,NA
T112__time,0.02066095542545059,-0.02322248162508962,0.08326992923539682,NA,NA,NA
T114__cont_trait_0,0.018305625968595123,-0.040683153778468574,0.09461040724188662,0.1914891722538702,0.07865536203491133,0.3306546346260697
T114__cat_trait_0,0.03870490612036759,-0.052266635823241474,0.12939845541198117,NA,NA,NA
T114__pvr_0,-0.06806527899546162,-0.13801064461287593,-0.006275528170831851,NA,NA,NA
T114__pvr_1,-0.06303999285213886,-0.19127920262468207,0.06461707138870515,NA,NA,NA
T114__time,0.027509122318607717,-0.013234075813770528,0.07852769226136855,NA,NA,NA
T115__cont_trait_0,-0.017347313258744904,-0.08200137364989263,0.057488914193990125,0.3119541005737794,0.15531542995927333,0.460949018644559
T115__cat_trait_0,-0.020189145305119505,-0.06203054401473164,0.030403685386204082,NA,NA,NA
T115__pvr_0,0.12445103797870938,-0.01114664134502806,0.2615941925003387,NA,NA,NA
T115__pvr_1,-0.007268800470512443,-0.07513726927203543,0.05655872352420298,NA,NA,NA
T115__time,-0.00576646806445313,-0.03605315051150329,0.025932568194519834,NA,NA,NA
T117__cont_trait_0,0.02047294192404834,-0.07483029999898466,0.14444446984149087,0.20190663923495347,0.08942953695336597,0.32038763543350846
T117__cat_trait_0,-0.01917658256701453,-0.05010814109960355,0.018694293052582196,NA,NA,NA
T117__pvr_0,-0.013953834202229358,-0.08219130557310397,0.05087959980776123,NA,NA,NA
T117__pvr_1,-0.03584835898247937,-0.10073961499878523,0.02640152893416823,NA,NA,NA
T117__time,0.012337683368728229,-0.03024842505804913,0.050583666220839776,NA,NA,NA
T118__cont_trait_0,-0.02368213048397223,-0.07317484281247108,0.040188883753784786,0.13254007303360463,0.02076387354425721,0.2734161204739253
T118__cat_trait_0,0.033940557048714896,-0.04300330186508695,0.11860480780439407,NA,NA,NA
T118__pvr_0,-0.06874133938708593,-0.12264651860350101,-0.011767087690638965,NA,NA,NA
T118__pvr_1,-0.05835423646216364,-0.17057642225443653,0.05064311683076266,NA,NA,NA
T118__time,0.011302432624211359,-0.026437144981589986,0.0599084729465255,NA,NA,NA
T119__cont_trait_0,0.05928749486164837,-0.04416565572594998,0.16920753970709185,0.24766730537202977,0.08776588794250052,0.4214506641874622
T119__cat_trait_0,0.04039640493092786,-0.060087249655194186,0.13011372119214087,NA,NA,NA
T119__pvr_0,-0.05683032493467588,-0.1338425598693478,0.01101833134610529,NA,NA,NA
T119__pvr_1,-0.05237136727300128,-0.16435714579279215,0.10084330500192681,NA,NA,NA
T119__time,0.019110308093230312,-0.016788884160342257,0.07348622065546483,NA,NA,NA
T121__cont_trait_0,0.0791970168508696,-0.051361856179699676,0.25712106466073636,0.36437693568194557,0.10047099057797182,0.753475546900672
T121__cat_trait_0,-0.0330168815812657,-0.09359138612806159,0.018214851394361742,NA,NA,NA
T121__pvr_0,-0.06120835651115494,-0.16240379535713564,0.02506476885194541,NA,NA,NA
T121__pvr_1,0.10863551764130663,-0.03694073817371374,0.30924761514298416,NA,NA,NA
T121__time,0.032694849588289825,-0.027676107875396774,0.11766511121967313,NA,NA,NA
T122__cont_trait_0,0.0501479735987631,-0.04181891987212049,0.1591675011186397,0.2741545556200807,0.09768391042339877,0.48369197080714443
T122__cat_trait_0,-0.0323647196330398,-0.07873565860905267,0.01709505694672244,NA,NA,NA
T122__pvr_0,-0.08723929555408072,-0.19114675982856819,0.003950876491492547,NA,NA,NA
T122__pvr_1,0.08682482042662783,-0.05224631162138698,0.2570449561819077,NA,NA,NA
T122__time,0.018710987087910056,-0.029250176074869457,0.0791214697754431,NA,NA,NA
T123__cont_trait_0,0.00023117526404956506,-0.05769293237475248,0.0586033203455248,0.1993091839314099,0.09409904587819962,0.32489437254693065
T123__cat_trait_0,-0.02888114726864042,-0.0724108477322529,0.014453281501743652,NA,NA,NA
T123__pvr_0,-0.08348109347138469,-0.1547887636071577,-0.0019444595146675542,NA,NA,NA
T123__pvr_1,0.06348762856728529,-0.05018425503175084,0.18142110942011874,NA,NA,NA
T123__time,0.009877831146199997,-0.026041590461350142,0.057995839716510886,NA,NA,NA
T125__cont_trait_0,0.058893075578271475,-0.04342040895466576,0.1915741026840407,0.3073126010240619,0.08499311233723666,0.5840816193147395
T125__cat_trait_0,-0.03300104177700729,-0.08193826992640448,0.01739912630922541,NA,NA,NA
T125__pvr_0,-0.0679254338546913,-0.1552495287802792,0.012132769257852186,NA,NA,NA
T125__pvr_1,0.09358067187764667,-0.028807619630064965,0.2543007370585232,NA,NA,NA
T125__time,0.017690539505942248,-0.03163636944513116,0.08432455192016555,NA,NA,NA
T126__cont_trait_0,0.02920070151627088,-0.11149234446516301,0.18896249218032318,0.19506482403760886,0.0459325916451476,0.36287722858197435
T126__cat_trait_0,-0.015859890234889453,-0.049806213281946426,0.016700971407972706,NA,NA,NA
T126__pvr_0,-0.0097666713221544,-0.07211692664729072,0.050977536284042,NA,NA,NA
T126__pvr_1,-0.025849041291341895,-0.08041654183730512,0.03171297113623782,NA,NA,NA
T126__time,-0.0207350643241765,-0.052202542694253666,0.0069502878277633365,NA,NA,NA
T127__cont_trait_0,0.021997228391510526,-0.07242741284553278,0.12389351373222193,0.19619539200550684,0.090007448256331,0.32399797921599893
T127__cat_trait_0,-0.019057260195093448,-0.055849025631559045,0.018332357512948386,NA,NA,NA
T127__pvr_0,-0.013906542752459661,-0.06995816910511293,0.05642215851427271,NA,NA,NA
T127__pvr_1,-0.03535291808636056,-0.09793512310587868,0.029191343019270906,NA,NA,NA
T127__time,0.004440094954009737,-0.03215011526330123,0.043787459037759324,NA,NA,NA
T128__cont_trait_0,0.01389476047878298,-0.09974802153763304,0.12755353171230707,0.3840944491325536,0.20672332910805896,0.6196167077776173
T128__cat_trait_0,-0.01790241917227297,-0.06301287819382137,0.027478657222619617,NA,NA,NA
T128__pvr_0,0.14887901543890728,-0.004775313520209629,0.31282679143880476,NA,NA,NA
T128__pvr_1,0.0069954310372781,-0.06570948926102442,0.07268372049202323,NA,NA,NA
T128__time,-0.0058471283440419625,-0.03599953851848742,0.02570656374783055,NA,NA,NA
T129__cont_trait_0,0.05132734412193101,-0.03883408901149511,0.15699290979198538,0.20650615209161266,0.07141704007260247,0.411369933724141
T129__cat_trait_0,-0.02891948207575722,-0.0698143962109529,0.00955775343148603,NA,NA,NA
T129__pvr_0,-0.0960271195569371,-0.20196181940804098,-0.0033005449538936887,NA,NA,NA
T129__pvr_1,0.077402552785168,-0.06803892535649667,0.2564319935546353,NA,NA,NA
T129__time,-0.035351932876692235,-0.08117706319633526,0.0042009400557681265,NA,NA,NA
T130__cont_trait_0,0.015767310309195467,-0.042437079325012374,0.08551448686248031,0.1743849816162134,0.0755564035253847,0.28979237089889265
T130__cat_trait_0,-0.029363146106300506,-0.06302425300847621,0.014878008216345828,NA,NA,NA
T130__pvr_0,-0.08514706282518086,-0.16163562643103344,-0.008357685249455307,NA,NA,NA
T130__pvr_1,0.061854312909069696,-0.03875926574336013,0.17145404957054955,NA,NA,NA
T130__time,-0.026801222364470613,-0.06514534851582388,0.019329281084067867,NA,NA,NA
T132__cont_trait_0,0.07760790466439287,-0.06403629190359839,0.2186930193213201,0.28699770640094446,0.04888686013671534,0.5880639904085128
T132__cat_trait_0,0.0006674059798809437,-0.05239121056193905,0.07928299173918808,NA,NA,NA
T132__pvr_0,-0.04888606834975663,-0.13380836484699368,0.04174363388688941,NA,NA,NA
T132__pvr_1,0.023850875873136067,-0.1221160252669319,0.20331749790673498,NA,NA,NA
T132__time,-0.004317201460609057,-0.04123765134211255,0.03484327144864141,NA,NA,NA
T134__cont_trait_0,0.02507012250821274,-0.0635051261902476,0.14144090979502782,0.17156629552518193,0.05695705981973859,0.2843581406423938
T134__cat_trait_0,-0.017522348008263147,-0.051474402968090034,0.016597753435072304,NA,NA,NA
T134__pvr_0,-0.01544941292348238,-0.07358221459413505,0.04402759819897656,NA,NA,NA
T134__pvr_1,-0.03274706375743276,-0.100530445623756,0.02529262074609269,NA,NA,NA
T134__time,-0.025859791987752782,-0.058346069300641054,0.005797590879731876,NA,NA,NA
T136__cont_trait_0,0.04553158700572395,-0.09190184669962384,0.20242683372282672,0.4444852120799384,0.23245258428934373,0.6577312687068901
T136__cat_trait_0,-0.016933145511295357,-0.0628913928535591,0.03136612503026817,NA,NA,NA
T136__pvr_0,0.17725236094257715,-0.003749564007992666,0.34591877488583833,NA,NA,NA
T136__pvr_1,0.016885420655933674,-0.04952498096584973,0.09649173139241339,NA,NA,NA
T136__time,-0.016325800706901296,-0.05671066635523643,0.021282647568815496,NA,NA,NA
T137__cont_trait_0,0.05031530449359994,-0.03994083723403404,0.15068269675180251,0.20013586969659625,0.07226694064753073,0.34517530980042155
T137__cat_trait_0,0.037591253260005536,-0.05500198321485805,0.1322535476397655,NA,NA,NA
T137__pvr_0,-0.07019609765022365,-0.14124791652691385,0.00875997536149025,NA,NA,NA
T137__pvr_1,-0.044063616176196516,-0.16848974904477843,0.1040040552453872,NA,NA,NA
T137__time,-0.011585763924489269,-0.0483054390794711,0.02168469073683338,NA,NA,NA
T138__cont_trait_0,0.07662257177666401,-0.06332698265018791,0.21837928488476654,0.2777632766721778,0.04121333135161703,0.5703259676846888
T138__cat_trait_0,0.0011438833555431724,-0.05978971211624112,0.07141268379449363,NA,NA,NA
T138__pvr_0,-0.04990367653872615,-0.1315158945971169,0.040415102061139435,NA,NA,NA
T138__pvr_1,0.024809956940684698,-0.11536909852835003,0.21163924777484144,NA,NA,NA
T138__time,-0.012984248555888013,-0.052287695073047646,0.023377322673858503,NA,NA,NA
T140__cont_trait_0,0.07682256203972714,-0.06289217197696695,0.22025500154501926,0.27737552493603557,0.04760686219164986,0.5754535574356677
T140__cat_trait_0,0.0011433393401039833,-0.06132191317874465,0.06777383518392527,NA,NA,NA
T140__pvr_0,-0.04833952838402337,-0.1324326703497528,0.036856712956998855,NA,NA,NA
T140__pvr_1,0.02389187780905486,-0.11072152646813065,0.20646409949405137,NA,NA,NA
T140__time,-0.014217515562727264,-0.05123407327691332,0.022513999995306844,NA,NA,NA
T141__cont_trait_0,0.01389005920065531,-0.08081479747328059,0.14189678484152868,0.3748510572692683,0.1984798782519897,0.5788674683548525
T141__cat_trait_0,-0.01768791072280247,-0.06414379127632251,0.025585896872473785,NA,NA,NA
T141__pvr_0,0.15212462895623988,-0.012174400131791163,0.30614791393839524,NA,NA,NA
T141__pvr_1,0.00677202443001992,-0.06384611043010427,0.07060251435192468,NA,NA,NA
T141__time,-0.0183225342887443,-0.05337032124206256,0.013939089009665867,NA,NA,NA
T142__cont_trait_0,-0.07917404539913064,-0.18415195032008183,0.014420713678104147,0.14932038462622657,0.04816265512343307,0.28498984580350645
T142__cat_trait_0,0.04655606233330094,-0.02758586642601257,0.15192286295825116,NA,NA,NA
T142__pvr_0,-0.07438584061684958,-0.1264450360547434,-0.012867538840545058,NA,NA,NA
T142__pvr_1,0.04751845176829732,-0.05729848518940041,0.17192041637197147,NA,NA,NA
T142__time,-0.029269033153291765,-0.05753825494026191,-0.0016152869607170273,NA,NA,NA
T143__cont_trait_0,0.04084827184952067,-0.07066457413784913,0.16834122907052285,0.2842002885311527,0.055918492543540005,0.5201394299744944
T143__cat_trait_0,0.0822241410528029,-0.022965519049059267,0.22785138142988182,NA,NA,NA
T143__pvr_0,-0.010551825131837424,-0.09093569840782657,0.06126720958600994,NA,NA,NA
T143__pvr_1,-0.03670071625426327,-0.12056225106242195,0.048896717784826516,NA,NA,NA
T143__time,-0.029694372678970335,-0.06403083043501198,0.008672144477980231,NA,NA,NA
T144__cont_trait_0,0.0005687449678397729,-0.0566461876198629,0.07169289039123389,0.15878378848584723,0.032589785105811786,0.2792968501769338
T144__cat_trait_0,-0.015951582339764347,-0.04908607329891361,0.02794733410073167,NA,NA,NA
T144__pvr_0,-0.017395864878342854,-0.06277688251587683,0.03559724137317405,NA,NA,NA
T144__pvr_1,-0.024262969522882757,-0.08892218188395001,0.03518750412946527,NA,NA,NA
T144__time,-0.02224932943490272,-0.060485444363471905,0.012161201944492064,NA,NA,NA
T145__cont_trait_0,-0.0024329475911244957,-0.04919563983496131,0.04800873774765298,0.12576972056090505,0.04621095168593506,0.21939218473165167
T145__cat_trait_0,-0.025173042228979464,-0.058530389857811484,0.011299234837349868,NA,NA,NA
T145__pvr_0,-0.09135634200977973,-0.16396206937905056,-0.0110051858517414,NA,NA,NA
T145__pvr_1,0.04931059802282107,-0.08476553748787663,0.17604171834069998,NA,NA,NA
T145__time,-0.04265333532593248,-0.07722334400809938,-0.00938521809686959,NA,NA,NA
T146__cont_trait_0,0.007739916439010705,-0.09412676706367953,0.11688828799685559,0.358829899711214,0.17630835289183225,0.5605473837056578
T146__cat_trait_0,-0.017391560303791822,-0.06337724544699293,0.023758284002728905,NA,NA,NA
T146__pvr_0,0.1464801375534972,-0.024839955862110255,0.29610332546497453,NA,NA,NA
T146__pvr_1,0.005426984982832286,-0.0516043783643597,0.07544588656511675,NA,NA,NA
T146__time,-0.021500368654234464,-0.05842833716263012,0.011854531692263262,NA,NA,NA
T147__cont_trait_0,0.04831610641944539,-0.09502763465473091,0.20893722958883773,0.424249089622134,0.21380197296447706,0.6652259369980791
T147__cat_trait_0,-0.016212047950318102,-0.06394920848002343,0.026407147940661825,NA,NA,NA
T147__pvr_0,0.18102419853464377,0.017434429390827247,0.35309209810744313,NA,NA,NA
T147__pvr_1,0.019834593066158913,-0.041698444636432117,0.09936557137101863,NA,NA,NA
T147__time,-0.04678855014169628,-0.12648363727631845,0.021671703813989654,NA,NA,NA
T148__cont_trait_0,-0.02749050435654658,-0.10799817246548547,0.07006260380459456,0.14517782358210213,0.0322033419218066,0.3195904525532185
T148__cat_trait_0,-0.008819296454221255,-0.043724718566707316,0.03175814961790317,NA,NA,NA
T148__pvr_0,-0.0599499996227949,-0.10444644423800065,-0.012906077920486425,NA,NA,NA
T148__pvr_1,0.04160301712178091,-0.050807878302426224,0.16316702533374258,NA,NA,NA
T148__time,-0.0382401828000162,-0.06950891142023466,-0.008003562157698811,NA,NA,NA
T149__cont_trait_0,0.03694081113648499,-0.03855466906729572,0.11950131528937445,0.16786023033555386,0.06902609342721358,0.2847504997184722
T149__cat_trait_0,0.035848322334850385,-0.052010889599718405,0.12502434893500902,NA,NA,NA
T149__pvr_0,-0.07184159692502723,-0.14333681871991605,-0.004297995313190507,NA,NA,NA
T149__pvr_1,-0.046825471922772435,-0.1879578855838333,0.07271242627236564,NA,NA,NA
T149__time,-0.02433662398188197,-0.05554738248431595,0.006315488970732114,NA,NA,NA
T150__cont_trait_0,0.01881075778694898,-0.04057342468267013,0.08564685317301472,0.14108977841655435,0.05175937505284589,0.24350227804480043
T150__cat_trait_0,0.03401057915400803,-0.050429573279672846,0.11665742061785832,NA,NA,NA
T150__pvr_0,-0.07451800196870234,-0.13855534100908748,-0.010689758052397164,NA,NA,NA
T150__pvr_1,-0.04874027551047793,-0.2007892419811377,0.06429464748462954,NA,NA,NA
T150__time,-0.026548070739122628,-0.06026122115210049,0.0038116192723221115,NA,NA,NA
T151__cont_trait_0,0.057533193325662514,-0.031550797919830204,0.16756897939694235,0.1989190237876034,0.0643650668881528,0.35407519568820267
T151__cat_trait_0,0.037104559655752004,-0.05683270356917776,0.12286992894935345,NA,NA,NA
T151__pvr_0,-0.06743904750645412,-0.14268894698890983,0.009439054721785738,NA,NA,NA
T151__pvr_1,-0.037154882064053006,-0.15795933158327818,0.11245066737568687,NA,NA,NA
T151__time,-0.02919958931720418,-0.06260393345170043,0.00927974069578126,NA,NA,NA
T152__cont_trait_0,0.042146776467920435,-0.09216701626511986,0.19615685719100426,0.42929515063399254,0.2459819966716654,0.640542835208115
T152__cat_trait_0,-0.016789760423074868,-0.0671225073690386,0.026119058803701963,NA,NA,NA
T152__pvr_0,0.17441458520745334,0.0006701218973381995,0.3342961032185927,NA,NA,NA
T152__pvr_1,0.01552296612471494,-0.047119555432453705,0.09651287051064406,NA,NA,NA
T152__time,-0.02407420643692167,-0.07088772932588863,0.013875810077255676,NA,NA,NA
T153__cont_trait_0,0.02603775556345538,-0.1119899001507986,0.14262715937137832,0.39496625360923904,0.22005341265130696,0.5789833836984444
T153__cat_trait_0,-0.01693947000978793,-0.06290595730899566,0.026483050100130662,NA,NA,NA
T153__pvr_0,0.1601886869074045,-0.0046886772832197415,0.3176354667814109,NA,NA,NA
T153__pvr_1,0.010341361361073048,-0.0490160365588197,0.08655432450710768,NA,NA,NA
T153__time,-0.022736869906806196,-0.055932912296461024,0.017074116217570677,NA,NA,NA
T154__cont_trait_0,0.03808675526436102,-0.08877744150194326,0.18815027242729376,0.41557049147068686,0.23116354916772425,0.6078604210639561
T154__cat_trait_0,-0.016606434806275338,-0.06350038282443746,0.027502076757505253,NA,NA,NA
T154__pvr_0,0.17191063586132288,0.0028054356792175106,0.32751711653837096,NA,NA,NA
T154__pvr_1,0.013985267310562044,-0.047392022501383635,0.09074990471723683,NA,NA,NA
T154__time,-0.029880521853183916,-0.08342904611737409,0.010576566292707534,NA,NA,NA
T155__cont_trait_0,0.04058696715454731,-0.06951824405604683,0.17229387578396466,0.27491422857657116,0.06613204758522792,0.5281858558960705
T155__cat_trait_0,0.08109517111142989,-0.024661360662127013,0.2228485046615885,NA,NA,NA
T155__pvr_0,-0.011014293160155014,-0.08415719550672177,0.06408484790496402,NA,NA,NA
T155__pvr_1,-0.0360467465838486,-0.11960002030962757,0.046568796630346354,NA,NA,NA
T155__time,-0.03778165963930257,-0.07529655718506237,0.003945520989119947,NA,NA,NA
T156__cont_trait_0,-0.05713295384076822,-0.12386342597865628,0.020573682905261778,0.17735072951448796,0.038846017379749104,0.3290153439113155
T156__cat_trait_0,0.0656355148553648,-0.023443976280612542,0.16940955266629237,NA,NA,NA
T156__pvr_0,-0.0785688710796485,-0.1406349295769205,-0.004607465445683981,NA,NA,NA
T156__pvr_1,0.05940467821463391,-0.04724232378162459,0.18786122824912277,NA,NA,NA
T156__time,-0.05006242832899425,-0.09270990026629106,-0.013047108737249222,NA,NA,NA
T157__cont_trait_0,0.06027786393527666,-0.1120483947812846,0.24675443908040381,0.46455148749341146,0.19531360858789293,0.7299926657150332
T157__cat_trait_0,-0.016712896738276924,-0.07115681763901562,0.03217747475471072,NA,NA,NA
T157__pvr_0,0.18895865499902997,0.006703161130748397,0.37767916988720573,NA,NA,NA
T157__pvr_1,0.02889388222598649,-0.04182943362909178,0.12083990434734895,NA,NA,NA
T157__time,-0.034940806622505025,-0.08915340683937412,0.01608712320458569,NA,NA,NA
T159__cont_trait_0,0.05675959929973746,-0.12001049339116933,0.2468313568894178,0.4490669349705664,0.19226427531545537,0.7443437760021552
T159__cat_trait_0,-0.0163329400904994,-0.06694220090550979,0.03129561866406691,NA,NA,NA
T159__pvr_0,0.18494878308382862,0.005389077616731311,0.3762713508361598,NA,NA,NA
T159__pvr_1,0.029094198653401217,-0.04624451665025975,0.11775182345247076,NA,NA,NA
T159__time,-0.043477495669801795,-0.12094535429106998,0.00947482218999729,NA,NA,NA
T160__cont_trait_0,-0.06795053450574297,-0.167390937120854,0.046352748701433626,0.1442462889877528,0.039728992989680384,0.28310934473085053
T160__cat_trait_0,0.044480210601112076,-0.027026436541976798,0.13824944173529932,NA,NA,NA
T160__pvr_0,-0.0701653725426425,-0.12054704145135639,-0.011832910749622047,NA,NA,NA
T160__pvr_1,0.04532519888746581,-0.0583007165597762,0.16413467133498508,NA,NA,NA
T160__time,-0.045518003146339976,-0.08338193633781293,-0.009168135852384407,NA,NA,NA
T161__cont_trait_0,0.025947710046525907,-0.03405824480960803,0.09646113704338419,0.11376670023531671,0.03096127597892187,0.20034923440169086
T161__cat_trait_0,0.03377766836637827,-0.04181332577059943,0.10905565801914066,NA,NA,NA
T161__pvr_0,-0.06107825004396914,-0.11788876718188379,-0.012105886644947973,NA,NA,NA
T161__pvr_1,-0.04361259307817172,-0.14648437191706848,0.05811684555639658,NA,NA,NA
T161__time,-0.07934262474934682,-0.13410476152282766,-0.024491844271427046,NA,NA,NA
T162__cont_trait_0,0.06045883034358148,-0.11514928411445743,0.23903787206873514,0.4642116040115699,0.2009105838074547,0.7231512993233271
T162__cat_trait_0,-0.016694697203057888,-0.06596025300994435,0.03837504216198244,NA,NA,NA
T162__pvr_0,0.18934777706921496,0.007886962676535644,0.37320295342921816,NA,NA,NA
T162__pvr_1,0.0284194521645132,-0.04085672287071085,0.12096842934512789,NA,NA,NA
T162__time,-0.03539454805658174,-0.0884275129038922,0.018690104024393223,NA,NA,NA
T164__cont_trait_0,0.004757038325946706,-0.04131120965685798,0.05836350083375404,0.10697695418777213,0.02492071878644797,0.19166411688582238
T164__cat_trait_0,0.030962076716561066,-0.050109068310776064,0.09973425274740083,NA,NA,NA
T164__pvr_0,-0.07122720416303721,-0.1271155448456326,-0.01313206151884292,NA,NA,NA
T164__pvr_1,-0.044227289408595584,-0.16450923978857837,0.07433308451641249,NA,NA,NA
T164__time,-0.05136245697700295,-0.08921408012615975,-0.011912518903860567,NA,NA,NA
T167__cont_trait_0,0.021156295275527794,-0.08945953828828584,0.14306803473293717,0.3730143292086339,0.20726335473000893,0.5452257714008081
T167__cat_trait_0,-0.016528963836414987,-0.0582864738683717,0.026919743460248835,NA,NA,NA
T167__pvr_0,0.15807402497012976,-0.0013368793813616636,0.3162257955952877,NA,NA,NA
T167__pvr_1,0.009226015287773727,-0.045796855578502216,0.08414954910212104,NA,NA,NA
T167__time,-0.03698783218228264,-0.0884592588502651,0.019480724351935028,NA,NA,NA
T169__cont_trait_0,0.0528674712258539,-0.17678815799360162,0.3111148191857578,0.5804468587698587,0.21713828169411883,1.0626682838865422
T169__cat_trait_0,0.07754055901239051,-0.0465206363690063,0.23566129297690913,NA,NA,NA
T169__pvr_0,0.20955806714010908,-0.029393179195657225,0.4670942431207798,NA,NA,NA
T169__pvr_1,0.04001135039899333,-0.039151242187990876,0.17640012817798012,NA,NA,NA
T169__time,-0.03760537870138822,-0.11327945746718668,0.022099845987910538,NA,NA,NA
T171__cont_trait_0,0.043821466952484796,-0.09705739954802048,0.19089426843389395,0.420160369874056,0.2493136140293458,0.6510474153469686
T171__cat_trait_0,-0.016419409962676747,-0.0611147148583663,0.030217163263902676,NA,NA,NA
T171__pvr_0,0.17783252153589366,0.020252745561207458,0.3443379384139251,NA,NA,NA
T171__pvr_1,0.016799800038882776,-0.04241536644086656,0.0920153161064641,NA,NA,NA
T171__time,-0.039948798384428746,-0.10859044192366495,0.016890394033072464,NA,NA,NA
T173__cont_trait_0,0.05648094241339597,-0.0982571228270527,0.24244672020932895,0.44632321783085416,0.19807920321480524,0.696806316237624
T173__cat_trait_0,-0.01629646451346864,-0.06862827628126997,0.030105526245331166,NA,NA,NA
T173__pvr_0,0.18602004197044156,0.007393249083903028,0.3627776480290783,NA,NA,NA
T173__pvr_1,0.024631528360660022,-0.04317352151864433,0.11349417236616356,NA,NA,NA
T173__time,-0.04258762009407482,-0.11537368866991865,0.016384817097345197,NA,NA,NA
T174__cont_trait_0,0.004721559284598158,-0.03916508123437329,0.06236380582462744,0.10660625217872519,0.03383275213839501,0.195136469132193
T174__cat_trait_0,-0.02356097459617911,-0.05779688785998224,0.008307953922408736,NA,NA,NA
T174__pvr_0,-0.08866029472310061,-0.15779511156189008,-0.013862221001891575,NA,NA,NA
T174__pvr_1,0.04773071219665134,-0.06794267658376636,0.1864123565702007,NA,NA,NA
T174__time,-0.07169953967714476,-0.1212708777767348,-0.02532863298136824,NA,NA,NA
T176__cont_trait_0,0.05689580370854497,-0.11947324477677337,0.2459645438614727,0.45106503763587974,0.1870230300265769,0.7393382960775512
T176__cat_trait_0,-0.016531813798112978,-0.06500504153476612,0.03370125556869881,NA,NA,NA
T176__pvr_0,0.18601547241179547,-0.0005510837562913845,0.3707371875372376,NA,NA,NA
T176__pvr_1,0.029651367570007275,-0.042457570284797325,0.12253120603749632,NA,NA,NA
T176__time,-0.043040581950255265,-0.10728702537060975,0.018723371663261823,NA,NA,NA
T177__cont_trait_0,0.14584879843458387,-0.03138394013038573,0.4135753514561988,0.5558235694001298,0.07118686401601068,1.263025819828621
T177__cat_trait_0,0.1566166676494483,-0.03254988258796522,0.3995578421426426,NA,NA,NA
T177__pvr_0,-0.06326221935929124,-0.22345969860656154,0.10346585738849179,NA,NA,NA
T177__pvr_1,0.1760296358822584,-0.03791866829227705,0.5028267731583056,NA,NA,NA
T177__time,-0.09748410290076985,-0.21531261039470406,0.010765565996061127,NA,NA,NA
T178__cont_trait_0,0.053872141295419916,-0.12619027789136672,0.250776990543657,0.43873466422927543,0.17705987517131905,0.740184192033637
T178__cat_trait_0,-0.016186795712590837,-0.06164727000106664,0.03296188975540337,NA,NA,NA
T178__pvr_0,0.18252405736726288,0.0023425747633488425,0.3795345420640192,NA,NA,NA
T178__pvr_1,0.029344286925421254,-0.03767288561818438,0.12383371438727092,NA,NA,NA
T178__time,-0.04889381534013813,-0.1365594765075041,0.008478022489119746,NA,NA,NA
T179__cont_trait_0,0.023064477831968726,-0.11937364277203727,0.16873195049101963,0.5148742491285766,0.19833636686862088,0.8706089331999256
T179__cat_trait_0,0.08153526620267894,-0.04841277197649069,0.24163841101193412,NA,NA,NA
T179__pvr_0,0.18738350836949325,-0.011640806232061887,0.4103588868023457,NA,NA,NA
T179__pvr_1,0.027750837220484756,-0.05981229124713123,0.14080276659837992,NA,NA,NA
T179__time,-0.0429346301899492,-0.12729564810681734,0.023964373323209442,NA,NA,NA
T180__cont_trait_0,0.06464659667255188,-0.04416347769625436,0.17407844772164868,0.1910437545113536,0.055310949523212166,0.38105826354431793
T180__cat_trait_0,0.03658211137064975,-0.04139712640074766,0.12172259095446995,NA,NA,NA
T180__pvr_0,-0.054277078098109305,-0.12655647408410947,0.014452425014704812,NA,NA,NA
T180__pvr_1,-0.03201734313251328,-0.14257823922251708,0.08618685363951949,NA,NA,NA
T180__time,-0.061965321995125645,-0.11088604446519013,-0.00781518248761108,NA,NA,NA
T183__cont_trait_0,0.040024445843298014,-0.11916087629210059,0.17210052523890998,0.404843820139621,0.2308257727772719,0.6357035162044473
T183__cat_trait_0,-0.01590974511444232,-0.06224805216988076,0.026907131445747287,NA,NA,NA
T183__pvr_0,0.1721406202325508,0.008875459385340886,0.33961989570908935,NA,NA,NA
T183__pvr_1,0.015561642775883221,-0.04230371870957557,0.08544392718329447,NA,NA,NA
T183__time,-0.045047933291568566,-0.11031814357064385,0.028143388196750913,NA,NA,NA
T185__cont_trait_0,0.12412735693073917,-0.02320694310800613,0.369378605225593,0.5119444569427244,0.06505045647839997,1.1284769302272781
T185__cat_trait_0,0.15562584673374547,-0.018951950854176183,0.39233423979274373,NA,NA,NA
T185__pvr_0,-0.07187454042272692,-0.23210152975600035,0.09462564099307458,NA,NA,NA
T185__pvr_1,0.16273450488464597,-0.052752128995081186,0.4480718708877061,NA,NA,NA
T185__time,-0.09674350087757959,-0.21724777843389773,0.006650319788951753,NA,NA,NA
T186__cont_trait_0,0.01992906581774289,-0.08710282064811035,0.14032130117483027,0.3643580795565135,0.1932278980579282,0.5393938623961148
T186__cat_trait_0,-0.015509339578281631,-0.05349688658913228,0.028282428522894407,NA,NA,NA
T186__pvr_0,0.15571701348446387,-0.012742155962396168,0.3135453540267825,NA,NA,NA
T186__pvr_1,0.00982701697845614,-0.04306469060112163,0.08121532007996086,NA,NA,NA
T186__time,-0.043680466839767985,-0.1148646123438464,0.02227996623800088,NA,NA,NA
T187__cont_trait_0,0.008355716064268345,-0.07308958238097785,0.1274597507928661,0.3420759072517559,0.12536654535191347,0.5325365699340239
T187__cat_trait_0,-0.014509833155659879,-0.058978562398416465,0.025589653360142683,NA,NA,NA
T187__pvr_0,0.14568961736568814,-0.022113671962774265,0.324532274409125,NA,NA,NA
T187__pvr_1,0.00811855109662882,-0.046329943963575274,0.06749745909878047,NA,NA,NA
T187__time,-0.04365293381306967,-0.11608892083395717,0.029014792160544076,NA,NA,NA
T188__cont_trait_0,-0.026019282406636805,-0.06272697276379252,0.01320834927130096,0.0822289093476669,0.024152284023587822,0.16198934274114918
T188__cat_trait_0,-0.019606318055606753,-0.050524527170981326,0.00948177659687486,NA,NA,NA
T188__pvr_0,-0.06444620310067346,-0.1104268093157123,-0.019117364759442763,NA,NA,NA
T188__pvr_1,0.03410931730974657,-0.058174480190118866,0.11480249199168283,NA,NA,NA
T188__time,-0.07988339409306291,-0.12015912143647678,-0.03461072164060533,NA,NA,NA
T189__cont_trait_0,0.025395238693456567,-0.0960991106747709,0.14128418059143433,0.3744029279081119,0.2049205610648306,0.55249195538672
T189__cat_trait_0,-0.015557845942558112,-0.05544357630231925,0.029489031084422402,NA,NA,NA
T189__pvr_0,0.1604714701733299,0.0032076631551309354,0.3202782229766571,NA,NA,NA
T189__pvr_1,0.01091727542849974,-0.04338810551221997,0.07919547253717069,NA,NA,NA
T189__time,-0.04489800013851648,-0.11120059311641697,0.03323239015449728,NA,NA,NA
T190__cont_trait_0,0.0150457177066672,-0.1046514519342439,0.14513713839142003,0.4938728614544579,0.19259792559539163,0.8584676978228711
T190__cat_trait_0,0.08208083380629157,-0.041603764850239824,0.23742879968396247,NA,NA,NA
T190__pvr_0,0.17980223458438543,-0.021115153489570652,0.4153295610541443,NA,NA,NA
T190__pvr_1,0.02581249538740345,-0.05721727752286787,0.13448135173212714,NA,NA,NA
T190__time,-0.046943209724189784,-0.13493148937860183,0.024843459175597327,NA,NA,NA
T191__cont_trait_0,0.024934585800255458,-0.09998649502505234,0.19092629622774485,0.5150643494934785,0.19867275464206263,0.878188470014036
T191__cat_trait_0,0.08098151235317623,-0.03490988775299023,0.25192061768421237,NA,NA,NA
T191__pvr_0,0.18960751369559645,-0.013785056325674297,0.41031075960705665,NA,NA,NA
T191__pvr_1,0.028250466201317187,-0.05422672050363539,0.14731854570605318,NA,NA,NA
T191__time,-0.04678451825076696,-0.13337893751811863,0.02930115202858327,NA,NA,NA
T193__cont_trait_0,0.01640032437871122,-0.09527390587373942,0.15831132338773013,0.4935749164595477,0.19366064033018604,0.8425300321241936
T193__cat_trait_0,0.08140763833274174,-0.04160550193662774,0.23871562240362432,NA,NA,NA
T193__pvr_0,0.18157763130603136,-0.015067954078489959,0.41693205825436097,NA,NA,NA
T193__pvr_1,0.026048677944469516,-0.05801810445629346,0.13686729695313699,NA,NA,NA
T193__time,-0.04993414519630622,-0.15282569529335194,0.027893811133895857,NA,NA,NA
T194__cont_trait_0,0.050878854376608794,-0.1596268291883338,0.23838849610335106,0.5599345937682905,0.19056686627731945,0.9934213681874189
T194__cat_trait_0,0.07788922790884183,-0.045911143289371195,0.2257934418413498,NA,NA,NA
T194__pvr_0,0.2078102866080784,-0.03617333684939365,0.4304529107972198,NA,NA,NA
T194__pvr_1,0.03675463457898317,-0.041710238898858304,0.1492695510820553,NA,NA,NA
T194__time,-0.05147319939812215,-0.1539393212461448,0.041443264353051706,NA,NA,NA
T195__cont_trait_0,0.17137397460546366,-0.09105952909880995,0.48445359476702154,0.5959308937502998,0.04436748932436971,1.3511542255165647
T195__cat_trait_0,0.13142536471564223,-0.02206389655382296,0.37876284544100325,NA,NA,NA
T195__pvr_0,-0.04480272114896842,-0.1982360477162458,0.13559988017039218,NA,NA,NA
T195__pvr_1,0.18803795719710925,-0.06125853279214795,0.5249406278663185,NA,NA,NA
T195__time,-0.08817847131284717,-0.23146130669093,-0.004611930752126736,NA,NA,NA
T196__cont_trait_0,0.023052615540029388,-0.09179503249199676,0.13763520744005642,0.3644423197650067,0.1776961648534751,0.5430373467408361
T196__cat_trait_0,-0.015378547921681229,-0.052589046449911456,0.0299375912656666,NA,NA,NA
T196__pvr_0,0.16073085040798205,-0.00272108568551873,0.30986034635626625,NA,NA,NA
T196__pvr_1,0.010317016597068317,-0.04369591410997499,0.07580383283128757,NA,NA,NA
T196__time,-0.052354404552292136,-0.14120750728723483,0.032257510698328995,NA,NA,NA
T197__cont_trait_0,0.04918675747591368,-0.15454469130563112,0.22840368110409903,0.5558469817307677,0.20032817709810724,0.9955413334171959
T197__cat_trait_0,0.07804668136006462,-0.042870810729829276,0.23448462131731876,NA,NA,NA
T197__pvr_0,0.20625624870467452,-0.031919862381982606,0.4334318943738975,NA,NA,NA
T197__pvr_1,0.035870338679249734,-0.04229015671504682,0.1502616168410114,NA,NA,NA
T197__time,-0.05158783418303504,-0.16093214930522007,0.0378072180298209,NA,NA,NA
T201__cont_trait_0,0.04561233705008867,-0.19034993360506414,0.2950914691448161,0.545543858072318,0.19228729713950243,1.0418736488345672
T201__cat_trait_0,0.08120340175076797,-0.042525569027792365,0.23465087493233014,NA,NA,NA
T201__pvr_0,0.20279944663316662,-0.03762230830520321,0.43673589983933897,NA,NA,NA
T201__pvr_1,0.039565820362021234,-0.03487723639296514,0.161635668248207,NA,NA,NA
T201__time,-0.06171193741762688,-0.17147582368305272,0.03925132666585686,NA,NA,NA
T202__cont_trait_0,0.009396367681482937,-0.07774198397269219,0.12816622400242592,0.3419985141742871,0.150549056634821,0.5778852965301755
T202__cat_trait_0,-0.014211263721856653,-0.060244555072410735,0.02398236542989296,NA,NA,NA
T202__pvr_0,0.14719630678205245,-0.016309909676073833,0.32535747660336434,NA,NA,NA
T202__pvr_1,0.008344203275845232,-0.04679601567374911,0.0677515487752996,NA,NA,NA
T202__time,-0.0468018895371368,-0.130004206745008,0.029956185445922476,NA,NA,NA
T205__cont_trait_0,-0.0064270029426544886,-0.05537247562906462,0.047868732417532214,0.08713232754151037,0.010575145095556071,0.187275455581402
T205__cat_trait_0,-0.013469478911801556,-0.043478933248141026,0.01688559210980293,NA,NA,NA
T205__pvr_0,-0.026817640807183376,-0.0680267112453748,0.008670445313555528,NA,NA,NA
T205__pvr_1,-0.01867460633523785,-0.07114770530129892,0.034444464712227583,NA,NA,NA
T205__time,-0.08555373315551251,-0.13174151670468456,-0.021962216422147546,NA,NA,NA
T206__cont_trait_0,0.020497072529043606,-0.08874208736949127,0.13133966328921848,0.36031529999328293,0.17522587504474063,0.5438682014753415
T206__cat_trait_0,-0.015302160816743921,-0.05424002414504814,0.026200351106407557,NA,NA,NA
T206__pvr_0,0.158522632030657,-4.46338269270985e-05,0.3156588921584235,NA,NA,NA
T206__pvr_1,0.009706232656024862,-0.04069421947354515,0.07981177916865026,NA,NA,NA
T206__time,-0.051183266099598695,-0.13989882603659654,0.02828783531787432,NA,NA,NA
