sp	hmin	hmax
T0	30.378167127722286	30.378167127722286
T0	27.537111402867147	27.537111402867147
T0	23.172196437552426	23.172196437552426
T0	26.895580387567826	26.895580387567826
T0	24.239025140524703	24.239025140524703
T0	25.992000763796014	25.992000763796014
T0	25.809617938150673	25.809617938150673
T0	23.943751278671773	23.943751278671773
T0	23.16551532801752	23.16551532801752
T0	21.82129286670319	21.82129286670319
T1	27.885782622218507	27.885782622218507
T1	24.341146152564903	24.341146152564903
T1	18.960437256591707	18.960437256591707
T1	19.902939463084405	19.902939463084405
T1	17.003470741412677	17.003470741412677
T1	19.300359254701394	19.300359254701394
T1	19.310114850925302	19.310114850925302
T1	14.698854389125307	14.698854389125307
T2	30.84239592895878	30.84239592895878
T2	31.265036734113995	31.265036734113995
T2	31.015574405060573	31.015574405060573
T2	31.344211669772815	31.344211669772815
T3	29.997716717231537	29.997716717231537
T3	30.15472147005463	30.15472147005463
T3	29.917969011544834	29.917969011544834
T3	31.583647006553065	31.583647006553065
T3	31.29143007462233	31.29143007462233
T3	24.801207600467137	24.801207600467137
T3	25.37116347265916	25.37116347265916
T3	26.1518997891648	26.1518997891648
T3	25.57216700519813	25.57216700519813
T3	26.718645829750756	26.718645829750756
T3	23.3695942425442	23.3695942425442
T3	27.421390681745162	27.421390681745162
T3	27.324950540838824	27.324950540838824
T3	24.508373882481585	24.508373882481585
T3	25.740700950988863	25.740700950988863
T3	24.881456433630778	24.881456433630778
T3	24.9937571103077	24.9937571103077
T3	24.45713254614616	24.45713254614616
T3	27.377180056408402	27.377180056408402
T3	24.53536964969683	24.53536964969683
T3	26.426764386301695	26.426764386301695
T3	24.591711914350523	24.591711914350523
T3	26.322280642320287	26.322280642320287
T3	23.91638960603228	23.91638960603228
T3	23.808854412641438	23.808854412641438
T3	24.882034218502575	24.882034218502575
T3	26.746516815360245	26.746516815360245
T3	26.03175630264266	26.03175630264266
T3	26.261665868243654	26.261665868243654
T3	27.177120128578697	27.177120128578697
T3	27.76288038157366	27.76288038157366
T3	24.947891140044753	24.947891140044753
T3	25.812758374863897	25.812758374863897
T3	20.764268833747092	20.764268833747092
T3	20.908272505721413	20.908272505721413
T3	20.571636833212338	20.571636833212338
T3	21.27516190425684	21.27516190425684
T3	20.742944885438153	20.742944885438153
T3	21.99091525664665	21.99091525664665
T3	21.14242555435189	21.14242555435189
T3	18.71138129009216	18.71138129009216
T3	20.1995663535556	20.1995663535556
T3	19.69938798903616	19.69938798903616
T3	16.10395902045458	16.10395902045458
T3	19.666265740864517	19.666265740864517
T3	16.25077610250356	16.25077610250356
T3	19.79168000505018	19.79168000505018
T3	18.50581303490282	18.50581303490282
T3	18.76693488253695	18.76693488253695
T3	20.199392739741185	20.199392739741185
T3	16.98759106820782	16.98759106820782
T3	17.50411578158415	17.50411578158415
T3	16.67640948240476	16.67640948240476
T3	18.097501636622912	18.097501636622912
T3	17.86894859070272	17.86894859070272
T3	17.138918524259857	17.138918524259857
T3	19.99249549287285	19.99249549287285
T3	20.33485536778673	20.33485536778673
T3	18.527786601354432	18.527786601354432
T3	17.80231610870931	17.80231610870931
T3	20.300595215974834	20.300595215974834
T3	17.027019885514818	17.027019885514818
T3	19.79379946297466	19.79379946297466
T3	16.73748179221629	16.73748179221629
T3	20.26185517590867	20.26185517590867
T3	16.217337385150365	16.217337385150365
T3	19.755296396738114	19.755296396738114
T3	18.964828499164984	18.964828499164984
T3	17.83575253932715	17.83575253932715
T3	19.937947233655755	19.937947233655755
T3	16.22591062760374	16.22591062760374
T3	16.724178101565712	16.724178101565712
T3	18.392907387216486	18.392907387216486
T3	20.080473814783666	20.080473814783666
T3	17.7320422494683	17.7320422494683
T3	18.399887918273485	18.399887918273485
T3	19.89140426465208	19.89140426465208
T3	17.959074023703764	17.959074023703764
T3	18.38038120206301	18.38038120206301
T3	18.321423040904413	18.321423040904413
T3	14.423842001285335	14.423842001285335
T3	14.35673605813567	14.35673605813567
T3	15.576366071991611	15.576366071991611
T3	14.680034492147872	14.680034492147872
T3	14.735157577033348	14.735157577033348
T3	15.36207681837156	15.36207681837156
T3	14.585456357055616	14.585456357055616
T3	13.059677707605875	13.059677707605875
T3	13.635295487101745	13.635295487101745
T3	13.605232320715864	13.605232320715864
T3	11.980675939874768	11.980675939874768
T3	13.685245469002297	13.685245469002297
T3	13.273293906112617	13.273293906112617
T3	12.806824677086192	12.806824677086192
T3	12.777669621411333	12.777669621411333
T3	12.812624021657387	12.812624021657387
T3	12.08083481697719	12.08083481697719
T3	13.258551659711769	13.258551659711769
T3	11.95443011422456	11.95443011422456
T3	12.949456094404344	12.949456094404344
T4	28.513443036144466	28.513443036144466
T4	27.75973596908948	27.75973596908948
T4	24.90629898150487	24.90629898150487
T4	25.065179024043303	25.065179024043303
T4	25.44300969712357	25.44300969712357
T4	27.54121815368026	27.54121815368026
T4	25.734866958978905	25.734866958978905
T4	25.53749815555977	25.53749815555977
T4	27.495090398633607	27.495090398633607
T4	26.827815212636846	26.827815212636846
T4	23.043994859967015	23.043994859967015
T4	23.1592769829628	23.1592769829628
T4	23.565282259261686	23.565282259261686
T4	25.613488695764403	25.613488695764403
T4	24.389068569913626	24.389068569913626
T4	27.56200907008458	27.56200907008458
T4	25.93530457407314	25.93530457407314
T4	24.564551771033095	24.564551771033095
T5	30.094576204981742	30.094576204981742
T5	26.534201989359623	26.534201989359623
T5	23.826016238007306	23.826016238007306
T5	24.069834017017914	24.069834017017914
T5	26.670015414179865	26.670015414179865
T5	27.87623542590889	27.87623542590889
T5	24.9244257706292	24.9244257706292
T5	26.91277104928028	26.91277104928028
T5	24.29724857974279	24.29724857974279
T5	25.255230341279756	25.255230341279756
T5	23.706345476020626	23.706345476020626
T5	27.720498878965866	27.720498878965866
T5	20.77816050051534	20.77816050051534
T5	17.33696772923107	17.33696772923107
T5	19.44386966195951	19.44386966195951
T5	19.377966063750016	19.377966063750016
T5	19.556620547268363	19.556620547268363
T5	18.88541270000675	18.88541270000675
T5	16.59449664936286	16.59449664936286
T5	20.312073151185004	20.312073151185004
T5	17.663518555550745	17.663518555550745
T5	18.51304083289022	18.51304083289022
T5	16.13677104819822	16.13677104819822
T5	19.200656664873414	19.200656664873414
T5	19.58137283953443	19.58137283953443
T5	17.35763510419642	17.35763510419642
T5	15.17380015466528	15.17380015466528
T6	29.40283719243099	29.40283719243099
T6	28.67525819295798	28.67525819295798
T6	29.26242902398207	29.26242902398207
T6	29.22664857437886	29.22664857437886
T6	25.85046936976434	25.85046936976434
T6	23.75462963511299	23.75462963511299
T6	23.9277843342428	23.9277843342428
T6	23.87370877535687	23.87370877535687
T6	27.70438516404411	27.70438516404411
T6	25.67307096197052	25.67307096197052
T6	25.079399962917215	25.079399962917215
T6	25.364609063077882	25.364609063077882
T6	28.041914781319964	28.041914781319964
T6	24.197928868355994	24.197928868355994
T6	24.336548819714817	24.336548819714817
T6	25.594508361806625	25.594508361806625
T6	27.344053035478748	27.344053035478748
T6	27.230307700809018	27.230307700809018
T6	28.048343521554234	28.048343521554234
T6	25.310532744311168	25.310532744311168
T6	24.537693312881792	24.537693312881792
T6	24.697693987840818	24.697693987840818
T6	25.425537079556275	25.425537079556275
T6	25.9693633872922	25.9693633872922
T6	24.528761914708543	24.528761914708543
T6	25.307364248124884	25.307364248124884
T6	25.118329527185193	25.118329527185193
T6	27.620027048816727	27.620027048816727
T6	23.14204240530392	23.14204240530392
T6	27.998044604849632	27.998044604849632
T6	22.909925759910546	22.909925759910546
T6	21.111105681941805	21.111105681941805
T6	20.962195089140536	20.962195089140536
T6	22.12644143660369	22.12644143660369
T6	22.197148520406497	22.197148520406497
T6	16.849683937676883	16.849683937676883
T6	17.199808108237384	17.199808108237384
T6	17.85897032656313	17.85897032656313
T6	16.846851473581456	16.846851473581456
T6	19.250581699421076	19.250581699421076
T6	18.083111683316616	18.083111683316616
T6	19.143526560325025	19.143526560325025
T6	18.522721892790543	18.522721892790543
T6	20.251629709255642	20.251629709255642
T6	17.323807536657313	17.323807536657313
T6	18.48205274032086	18.48205274032086
T6	18.689711989691652	18.689711989691652
T6	16.013711647518566	16.013711647518566
T6	16.526412222594047	16.526412222594047
T6	18.17219904487726	18.17219904487726
T6	17.398373803484247	17.398373803484247
T6	20.103178677393117	20.103178677393117
T6	19.999687579305196	19.999687579305196
T6	18.83941040388856	18.83941040388856
T6	16.2821926130313	16.2821926130313
T6	18.819970625699955	18.819970625699955
T6	18.106994438614013	18.106994438614013
T6	16.999259151837443	16.999259151837443
T6	13.863047763240335	13.863047763240335
T6	15.640461681527682	15.640461681527682
T6	14.238180380394194	14.238180380394194
T6	14.75892912978667	14.75892912978667
T6	15.225121923321066	15.225121923321066
T6	14.020192696718267	14.020192696718267
T6	13.133685901464826	13.133685901464826
T6	13.120228341754167	13.120228341754167
T6	13.168669714180023	13.168669714180023
T6	13.712213100030478	13.712213100030478
T6	13.241806668347524	13.241806668347524
T6	12.919085345932762	12.919085345932762
T7	24.759414871057306	24.759414871057306
T7	24.486141572426856	24.486141572426856
T7	26.05637402029937	26.05637402029937
T7	20.484353896203384	20.484353896203384
T7	21.380096693511874	21.380096693511874
T7	16.87739858448568	16.87739858448568
T7	20.044009429234034	20.044009429234034
T7	19.052075179436184	19.052075179436184
T7	20.369149380610803	20.369149380610803
T7	17.449917358203944	17.449917358203944
T7	18.980082665632107	18.980082665632107
T7	16.563760662840856	16.563760662840856
T7	19.148659793253188	19.148659793253188
T7	18.018146133685036	18.018146133685036
T7	19.885688676520406	19.885688676520406
T7	15.754843838625213	15.754843838625213
T7	15.251102191489927	15.251102191489927
T7	14.952210972170267	14.952210972170267
T7	12.412858736620981	12.412858736620981
T8	28.811910848286264	28.811910848286264
T8	28.51840707900536	28.51840707900536
T8	24.4944340760126	24.4944340760126
T8	23.230731170701628	23.230731170701628
T8	24.37178163408257	24.37178163408257
T8	24.070357926789903	24.070357926789903
T8	27.002454313875226	27.002454313875226
T8	25.02013349993595	25.02013349993595
T8	27.002408631376117	27.002408631376117
T8	24.854381229149244	24.854381229149244
T8	23.796681643088213	23.796681643088213
T8	26.146616428667958	26.146616428667958
T8	27.000466081403744	27.000466081403744
T8	23.520583429995945	23.520583429995945
T8	26.738629682908773	26.738629682908773
T8	26.589523060577175	26.589523060577175
T8	23.10567004199129	23.10567004199129
T8	23.299646950168516	23.299646950168516
T8	23.823366993487575	23.823366993487575
T8	27.47266893309629	27.47266893309629
T8	24.128486430416636	24.128486430416636
T8	25.989470322120837	25.989470322120837
T8	25.954529323959687	25.954529323959687
T8	26.674578161377465	26.674578161377465
T8	17.78685829588726	17.78685829588726
T8	16.11539509742904	16.11539509742904
T8	16.364399419517163	16.364399419517163
T8	16.011154609157053	16.011154609157053
T8	17.215128677195764	17.215128677195764
T8	16.165124735550453	16.165124735550453
T8	19.132314847350536	19.132314847350536
T8	17.07107529749455	17.07107529749455
T8	16.030291934903726	16.030291934903726
T8	19.80688742590984	19.80688742590984
T8	18.884259015461804	18.884259015461804
T8	17.51462775021851	17.51462775021851
T8	17.732658947238367	17.732658947238367
T8	17.556066545176748	17.556066545176748
T8	16.033916418040157	16.033916418040157
T8	18.80369965181935	18.80369965181935
T8	14.037352645222622	14.037352645222622
T8	15.517714197250335	15.517714197250335
T8	14.953570058800043	14.953570058800043
T9	28.400490407185675	28.400490407185675
T9	28.49095031708719	28.49095031708719
T9	26.640246346697484	26.640246346697484
T9	27.075630028879015	27.075630028879015
T9	26.43603839001634	26.43603839001634
T9	27.814967917975274	27.814967917975274
T9	26.07831503235828	26.07831503235828
T9	25.523727832864004	25.523727832864004
T9	23.057223648190252	23.057223648190252
T9	27.12490185747903	27.12490185747903
T9	24.590521941117125	24.590521941117125
T9	26.760627549182917	26.760627549182917
T9	26.51880234522008	26.51880234522008
T9	23.372168296417485	23.372168296417485
T9	25.284536433227537	25.284536433227537
T9	23.828338528813234	23.828338528813234
T9	23.20177914750578	23.20177914750578
T9	25.30275014137891	25.30275014137891
T9	23.78572709448779	23.78572709448779
T9	23.403861935344125	23.403861935344125
T9	25.958340066312395	25.958340066312395
T9	27.53749826969572	27.53749826969572
T9	25.656212309031766	25.656212309031766
T9	26.59553901510607	26.59553901510607
T9	23.723177718359654	23.723177718359654
T9	23.3043422367486	23.3043422367486
T9	22.4318988422555	22.4318988422555
T9	22.664783510322675	22.664783510322675
T9	21.627840202650564	21.627840202650564
T9	22.845446776531613	22.845446776531613
T10	28.526697671814023	28.526697671814023
T10	27.86645268219643	27.86645268219643
T10	25.744904300476783	25.744904300476783
T10	27.0092939124809	27.0092939124809
T10	25.664113111830623	25.664113111830623
T10	27.69826112546834	27.69826112546834
T10	26.45710201455229	26.45710201455229
T10	27.542399762732423	27.542399762732423
T10	26.01949782731086	26.01949782731086
T10	27.822480811400844	27.822480811400844
T10	24.66840928386494	24.66840928386494
T10	23.44742917279742	23.44742917279742
T10	23.61301108387518	23.61301108387518
T10	25.56675089586035	25.56675089586035
T10	27.56519622566425	27.56519622566425
T10	23.970261124522423	23.970261124522423
T10	25.37279855816109	25.37279855816109
T10	27.136772407650092	27.136772407650092
T10	24.846566599821298	24.846566599821298
T10	24.062911861013163	24.062911861013163
T10	26.512884282147606	26.512884282147606
T10	24.414051594224784	24.414051594224784
T10	22.716800823494783	22.716800823494783
T10	21.42587314472292	21.42587314472292
T10	21.677431430213634	21.677431430213634
T10	19.27090464018042	19.27090464018042
T10	17.737724831700188	17.737724831700188
T10	19.42057674753923	19.42057674753923
T10	16.77092097549757	16.77092097549757
T10	17.826741173834442	17.826741173834442
T10	20.256090261569042	20.256090261569042
T10	18.36560474182504	18.36560474182504
T10	17.183821117055217	17.183821117055217
T10	18.70685615977318	18.70685615977318
T10	18.940972828485197	18.940972828485197
T10	19.746731775842026	19.746731775842026
T10	17.158107579605414	17.158107579605414
T10	17.22254937480568	17.22254937480568
T10	18.423649868842798	18.423649868842798
T10	14.0217990831364	14.0217990831364
T10	15.697042542170836	15.697042542170836
T10	14.555891985971442	14.555891985971442
T10	14.610246342081743	14.610246342081743
T10	13.770686269909005	13.770686269909005
T10	12.528069977762765	12.528069977762765
T10	13.696144687430058	13.696144687430058
T10	12.707157987125507	12.707157987125507
T10	13.120539849797003	13.120539849797003
T10	13.294867718856251	13.294867718856251
T10	12.695726992020159	12.695726992020159
T10	13.347994928967315	13.347994928967315
T11	25.76135678269957	25.76135678269957
T11	23.966338134843312	23.966338134843312
T11	24.758283988095712	24.758283988095712
T11	23.650009703581162	23.650009703581162
T11	26.06368292353354	26.06368292353354
T11	23.99676154589102	23.99676154589102
T11	25.94434871243383	25.94434871243383
T11	25.18110619668034	25.18110619668034
T11	23.530774516966737	23.530774516966737
T11	24.325697081190928	24.325697081190928
T11	23.734140779273304	23.734140779273304
T11	24.62940554952766	24.62940554952766
T11	24.61668243611056	24.61668243611056
T11	23.298981187146993	23.298981187146993
T11	26.21971368625154	26.21971368625154
T11	23.735744780172897	23.735744780172897
T11	24.582223469020953	24.582223469020953
T11	23.580704265584217	23.580704265584217
T11	23.108334200541226	23.108334200541226
T11	25.973808216424782	25.973808216424782
T11	23.430589825169232	23.430589825169232
T11	26.318652762976644	26.318652762976644
T11	22.914177265484415	22.914177265484415
T11	21.6693148464052	21.6693148464052
T11	20.028150259227218	20.028150259227218
T11	19.378117731098385	19.378117731098385
T11	18.833844805600723	18.833844805600723
T11	18.795466716104876	18.795466716104876
T11	17.997090762744797	17.997090762744797
T11	19.82903517143139	19.82903517143139
T11	18.64472685922221	18.64472685922221
T11	17.294015679250734	17.294015679250734
T11	16.13457608069732	16.13457608069732
T11	17.895199331613497	17.895199331613497
T11	18.537208348182524	18.537208348182524
T11	19.45623700048807	19.45623700048807
T11	18.11651363854531	18.11651363854531
T11	19.913860047507548	19.913860047507548
T11	14.870103154539155	14.870103154539155
T11	14.014474661725611	14.014474661725611
T11	15.720589312109837	15.720589312109837
T11	14.094877570387819	14.094877570387819
T11	13.175982824723924	13.175982824723924
T11	13.337461823161844	13.337461823161844
T12	25.442593706401478	25.442593706401478
T12	23.152364714100017	23.152364714100017
T12	26.32977884837918	26.32977884837918
T12	25.7898556277382	25.7898556277382
T12	23.392056124547477	23.392056124547477
T12	25.489749409713	25.489749409713
T12	24.92017154008711	24.92017154008711
T12	25.967264404422284	25.967264404422284
T12	25.01392029821428	25.01392029821428
T12	20.611177989499314	20.611177989499314
T12	19.26600146899036	19.26600146899036
T12	19.363758657478407	19.363758657478407
T12	18.261285608751002	18.261285608751002
T12	18.94407926968145	18.94407926968145
T12	16.198314298633658	16.198314298633658
T12	17.878662832553207	17.878662832553207
T12	17.001455413716293	17.001455413716293
T12	18.38689571945792	18.38689571945792
T12	18.62366644554837	18.62366644554837
T12	19.19797987140858	19.19797987140858
T12	17.780725009399227	17.780725009399227
T12	19.31176628762477	19.31176628762477
T12	16.493058867475447	16.493058867475447
T12	20.41516231905404	20.41516231905404
T12	18.01369839801719	18.01369839801719
T12	16.858716994982014	16.858716994982014
T12	17.376096805183167	17.376096805183167
T12	17.266353279505434	17.266353279505434
T12	18.858149968871814	18.858149968871814
T12	19.413727564212095	19.413727564212095
T12	16.169638016287358	16.169638016287358
T12	16.526175937507556	16.526175937507556
T12	19.890955640029993	19.890955640029993
T12	19.206623294602228	19.206623294602228
T12	13.04283308728494	13.04283308728494
T12	12.544204322622125	12.544204322622125
T12	11.462956288447254	11.462956288447254
T12	11.476513265755255	11.476513265755255
T13	24.936043098809265	24.936043098809265
T13	23.16123113642132	23.16123113642132
T13	25.25946674291702	25.25946674291702
T13	23.07795445374396	23.07795445374396
T13	25.321458296097877	25.321458296097877
T13	26.546991114992252	26.546991114992252
T13	24.52654467823337	24.52654467823337
T13	24.698959709274074	24.698959709274074
T13	23.805025197910002	23.805025197910002
T13	24.70160124150154	24.70160124150154
T13	23.728594407678546	23.728594407678546
T13	24.792391530630855	24.792391530630855
T13	23.6541576073988	23.6541576073988
T13	24.970189931303747	24.970189931303747
T13	24.91209195834106	24.91209195834106
T13	24.93772141953367	24.93772141953367
T13	23.859954151715208	23.859954151715208
T13	25.149253115923894	25.149253115923894
T13	26.22751556701829	26.22751556701829
T13	24.311152017314086	24.311152017314086
T13	23.426340526875254	23.426340526875254
T13	26.44386977615893	26.44386977615893
T13	26.002472112974754	26.002472112974754
T13	25.4069359081178	25.4069359081178
T13	26.409372384955088	26.409372384955088
T13	23.960184444092334	23.960184444092334
T13	24.000983677050808	24.000983677050808
T13	25.130614408694633	25.130614408694633
T13	23.3103153836668	23.3103153836668
T13	23.416952248300316	23.416952248300316
T13	23.74975881469284	23.74975881469284
T13	21.381349944699465	21.381349944699465
T13	20.947620200103437	20.947620200103437
T13	20.687449045048687	20.687449045048687
T13	21.797189846128457	21.797189846128457
T13	21.146259610138813	21.146259610138813
T13	21.522095765710826	21.522095765710826
T13	20.745858018455348	20.745858018455348
T13	21.458739837371017	21.458739837371017
T13	20.413103989525467	20.413103989525467
T13	18.892408519226258	18.892408519226258
T13	18.72253026489838	18.72253026489838
T13	18.7958122183588	18.7958122183588
T13	17.96340138956847	17.96340138956847
T13	17.90079121251664	17.90079121251664
T13	17.39287498021472	17.39287498021472
T13	20.27352823273046	20.27352823273046
T13	18.31566151088234	18.31566151088234
T13	18.384034106760627	18.384034106760627
T13	18.585818953052453	18.585818953052453
T13	19.28480318836298	19.28480318836298
T13	17.327130640682057	17.327130640682057
T13	16.143098750163617	16.143098750163617
T13	16.625785323008248	16.625785323008248
T13	18.054200924150084	18.054200924150084
T13	18.7715052077128	18.7715052077128
T13	19.758747025808297	19.758747025808297
T13	18.5263031535266	18.5263031535266
T13	19.287646617258158	19.287646617258158
T13	17.80762260194482	17.80762260194482
T13	18.961434102168937	18.961434102168937
T13	19.816048783496854	19.816048783496854
T13	16.769310723425935	16.769310723425935
T13	18.0085172045696	18.0085172045696
T13	20.171510700932007	20.171510700932007
T13	19.797097729517354	19.797097729517354
T13	18.478228338570272	18.478228338570272
T13	20.35232890550455	20.35232890550455
T13	19.59092046654526	19.59092046654526
T13	17.283957213636135	17.283957213636135
T13	19.649753666940278	19.649753666940278
T13	17.031946235324995	17.031946235324995
T13	20.20084454064478	20.20084454064478
T13	19.089820926599124	19.089820926599124
T13	18.549274845470034	18.549274845470034
T13	17.166836112652746	17.166836112652746
T13	17.932539415822422	17.932539415822422
T13	19.801620904083297	19.801620904083297
T13	15.705449926553447	15.705449926553447
T13	15.33982107988742	15.33982107988742
T14	24.319562401989405	24.319562401989405
T14	23.188265091779048	23.188265091779048
T14	23.92494493872944	23.92494493872944
T14	23.56755228520629	23.56755228520629
T14	24.985212020968238	24.985212020968238
T14	23.262330327473848	23.262330327473848
T14	23.82992278380123	23.82992278380123
T14	24.916995536517533	24.916995536517533
T14	23.52075763873295	23.52075763873295
T14	26.301473069542165	26.301473069542165
T14	25.29694659174047	25.29694659174047
T14	24.689003836886126	24.689003836886126
T14	23.71005792835832	23.71005792835832
T14	23.6882811510716	23.6882811510716
T14	25.429853888835744	25.429853888835744
T14	24.72316487739366	24.72316487739366
T14	25.160526436876836	25.160526436876836
T14	25.842647435070855	25.842647435070855
T14	26.31120240789855	26.31120240789855
T14	24.801376098256508	24.801376098256508
T14	24.200537145831806	24.200537145831806
T14	20.932491089242788	20.932491089242788
T14	17.855272925808165	17.855272925808165
T14	20.192652551478538	20.192652551478538
T14	20.270545587762864	20.270545587762864
T14	16.93024439415902	16.93024439415902
T14	19.59594607812686	19.59594607812686
T14	17.461214389931826	17.461214389931826
T14	16.34570313179755	16.34570313179755
T14	16.184594184062593	16.184594184062593
T14	17.727696153532392	17.727696153532392
T14	19.773486947587607	19.773486947587607
T14	17.591054437925276	17.591054437925276
T14	18.209601410468764	18.209601410468764
T14	18.826855572561087	18.826855572561087
T14	16.86354458603133	16.86354458603133
T14	17.828761082906855	17.828761082906855
T14	19.28740806197918	19.28740806197918
T14	19.618841604188294	19.618841604188294
T14	16.890281434861347	16.890281434861347
T14	20.026497006656083	20.026497006656083
T14	18.834726113275476	18.834726113275476
T14	19.029682332956632	19.029682332956632
T14	17.855240869399307	17.855240869399307
T14	18.078434899676935	18.078434899676935
T14	16.181234425547064	16.181234425547064
T14	13.97531209006506	13.97531209006506
T14	12.488808300497686	12.488808300497686
T14	12.234367807500847	12.234367807500847
T14	11.743504624629594	11.743504624629594
T14	8.368155936824698	8.368155936824698
T14	11.540228681003384	11.540228681003384
T14	8.284547174110086	8.284547174110086
T14	8.763130534748393	8.763130534748393
T14	10.534749497474476	10.534749497474476
T14	8.877951128490306	8.877951128490306
T14	8.754437061583118	8.754437061583118
T14	8.3511233080554	8.3511233080554
T14	10.537827188315099	10.537827188315099
T14	8.930273366219701	8.930273366219701
T14	10.790278740197392	10.790278740197392
T14	7.595013740171872	7.595013740171872
T14	8.898770077409937	8.898770077409937
T14	8.290289659099905	8.290289659099905
T14	10.325155264370018	10.325155264370018
T14	8.691547123146641	8.691547123146641
T14	5.994691610831304	5.994691610831304
T14	6.842006158411191	6.842006158411191
T14	6.087470668596971	6.087470668596971
T14	6.136098600546273	6.136098600546273
T14	4.562434193778745	4.562434193778745
T14	4.590020846837603	4.590020846837603
T14	4.346278677468916	4.346278677468916
T14	1.3408960371424028	1.3408960371424028
T14	0.8678727760221587	0.8678727760221587
T14	1.4846139403775507	1.4846139403775507
T14	0.7869112351849912	0.7869112351849912
T14	1.7135436665628252	1.7135436665628252
T14	1.2200433042493455	1.2200433042493455
T14	1.5384769554284254	1.5384769554284254
T14	0.9512904100479974	0.9512904100479974
T14	0.9505942642962436	0.9505942642962436
T15	24.05824436230882	24.05824436230882
T15	23.733056917938185	23.733056917938185
T15	23.974273398399056	23.974273398399056
T15	25.000241042600884	25.000241042600884
T15	26.075744975293425	26.075744975293425
T15	24.68050197139599	24.68050197139599
T15	25.165062102124594	25.165062102124594
T15	26.556677517133615	26.556677517133615
T15	23.339792060421455	23.339792060421455
T15	24.418813896840643	24.418813896840643
T15	23.609816998587505	23.609816998587505
T15	24.807781771404215	24.807781771404215
T15	26.203814795700453	26.203814795700453
T15	25.61100647616638	25.61100647616638
T15	24.231491475095947	24.231491475095947
T15	23.305159043717662	23.305159043717662
T15	24.380552902416223	24.380552902416223
T15	23.345108602342787	23.345108602342787
T15	23.43280499105621	23.43280499105621
T15	25.663376237651164	25.663376237651164
T15	25.96186847208961	25.96186847208961
T15	24.218654876766422	24.218654876766422
T15	23.874711539961186	23.874711539961186
T15	24.62247734766841	24.62247734766841
T15	23.75154325140139	23.75154325140139
T15	23.1380404695633	23.1380404695633
T15	26.000102569447023	26.000102569447023
T15	24.897574107889426	24.897574107889426
T15	26.2392773033814	26.2392773033814
T15	25.425178266066673	25.425178266066673
T15	21.94462054634277	21.94462054634277
T15	22.68039802027564	22.68039802027564
T16	25.837831451982122	25.837831451982122
T16	23.773747664741684	23.773747664741684
T16	24.310356463121934	24.310356463121934
T16	23.923460541539384	23.923460541539384
T16	24.507166400265	24.507166400265
T16	26.036197842293713	26.036197842293713
T16	25.461499589305962	25.461499589305962
T16	24.695254341568067	24.695254341568067
T16	25.57267355427412	25.57267355427412
T16	23.56464481663797	23.56464481663797
T16	22.54977011380724	22.54977011380724
T16	22.09793503557482	22.09793503557482
T17	26.01155076733042	26.01155076733042
T17	25.062035159978613	25.062035159978613
T17	24.526432687419806	24.526432687419806
T17	24.690209406191727	24.690209406191727
T17	25.322952107758653	25.322952107758653
T17	23.175846839977027	23.175846839977027
T17	21.87906499373143	21.87906499373143
T17	22.062939448580515	22.062939448580515
T17	17.764735330786735	17.764735330786735
T17	19.04748598833849	19.04748598833849
T17	17.00751719562506	17.00751719562506
T17	16.883871301549043	16.883871301549043
T17	17.877792910181277	17.877792910181277
T17	17.624658216648648	17.624658216648648
T17	18.94038830558628	18.94038830558628
T17	17.737797499814658	17.737797499814658
T17	17.674945118431886	17.674945118431886
T17	18.961023388786845	18.961023388786845
T17	13.354234387406215	13.354234387406215
T17	13.706777855746624	13.706777855746624
T18	24.371498102977487	24.371498102977487
T18	25.53612356541293	25.53612356541293
T18	23.643898793260295	23.643898793260295
T19	25.613283035183215	25.613283035183215
T19	23.88233762580654	23.88233762580654
T19	23.066051320002316	23.066051320002316
T19	23.887551371486186	23.887551371486186
T19	24.333933335263595	24.333933335263595
T19	25.261738182696366	25.261738182696366
T19	20.59047273311743	20.59047273311743
T19	16.90085669057565	16.90085669057565
T19	18.664483310382572	18.664483310382572
T19	18.030125129322517	18.030125129322517
T19	17.702928234836836	17.702928234836836
T19	19.585882436303425	19.585882436303425
T19	16.368259141644344	16.368259141644344
T19	17.00678617820881	17.00678617820881
T19	16.107983187191127	16.107983187191127
T19	17.638469820305357	17.638469820305357
T19	17.471843967043203	17.471843967043203
T19	18.82344741059345	18.82344741059345
T19	20.289636377140315	20.289636377140315
T19	18.271606244004673	18.271606244004673
T19	20.17478539771293	20.17478539771293
T19	17.36136334032726	17.36136334032726
T19	14.192115350925432	14.192115350925432
T19	11.693704835439979	11.693704835439979
T19	11.263515094273156	11.263515094273156
T19	11.267997930258483	11.267997930258483
T19	11.490982959637156	11.490982959637156
T20	24.193401269237185	24.193401269237185
T20	23.740489518238157	23.740489518238157
T20	25.462844792092827	25.462844792092827
T20	23.572881162837533	23.572881162837533
T20	24.073798560085955	24.073798560085955
T20	25.547414592958052	25.547414592958052
T20	21.673391043514904	21.673391043514904
T20	19.823363497187692	19.823363497187692
T20	17.595301587548672	17.595301587548672
T20	18.838785642659243	18.838785642659243
T20	18.49732535093022	18.49732535093022
T20	18.820046989964876	18.820046989964876
T20	19.35302322586238	19.35302322586238
T20	17.41952405063539	17.41952405063539
T20	18.52781907203062	18.52781907203062
T20	16.091423018490687	16.091423018490687
T20	17.092994835220168	17.092994835220168
T20	19.79800570003584	19.79800570003584
T20	16.78419511816048	16.78419511816048
T20	17.13755641577271	17.13755641577271
T20	17.54927165656482	17.54927165656482
T20	16.134720784645015	16.134720784645015
T20	12.499689040614982	12.499689040614982
T20	12.610485929504835	12.610485929504835
T21	23.575480229896527	23.575480229896527
T21	24.091284641039376	24.091284641039376
T21	23.519953481006326	23.519953481006326
T21	25.190206851451748	25.190206851451748
T21	24.867706055880504	24.867706055880504
T21	23.26521709656677	23.26521709656677
T21	23.19915771395597	23.19915771395597
T21	23.106649789487065	23.106649789487065
T21	25.66825064055059	25.66825064055059
T21	24.57377854341795	24.57377854341795
T21	23.13582366818788	23.13582366818788
T21	23.95041352170613	23.95041352170613
T21	24.464007399378605	24.464007399378605
T21	25.341565348551253	25.341565348551253
T21	24.36449945551787	24.36449945551787
T21	23.635012471830745	23.635012471830745
T21	20.893026784446633	20.893026784446633
T21	22.15869773320444	22.15869773320444
T21	19.376381694278425	19.376381694278425
T21	20.202701445019827	20.202701445019827
T21	19.671199743034823	19.671199743034823
T21	19.464232291803437	19.464232291803437
T21	20.39073533622692	20.39073533622692
T21	19.506011374553644	19.506011374553644
T21	20.14233623028543	20.14233623028543
T22	24.08684312901198	24.08684312901198
T22	24.548864107632255	24.548864107632255
T22	23.030342516799507	23.030342516799507
T22	25.23132442980023	25.23132442980023
T22	18.64803838102648	18.64803838102648
T22	18.99382993015087	18.99382993015087
T22	18.637624965221455	18.637624965221455
T22	19.204693822259674	19.204693822259674
T22	12.412075123704234	12.412075123704234
T22	13.364955226229679	13.364955226229679
T22	12.37745552846776	12.37745552846776
T22	12.98064601980415	12.98064601980415
T22	11.855555347008515	11.855555347008515
T22	13.07805121478412	13.07805121478412
T22	8.88568901441729	8.88568901441729
T22	7.527225010759503	7.527225010759503
T22	7.70010717275936	7.70010717275936
T22	10.78601317971781	10.78601317971781
T22	6.7566193562917425	6.7566193562917425
T22	1.3529383058433475	1.3529383058433475
T22	0.6959157459368616	0.6959157459368616
T22	0.5655331363078646	0.5655331363078646
T22	0.30064097991643696	0.30064097991643696
T22	0.0	0.0
T23	23.35813240821491	23.35813240821491
T23	25.08771472861449	25.08771472861449
T23	24.864889388775737	24.864889388775737
T23	23.326082106061477	23.326082106061477
T23	24.78993584887343	24.78993584887343
T23	25.00485069117447	25.00485069117447
T23	19.358057759613036	19.358057759613036
T23	19.745505178286376	19.745505178286376
T23	20.106161188293385	20.106161188293385
T23	20.29924205150724	20.29924205150724
T23	19.62513639006751	19.62513639006751
T23	18.832137355417963	18.832137355417963
T23	18.887801500602162	18.887801500602162
T23	18.626290717805908	18.626290717805908
T23	17.994611946103163	17.994611946103163
T23	19.311246726667314	19.311246726667314
T24	24.944074181555578	24.944074181555578
T24	23.124469656845694	23.124469656845694
T24	23.171463825646065	23.171463825646065
T24	23.69354590549506	23.69354590549506
T24	24.147635984121074	24.147635984121074
T24	23.066811563804162	23.066811563804162
T24	23.89499200371612	23.89499200371612
T24	22.44891854254324	22.44891854254324
T24	18.223805621908085	18.223805621908085
T24	17.819134556982224	17.819134556982224
T24	19.101837058700763	19.101837058700763
T25	24.265440508512476	24.265440508512476
T25	23.349891877052876	23.349891877052876
T25	23.967792396347722	23.967792396347722
T25	24.192022664286466	24.192022664286466
T25	23.848771355414165	23.848771355414165
T25	24.801679491148185	24.801679491148185
T25	25.21969472252235	25.21969472252235
T25	23.71351973355782	23.71351973355782
T25	24.17525419640912	24.17525419640912
T25	24.33521656164868	24.33521656164868
T25	23.359168599910426	23.359168599910426
T25	22.004446463596455	22.004446463596455
T25	22.658607929786598	22.658607929786598
T25	15.987142234267985	15.987142234267985
T25	18.665645589348845	18.665645589348845
T25	20.293642747452346	20.293642747452346
T25	17.504831788229147	17.504831788229147
T25	16.237526340446806	16.237526340446806
T25	18.289490501276052	18.289490501276052
T25	16.1972937892532	16.1972937892532
T25	19.384379846267848	19.384379846267848
T25	20.24526626437626	20.24526626437626
T25	16.920587576850387	16.920587576850387
T25	17.091487631184197	17.091487631184197
T25	19.889911443237043	19.889911443237043
T25	18.988751090415274	18.988751090415274
T25	17.105067800352998	17.105067800352998
T25	16.128811061096805	16.128811061096805
T25	18.5318883317231	18.5318883317231
T25	16.724475503545264	16.724475503545264
T25	18.79586739037856	18.79586739037856
T25	16.163789068235715	16.163789068235715
T25	15.651039776706977	15.651039776706977
T25	14.093666144249934	14.093666144249934
T25	13.8630285791379	13.8630285791379
T25	14.721833292432132	14.721833292432132
T25	13.535107247475496	13.535107247475496
T26	23.400386894860503	23.400386894860503
T26	24.675858781341294	24.675858781341294
T26	24.311884134230734	24.311884134230734
T26	23.745880271873837	23.745880271873837
T26	24.058640698409764	24.058640698409764
T26	23.637254973923675	23.637254973923675
T26	25.201044097184347	25.201044097184347
T26	23.64276034324599	23.64276034324599
T26	24.748099880714737	24.748099880714737
T26	21.135387236503977	21.135387236503977
T26	21.334633844471455	21.334633844471455
T26	19.080592409521838	19.080592409521838
T26	19.048228485329243	19.048228485329243
T26	20.192693672573537	20.192693672573537
T26	18.15481380892296	18.15481380892296
T26	19.160364473016543	19.160364473016543
T26	19.872309714356653	19.872309714356653
T26	17.7935811933675	17.7935811933675
T26	17.394081448796133	17.394081448796133
T26	17.874939031721503	17.874939031721503
T26	16.43983847756484	16.43983847756484
T26	17.894007056126814	17.894007056126814
T26	18.98644375549196	18.98644375549196
T26	16.07109232910919	16.07109232910919
T26	16.75336406256246	16.75336406256246
T26	18.07477354585916	18.07477354585916
T26	17.706244457089948	17.706244457089948
T26	18.89310576106267	18.89310576106267
T26	17.531379429426508	17.531379429426508
T26	14.968527717979928	14.968527717979928
T26	14.408500291310448	14.408500291310448
T26	13.78060886218546	13.78060886218546
T26	13.185637791161053	13.185637791161053
T26	13.403627530928755	13.403627530928755
T26	12.625660711721194	12.625660711721194
T26	11.844936863428194	11.844936863428194
T26	10.247255370756339	10.247255370756339
T26	11.309533274927158	11.309533274927158
T26	10.115544753688123	10.115544753688123
T26	10.481209600820488	10.481209600820488
T26	10.306771365183126	10.306771365183126
T26	10.44788189502554	10.44788189502554
T26	11.034540290435562	11.034540290435562
T26	10.284913407395077	10.284913407395077
T26	11.302126504794161	11.302126504794161
T26	10.559119224550875	10.559119224550875
T27	24.983258745951492	24.983258745951492
T27	24.489006527981363	24.489006527981363
T27	23.811570229368193	23.811570229368193
T27	24.039297778167164	24.039297778167164
T27	25.2304963656643	25.2304963656643
T27	24.442017525855192	24.442017525855192
T27	21.25330263080891	21.25330263080891
T27	22.71898690956455	22.71898690956455
T27	20.446426028405448	20.446426028405448
T27	20.962492165770406	20.962492165770406
T27	16.60804901097726	16.60804901097726
T27	16.84437891053156	16.84437891053156
T27	18.483777949768818	18.483777949768818
T27	16.48796801172256	16.48796801172256
T27	19.323953982852853	19.323953982852853
T27	17.801892544098294	17.801892544098294
T27	19.036790287758716	19.036790287758716
T27	19.837858710670442	19.837858710670442
T27	16.559188595806837	16.559188595806837
T27	17.029139979013227	17.029139979013227
T27	17.852352181706753	17.852352181706753
T27	19.492056756135383	19.492056756135383
T27	18.11500019612138	18.11500019612138
T27	17.258549893978646	17.258549893978646
T27	17.65866487972184	17.65866487972184
T27	17.54729471030513	17.54729471030513
T27	17.79118053199136	17.79118053199136
T27	16.700915739553498	16.700915739553498
T27	18.90912878369422	18.90912878369422
T27	19.603932815758657	19.603932815758657
T27	14.683064470347926	14.683064470347926
T27	15.559193823590622	15.559193823590622
T27	14.53111761196194	14.53111761196194
T28	24.8882107419854	24.8882107419854
T28	24.321331343662585	24.321331343662585
T29	24.56229575743565	24.56229575743565
T29	24.563960845867268	24.563960845867268
T29	23.763149851786537	23.763149851786537
T29	24.306381790605148	24.306381790605148
T29	23.639778392724843	23.639778392724843
T29	24.19085272227614	24.19085272227614
T29	24.20162560643155	24.20162560643155
T29	20.481018370389737	20.481018370389737
T29	18.883833170254253	18.883833170254253
T29	19.043374777975373	19.043374777975373
T29	20.364116084950485	20.364116084950485
T29	19.78324390509079	19.78324390509079
T29	18.566472415659646	18.566472415659646
T29	19.318369367178207	19.318369367178207
T29	19.36979426085165	19.36979426085165
T29	19.700227384684734	19.700227384684734
T29	18.717529719445025	18.717529719445025
T29	18.53551187577985	18.53551187577985
T29	20.165924378014637	20.165924378014637
T29	19.643676555548897	19.643676555548897
T29	19.277346345970823	19.277346345970823
T29	20.35459423019658	20.35459423019658
T29	19.598984399075853	19.598984399075853
T29	18.542430941946353	18.542430941946353
T29	19.019926371718565	19.019926371718565
T29	20.198849108849068	20.198849108849068
T29	19.39473427366417	19.39473427366417
T29	18.94079185394197	18.94079185394197
T29	19.22914550613685	19.22914550613685
T31	24.26135270060935	24.26135270060935
T31	23.961945807375244	23.961945807375244
T31	23.07902421702304	23.07902421702304
T31	24.259031353657903	24.259031353657903
T31	24.894705852213292	24.894705852213292
T31	24.66986260767033	24.66986260767033
T31	24.236787463032176	24.236787463032176
T31	23.297635730374274	23.297635730374274
T31	24.225043471527925	24.225043471527925
T31	23.374032201805118	23.374032201805118
T31	24.470701895465172	24.470701895465172
T31	22.684440524637306	22.684440524637306
T31	22.346924181685186	22.346924181685186
T31	20.82349962209507	20.82349962209507
T31	21.559931648466755	21.559931648466755
T31	19.675029798356896	19.675029798356896
T31	18.3565360816677	18.3565360816677
T31	16.135796152951475	16.135796152951475
T31	17.434973879166854	17.434973879166854
T31	16.49905297016054	16.49905297016054
T31	17.009633424485123	17.009633424485123
T31	17.989441332720773	17.989441332720773
T31	17.71774157499296	17.71774157499296
T31	17.622441730243523	17.622441730243523
T31	18.117151849861855	18.117151849861855
T31	16.357893549563357	16.357893549563357
T31	16.00731111933694	16.00731111933694
T31	19.129315655109924	19.129315655109924
T31	16.130100082763327	16.130100082763327
T31	16.321973813867558	16.321973813867558
T31	16.815675478041616	16.815675478041616
T31	16.588999847890136	16.588999847890136
T31	19.924849313132377	19.924849313132377
T31	16.118215788214137	16.118215788214137
T31	15.197320287207988	15.197320287207988
T31	13.275398317023232	13.275398317023232
T31	12.671847466286438	12.671847466286438
T31	13.603274621517766	13.603274621517766
T31	11.745840057099324	11.745840057099324
T31	7.597856676506996	7.597856676506996
T31	10.01247948304527	10.01247948304527
T31	10.108637642912349	10.108637642912349
T31	9.182189260022904	9.182189260022904
T31	9.304689826743074	9.304689826743074
T31	9.36648984899889	9.36648984899889
T31	9.827424991823287	9.827424991823287
T31	7.405785349531212	7.405785349531212
T31	9.956353874311265	9.956353874311265
T31	7.605071104922516	7.605071104922516
T31	10.586554874047517	10.586554874047517
T31	9.311316822605725	9.311316822605725
T31	9.330342775314294	9.330342775314294
T31	11.012779374676509	11.012779374676509
T31	10.255157700866391	10.255157700866391
T31	5.861886648072892	5.861886648072892
T31	5.890147040295959	5.890147040295959
T31	4.954617252589631	4.954617252589631
T31	4.769127761413355	4.769127761413355
T31	3.7631136142544586	3.7631136142544586
T31	3.070463065791888	3.070463065791888
T31	3.0008368548254287	3.0008368548254287
T31	2.4173258082679383	2.4173258082679383
T31	1.5772726403307762	1.5772726403307762
T31	1.145257627596702	1.145257627596702
T31	1.3678080666852208	1.3678080666852208
T31	0.0	0.0
T32	23.521462225012662	23.521462225012662
T32	24.507907959132865	24.507907959132865
T32	23.30022887794983	23.30022887794983
T32	23.661959457613804	23.661959457613804
T32	23.901711637188345	23.901711637188345
T33	23.041051432713825	23.041051432713825
T33	23.563941858756912	23.563941858756912
T33	23.056978405840542	23.056978405840542
T33	23.605936824028756	23.605936824028756
T33	23.11839021464355	23.11839021464355
T33	22.62980217209554	22.62980217209554
T33	20.81397020107152	20.81397020107152
T33	21.278059045633064	21.278059045633064
T33	16.817647887636525	16.817647887636525
T33	19.278911714470137	19.278911714470137
T33	17.078281662700366	17.078281662700366
T33	19.286817999216368	19.286817999216368
T33	16.9026242290565	16.9026242290565
T33	17.176184870646967	17.176184870646967
T33	19.904640139115152	19.904640139115152
T33	18.520995183965667	18.520995183965667
T33	19.73606725373993	19.73606725373993
T33	18.568509791415433	18.568509791415433
T33	16.507674109536207	16.507674109536207
T33	16.97885587884094	16.97885587884094
T33	18.201901461473092	18.201901461473092
T33	16.646828502939968	16.646828502939968
T33	16.438115309814222	16.438115309814222
T33	17.479199792450228	17.479199792450228
T33	20.08996794438523	20.08996794438523
T34	23.503404763134842	23.503404763134842
T34	20.996743040700803	20.996743040700803
T34	19.876389745449927	19.876389745449927
T34	16.866379601926596	16.866379601926596
T34	17.429631435485724	17.429631435485724
T34	18.530662401825364	18.530662401825364
T34	17.673369829934508	17.673369829934508
T34	17.42331275211204	17.42331275211204
T35	23.681071697396675	23.681071697396675
T35	23.927972206835527	23.927972206835527
T35	23.89029598107085	23.89029598107085
T35	22.463310521751453	22.463310521751453
T35	16.135032130910787	16.135032130910787
T35	20.186718866434635	20.186718866434635
T35	16.809333196206627	16.809333196206627
T35	17.105360186097716	17.105360186097716
T35	17.751794235924063	17.751794235924063
T35	17.124171602643464	17.124171602643464
T35	18.25388313807641	18.25388313807641
T35	18.813909435521037	18.813909435521037
T35	17.865587573494636	17.865587573494636
T35	18.4943827122341	18.4943827122341
T35	19.366194892889798	19.366194892889798
T35	16.386396675197833	16.386396675197833
T35	17.625819952869108	17.625819952869108
T35	17.606538742285075	17.606538742285075
T35	17.65571546583819	17.65571546583819
T35	20.21102254219587	20.21102254219587
T35	19.222174608274095	19.222174608274095
T35	18.963468139260502	18.963468139260502
T35	17.476369788013216	17.476369788013216
T35	17.840820509033534	17.840820509033534
T35	16.35377142351998	16.35377142351998
T35	16.407171114342987	16.407171114342987
T35	20.189382918328782	20.189382918328782
T35	16.143850391869712	16.143850391869712
T35	17.958628168815533	17.958628168815533
T35	16.811400579896166	16.811400579896166
T35	19.21908770642429	19.21908770642429
T35	19.969519033126574	19.969519033126574
T35	18.071670597097732	18.071670597097732
T35	20.251871439987948	20.251871439987948
T35	18.014413778852166	18.014413778852166
T35	17.04062489689161	17.04062489689161
T35	18.27218934557409	18.27218934557409
T35	16.96954107147886	16.96954107147886
T35	15.345963610623889	15.345963610623889
T35	15.0259522494165	15.0259522494165
T35	11.847959325561149	11.847959325561149
T35	12.464944168186777	12.464944168186777
T35	13.369141674247276	13.369141674247276
T35	9.940913066420217	9.940913066420217
T35	11.03936644729484	11.03936644729484
T35	10.581122898933456	10.581122898933456
T35	10.044472436750407	10.044472436750407
T35	8.29027484109243	8.29027484109243
T35	10.192398097008827	10.192398097008827
T35	10.928390750452348	10.928390750452348
T35	9.010286398664368	9.010286398664368
T35	7.4752694709602805	7.4752694709602805
T35	9.27065354075938	9.27065354075938
T35	7.706918471905434	7.706918471905434
T35	7.698535622435212	7.698535622435212
T35	7.781242460772674	7.781242460772674
T35	9.487789954859238	9.487789954859238
T35	9.292033995047166	9.292033995047166
T35	11.45467481982457	11.45467481982457
T35	6.457022547500705	6.457022547500705
T35	6.688753986205805	6.688753986205805
T35	6.336451644137364	6.336451644137364
T35	4.0384455965365165	4.0384455965365165
T35	3.6974632187067975	3.6974632187067975
T35	4.134954856233842	4.134954856233842
T35	4.388908914766771	4.388908914766771
T35	3.219043724127479	3.219043724127479
T35	0.8750864420250293	0.8750864420250293
T35	1.5008476676477562	1.5008476676477562
T35	1.1866083764709257	1.1866083764709257
T35	0.0	0.0
T36	23.819550805241697	23.819550805241697
T36	24.203384427257664	24.203384427257664
T36	23.676943176876755	23.676943176876755
T36	23.033038046310654	23.033038046310654
T36	23.491025324366134	23.491025324366134
T36	24.367989903101023	24.367989903101023
T36	24.064985954216127	24.064985954216127
T36	23.23362644949562	23.23362644949562
T36	17.73482511369621	17.73482511369621
T36	19.049179920177696	19.049179920177696
T36	17.918171929273413	17.918171929273413
T36	18.134004031969905	18.134004031969905
T36	17.26063352209174	17.26063352209174
T36	18.421566374661555	18.421566374661555
T36	18.225126868978602	18.225126868978602
T36	16.525365279255258	16.525365279255258
T36	16.286525249755933	16.286525249755933
T36	20.060664042306506	20.060664042306506
T36	20.411353144528885	20.411353144528885
T36	19.09458524316087	19.09458524316087
T36	18.01960384520601	18.01960384520601
T36	15.436875664919343	15.436875664919343
T36	12.146069119505034	12.146069119505034
T36	13.389973047446652	13.389973047446652
T36	12.104891454313211	12.104891454313211
T36	13.462218869728305	13.462218869728305
T37	23.573411410152175	23.573411410152175
T37	24.181146337658113	24.181146337658113
T37	23.657555542831012	23.657555542831012
T37	24.040010608199303	24.040010608199303
T37	18.85641807186744	18.85641807186744
T37	17.07748054116457	17.07748054116457
T37	16.813412988894264	16.813412988894264
T37	20.20621900678488	20.20621900678488
T37	16.0866412253954	16.0866412253954
T37	17.256462537703957	17.256462537703957
T37	19.820908575039976	19.820908575039976
T37	16.774310029318144	16.774310029318144
T37	18.45840347492006	18.45840347492006
T37	20.268834921958604	20.268834921958604
T37	18.562211499922114	18.562211499922114
T37	17.446860178122517	17.446860178122517
T37	16.913536971042696	16.913536971042696
T37	18.501894570981058	18.501894570981058
T37	19.029076159874965	19.029076159874965
T37	14.603154906776549	14.603154906776549
T37	14.877153804460379	14.877153804460379
T38	23.10166394769061	23.10166394769061
T38	23.41824800028068	23.41824800028068
T38	23.618162886685095	23.618162886685095
T38	23.356047665296146	23.356047665296146
T38	23.617836451672375	23.617836451672375
T38	23.785346374704083	23.785346374704083
T39	23.401106009610544	23.401106009610544
T39	23.821034527847072	23.821034527847072
T39	23.41232970945255	23.41232970945255
T39	23.24943623550863	23.24943623550863
T39	22.480738729887904	22.480738729887904
T39	20.52752145485675	20.52752145485675
T39	22.850529160659885	22.850529160659885
T39	19.61488628833559	19.61488628833559
T39	19.361419160636018	19.361419160636018
T39	19.235606906989812	19.235606906989812
T39	17.017093612872937	17.017093612872937
T39	17.049213352388833	17.049213352388833
T39	20.243731107461016	20.243731107461016
T39	17.10954792877716	17.10954792877716
T39	20.37776566037635	20.37776566037635
T39	19.847075460579077	19.847075460579077
T39	20.326348769413066	20.326348769413066
T39	18.836463459078733	18.836463459078733
T39	18.68110701991122	18.68110701991122
T39	18.64175547990316	18.64175547990316
T39	16.91620089390912	16.91620089390912
T39	20.09281909791677	20.09281909791677
T39	19.742683874444932	19.742683874444932
T39	19.90054665389965	19.90054665389965
T39	17.90362210618158	17.90362210618158
T39	19.998217653135573	19.998217653135573
T39	17.402800066305737	17.402800066305737
T39	17.273088566044763	17.273088566044763
T39	18.243819695866275	18.243819695866275
T39	15.677521576871499	15.677521576871499
T39	15.394747284684565	15.394747284684565
T39	13.50385789652792	13.50385789652792
T39	13.295928981860731	13.295928981860731
T39	13.211557232047603	13.211557232047603
T39	13.008055359328168	13.008055359328168
T39	13.09754224014204	13.09754224014204
T39	12.835770732907399	12.835770732907399
T39	13.749314348083912	13.749314348083912
T40	23.24620474239511	23.24620474239511
T40	23.861040318024667	23.861040318024667
T40	23.601595408953468	23.601595408953468
T40	18.950110292677792	18.950110292677792
T40	19.626618416680476	19.626618416680476
T40	17.412151608788466	17.412151608788466
T40	19.098596101129544	19.098596101129544
T40	17.886085213338013	17.886085213338013
T40	19.421007572146028	19.421007572146028
T40	19.19395935328223	19.19395935328223
T40	16.699699142559965	16.699699142559965
T40	17.09445120375675	17.09445120375675
T40	17.891511311487424	17.891511311487424
T40	19.583181496658874	19.583181496658874
T40	18.221321660615107	18.221321660615107
T40	16.226745591297437	16.226745591297437
T40	15.525403190011849	15.525403190011849
T40	15.304051887946315	15.304051887946315
T40	14.26827451305003	14.26827451305003
T40	15.846761866109349	15.846761866109349
T40	13.938327855925397	13.938327855925397
T40	12.881858124848995	12.881858124848995
T40	13.442138187821936	13.442138187821936
T41	23.62768354136829	23.62768354136829
T42	23.793053987649646	23.793053987649646
T42	23.75724287065028	23.75724287065028
T42	23.78684547780508	23.78684547780508
T42	23.90028661585625	23.90028661585625
T42	23.651345143338236	23.651345143338236
T42	23.525596012957724	23.525596012957724
T42	23.058550285349025	23.058550285349025
T42	23.68286521960275	23.68286521960275
T42	21.77864036328806	21.77864036328806
T42	22.12031749237326	22.12031749237326
T42	20.82302369649833	20.82302369649833
T42	22.487404268703017	22.487404268703017
T42	19.110318577695246	19.110318577695246
T42	20.291799181748235	20.291799181748235
T42	19.342043029315334	19.342043029315334
T42	18.55281325892809	18.55281325892809
T42	19.997409367456463	19.997409367456463
T42	19.149796686831188	19.149796686831188
T42	18.533384142584897	18.533384142584897
T42	17.118177460935048	17.118177460935048
T42	18.828967125804873	18.828967125804873
T42	18.274142875243143	18.274142875243143
T42	19.343857003436703	19.343857003436703
T42	17.197986911318726	17.197986911318726
T42	18.4458505679541	18.4458505679541
T42	17.161893156730283	17.161893156730283
T42	17.27317603675833	17.27317603675833
T42	17.426220163926335	17.426220163926335
T42	18.608513139354585	18.608513139354585
T42	16.62338249697839	16.62338249697839
T42	16.355116610886945	16.355116610886945
T42	20.304871240398686	20.304871240398686
T42	17.405480705007754	17.405480705007754
T42	16.243466964891148	16.243466964891148
T42	19.734908742572692	19.734908742572692
T42	15.99888174484648	15.99888174484648
T42	19.145721239695952	19.145721239695952
T42	18.634846160587287	18.634846160587287
T42	18.82034589607047	18.82034589607047
T42	19.251250370531857	19.251250370531857
T42	19.766202104401533	19.766202104401533
T42	17.302100114844215	17.302100114844215
T42	16.53824801110653	16.53824801110653
T42	14.903413452956919	14.903413452956919
T42	15.73927076539517	15.73927076539517
T42	14.818303403765666	14.818303403765666
T43	23.121385473375987	23.121385473375987
T43	23.459408689626528	23.459408689626528
T43	22.319106017846035	22.319106017846035
T43	22.66307383111193	22.66307383111193
T43	22.659788113416262	22.659788113416262
T43	22.42929229517655	22.42929229517655
T43	22.9985046464494	22.9985046464494
T43	16.819392050161184	16.819392050161184
T43	16.971789129829677	16.971789129829677
T43	19.802215194879132	19.802215194879132
T43	16.887676505021155	16.887676505021155
T43	20.325060683462503	20.325060683462503
T43	17.00076639279928	17.00076639279928
T43	16.034123125452062	16.034123125452062
T43	20.327379025224005	20.327379025224005
T43	18.911571047517036	18.911571047517036
T43	20.245867587713402	20.245867587713402
T43	18.8031067208213	18.8031067208213
T43	17.39224244813782	17.39224244813782
T43	20.28573572449989	20.28573572449989
T43	17.667435941070295	17.667435941070295
T43	18.97575310112119	18.97575310112119
T43	18.075043416124647	18.075043416124647
T43	18.963633038903005	18.963633038903005
T43	17.19553042125433	17.19553042125433
T43	17.65051167199324	17.65051167199324
T43	17.05646957468794	17.05646957468794
T43	17.606098063194793	17.606098063194793
T43	19.390414551024158	19.390414551024158
T43	17.34610347214636	17.34610347214636
T43	18.092251382749186	18.092251382749186
T43	17.820287776086516	17.820287776086516
T43	15.896247161656108	15.896247161656108
T43	14.553641390123813	14.553641390123813
T43	14.862517777993586	14.862517777993586
T43	13.254358532898971	13.254358532898971
T43	11.811478280292485	11.811478280292485
T43	13.729185522657334	13.729185522657334
T43	12.84997757178862	12.84997757178862
T43	12.60221493873354	12.60221493873354
T43	12.880430561766003	12.880430561766003
T44	23.671562032843095	23.671562032843095
T44	23.56209542581519	23.56209542581519
T44	22.49308145580826	22.49308145580826
T44	22.755254420646676	22.755254420646676
T44	19.190690234432008	19.190690234432008
T44	20.33576934890058	20.33576934890058
T44	19.829050626056016	19.829050626056016
T44	19.99606355695326	19.99606355695326
T45	22.27047602409038	22.27047602409038
T45	18.939207511707327	18.939207511707327
T45	16.966470705146243	16.966470705146243
T45	17.330650331988146	17.330650331988146
T45	16.109996618889888	16.109996618889888
T45	19.40475139937829	19.40475139937829
T45	18.13514404231377	18.13514404231377
T45	17.235217045581926	17.235217045581926
T45	18.024753192507802	18.024753192507802
T45	14.491416318374515	14.491416318374515
T45	13.836432107383864	13.836432107383864
T45	14.471778390133757	14.471778390133757
T46	18.533294816580977	18.533294816580977
T46	18.552115464518604	18.552115464518604
T46	17.01188786127505	17.01188786127505
T46	18.530169200208242	18.530169200208242
T46	20.388271080334064	20.388271080334064
T46	17.519833697447996	17.519833697447996
T46	18.40999629067638	18.40999629067638
T46	19.918715891539616	19.918715891539616
T47	23.22980222635846	23.22980222635846
T47	23.480819306622255	23.480819306622255
T47	22.81622278638691	22.81622278638691
T48	23.43592522909023	23.43592522909023
T48	21.981864799817256	21.981864799817256
T49	20.91949236971255	20.91949236971255
T49	20.828284878801576	20.828284878801576
T49	19.536933093486738	19.536933093486738
T49	18.51436415213805	18.51436415213805
T49	20.07598316722998	20.07598316722998
T50	23.27347963976406	23.27347963976406
T50	23.181370335321827	23.181370335321827
T50	22.043091899933707	22.043091899933707
T50	18.22766377771558	18.22766377771558
T50	16.818724402137597	16.818724402137597
T50	16.951868446363203	16.951868446363203
T50	17.620010457580676	17.620010457580676
T50	19.002127730274566	19.002127730274566
T50	20.208543349723172	20.208543349723172
T50	17.806423711064163	17.806423711064163
T50	17.982280736924537	17.982280736924537
T50	16.927480609067267	16.927480609067267
T50	18.378183086946404	18.378183086946404
T50	17.63895498625316	17.63895498625316
T50	18.883592833904636	18.883592833904636
T50	20.311117894430783	20.311117894430783
T50	20.21231733762907	20.21231733762907
T50	16.812240031996012	16.812240031996012
T50	18.030340122764198	18.030340122764198
T50	18.542322786880703	18.542322786880703
T50	20.203948618092713	20.203948618092713
T50	18.83898563628589	18.83898563628589
T50	14.142251271784874	14.142251271784874
T50	15.012539807850175	15.012539807850175
T50	11.54891204748164	11.54891204748164
T50	11.539945154943295	11.539945154943295
T51	23.069175013368337	23.069175013368337
T51	23.438331286173135	23.438331286173135
T51	23.212025768551726	23.212025768551726
T51	23.082851526006852	23.082851526006852
T51	21.897587303387095	21.897587303387095
T51	22.72898154958135	22.72898154958135
T51	20.808012664242963	20.808012664242963
T51	17.034714685882715	17.034714685882715
T51	16.427242664769395	16.427242664769395
T51	19.88488370502131	19.88488370502131
T51	18.522615210622895	18.522615210622895
T51	17.6592140062221	17.6592140062221
T51	16.148819962020234	16.148819962020234
T51	16.50580712604157	16.50580712604157
T51	16.443660753865913	16.443660753865913
T51	20.228701913567114	20.228701913567114
T51	20.385957298022717	20.385957298022717
T51	18.511480623456627	18.511480623456627
T51	16.11025194318424	16.11025194318424
T51	18.296547358657037	18.296547358657037
T51	18.883298293506286	18.883298293506286
T51	18.665253671193327	18.665253671193327
T51	18.411655544503347	18.411655544503347
T51	17.014427668419117	17.014427668419117
T51	19.293898200680363	19.293898200680363
T51	18.690077415396537	18.690077415396537
T51	18.83514157068217	18.83514157068217
T51	18.62432165017662	18.62432165017662
T51	15.944863418046074	15.944863418046074
T51	14.803367849544694	14.803367849544694
T51	14.649394489789382	14.649394489789382
T51	15.317014615646357	15.317014615646357
T51	13.742288274282245	13.742288274282245
T51	12.033030097275047	12.033030097275047
T51	13.000952849027616	13.000952849027616
T51	10.35146318539812	10.35146318539812
T51	8.296113899493164	8.296113899493164
T51	9.557964770087942	9.557964770087942
T51	9.750606857430116	9.750606857430116
T51	8.568010361527	8.568010361527
T51	11.597173894101253	11.597173894101253
T51	11.299003076677115	11.299003076677115
T51	8.263470398800811	8.263470398800811
T51	10.567083920673316	10.567083920673316
T51	10.977434881399242	10.977434881399242
T51	7.983372087426394	7.983372087426394
T51	10.258849593679313	10.258849593679313
T51	7.920833652668357	7.920833652668357
T51	9.009596736991533	9.009596736991533
T51	11.544977948748256	11.544977948748256
T51	7.976244707539626	7.976244707539626
T51	9.850318510154715	9.850318510154715
T51	5.662569471083785	5.662569471083785
T51	5.592111194074535	5.592111194074535
T51	5.679954999191287	5.679954999191287
T51	4.854050534577741	4.854050534577741
T51	4.9803795672376125	4.9803795672376125
T51	4.729280142401257	4.729280142401257
T51	3.6403137125297276	3.6403137125297276
T51	3.5987331035074885	3.5987331035074885
T51	1.9031002637146999	1.9031002637146999
T51	2.234808346655371	2.234808346655371
T51	1.5659298954467644	1.5659298954467644
T51	1.0054442475427363	1.0054442475427363
T51	1.6349136466166243	1.6349136466166243
T51	1.0129134335706256	1.0129134335706256
T51	0.0	0.0
T52	23.315901234705727	23.315901234705727
T53	23.31953483752479	23.31953483752479
T53	20.623934442514837	20.623934442514837
T53	22.429431305932127	22.429431305932127
T53	22.53630734964269	22.53630734964269
T53	18.155444432692878	18.155444432692878
T53	16.856573308711397	16.856573308711397
T53	16.702342409295124	16.702342409295124
T53	17.998855100026198	17.998855100026198
T53	19.006016379502327	19.006016379502327
T53	20.317589411221242	20.317589411221242
T53	20.377953842896964	20.377953842896964
T53	19.303514357139505	19.303514357139505
T53	18.615057872494674	18.615057872494674
T53	17.427508145012936	17.427508145012936
T53	20.389475110812327	20.389475110812327
T53	15.111136978454548	15.111136978454548
T53	14.564185334902561	14.564185334902561
T53	14.37755727828509	14.37755727828509
T53	12.496435990304498	12.496435990304498
T53	13.062698154811759	13.062698154811759
T53	13.499551770532264	13.499551770532264
T53	7.433181567393618	7.433181567393618
T53	10.920788935502808	10.920788935502808
T53	11.600265262610042	11.600265262610042
T53	9.405330568615385	9.405330568615385
T53	7.629537666383971	7.629537666383971
T53	11.3959440672967	11.3959440672967
T53	9.929139807495385	9.929139807495385
T53	9.92400015817266	9.92400015817266
T53	8.828002692056788	8.828002692056788
T53	8.60161824961392	8.60161824961392
T53	11.068548232004465	11.068548232004465
T53	10.242042700241365	10.242042700241365
T53	10.794966989487069	10.794966989487069
T53	8.39658924520805	8.39658924520805
T53	6.174619376090593	6.174619376090593
T53	5.451185546100625	5.451185546100625
T53	6.854534720303785	6.854534720303785
T53	6.824277134002434	6.824277134002434
T53	5.287938916257658	5.287938916257658
T53	3.8591887262485907	3.8591887262485907
T53	4.5725607069785985	4.5725607069785985
T53	3.2875284986534488	3.2875284986534488
T53	2.0565268668417938	2.0565268668417938
T53	1.4479386934318916	1.4479386934318916
T53	1.4609108508310424	1.4609108508310424
T53	0.953307281463139	0.953307281463139
T53	0.0	0.0
T54	23.03916285829823	23.03916285829823
T54	23.07510025254279	23.07510025254279
T54	22.88091069213164	22.88091069213164
T54	22.470421257875604	22.470421257875604
T54	20.542252961560532	20.542252961560532
T54	18.343606818823094	18.343606818823094
T54	17.885705433097744	17.885705433097744
T54	17.879297596368925	17.879297596368925
T54	19.5183712386993	19.5183712386993
T54	18.937704749272267	18.937704749272267
T54	16.907776566661425	16.907776566661425
T54	16.863913646503462	16.863913646503462
T54	18.031499815177977	18.031499815177977
T54	16.59837613208071	16.59837613208071
T54	17.56561170310389	17.56561170310389
T54	18.4346756256698	18.4346756256698
T54	19.332996322446323	19.332996322446323
T54	19.317178645433238	19.317178645433238
T54	17.386357252752212	17.386357252752212
T54	19.47729990245697	19.47729990245697
T54	19.737780881668566	19.737780881668566
T54	18.22460426382438	18.22460426382438
T54	17.533203650049188	17.533203650049188
T54	16.269848457356428	16.269848457356428
T54	18.498741927290357	18.498741927290357
T54	19.606362563803277	19.606362563803277
T54	16.12867430029169	16.12867430029169
T54	18.986105209998804	18.986105209998804
T54	18.946738990965287	18.946738990965287
T54	17.203740630690653	17.203740630690653
T54	18.506998312475556	18.506998312475556
T54	19.749927837151994	19.749927837151994
T54	16.39227378082161	16.39227378082161
T54	16.849825379055893	16.849825379055893
T54	16.838219407416425	16.838219407416425
T54	15.136906499508584	15.136906499508584
T54	15.852609532402123	15.852609532402123
T55	23.07892369898285	23.07892369898285
T55	23.215334847976482	23.215334847976482
T55	20.72056973271917	20.72056973271917
T55	22.57218962752451	22.57218962752451
T55	22.01369223362461	22.01369223362461
T55	22.563989005531294	22.563989005531294
T55	18.789961396682383	18.789961396682383
T55	16.17627606989104	16.17627606989104
T55	16.705782954265793	16.705782954265793
T55	19.075730099273013	19.075730099273013
T55	17.958630270695046	17.958630270695046
T55	16.083949320777613	16.083949320777613
T55	18.958795946332987	18.958795946332987
T55	20.224318314072296	20.224318314072296
T55	17.94989045295893	17.94989045295893
T55	16.615257267184386	16.615257267184386
T55	17.21033232940444	17.21033232940444
T55	18.58226169262599	18.58226169262599
T55	17.764528454144454	17.764528454144454
T55	18.860475223790093	18.860475223790093
T55	17.513296075462794	17.513296075462794
T55	18.826855252243117	18.826855252243117
T55	18.852542828828174	18.852542828828174
T55	16.972625269694202	16.972625269694202
T55	16.84080841440761	16.84080841440761
T55	14.10247364122168	14.10247364122168
T55	14.62052282713533	14.62052282713533
T55	12.606272628337514	12.606272628337514
T55	12.17105632177631	12.17105632177631
T55	7.293299793411572	7.293299793411572
T55	8.57003477289487	8.57003477289487
T55	8.616480304024446	8.616480304024446
T55	7.56249526141675	7.56249526141675
T55	11.171587808833802	11.171587808833802
T55	11.089117453673513	11.089117453673513
T55	6.540822751220729	6.540822751220729
T55	6.45384674984916	6.45384674984916
T55	6.353918442448633	6.353918442448633
T55	6.1661511219840355	6.1661511219840355
T55	5.391391214743331	5.391391214743331
T55	4.995589233598782	4.995589233598782
T55	4.157261939907749	4.157261939907749
T55	2.36151359141601	2.36151359141601
T55	0.8509446937045066	0.8509446937045066
T55	1.5502915383855793	1.5502915383855793
T55	0.8561054818590179	0.8561054818590179
T55	1.5290851891731319	1.5290851891731319
T55	1.1128627922274212	1.1128627922274212
T56	22.91684627727429	22.91684627727429
T58	21.76138450830146	21.76138450830146
T58	22.902085312696723	22.902085312696723
T58	20.92551397736608	20.92551397736608
T58	22.381532693635513	22.381532693635513
T58	20.789422741922507	20.789422741922507
T58	22.437365410829333	22.437365410829333
T58	17.626640922083393	17.626640922083393
T58	18.755462138979336	18.755462138979336
T58	18.62779546513127	18.62779546513127
T58	20.069211910263284	20.069211910263284
T58	16.626398941627677	16.626398941627677
T58	16.63011069789392	16.63011069789392
T58	16.04458141350233	16.04458141350233
T58	18.876926002768883	18.876926002768883
T58	17.237153261513253	17.237153261513253
T58	16.677128619378266	16.677128619378266
T58	18.701328391996388	18.701328391996388
T58	18.234831063887192	18.234831063887192
T58	19.733948876114273	19.733948876114273
T58	19.236143468111518	19.236143468111518
T58	17.346985009509243	17.346985009509243
T58	19.109917819025835	19.109917819025835
T58	20.413693718147748	20.413693718147748
T58	16.66085773710498	16.66085773710498
T58	16.650359243291806	16.650359243291806
T58	20.26604034027638	20.26604034027638
T58	18.43641945411408	18.43641945411408
T58	20.114810917874433	20.114810917874433
T58	17.14029813141371	17.14029813141371
T58	19.357810464241794	19.357810464241794
T58	17.05697899517727	17.05697899517727
T58	18.428552549180147	18.428552549180147
T58	16.884657737603234	16.884657737603234
T58	15.013737626238685	15.013737626238685
T58	15.471960527836009	15.471960527836009
T58	15.360115063332007	15.360115063332007
T58	14.25374763776693	14.25374763776693
T58	15.336605955987203	15.336605955987203
T58	11.999272346406306	11.999272346406306
T58	13.116601721110966	13.116601721110966
T58	12.029649579141894	12.029649579141894
T58	13.5217197991802	13.5217197991802
T58	13.45493990633701	13.45493990633701
T58	13.521593241529883	13.521593241529883
T58	13.264724556005104	13.264724556005104
T58	13.271122726182066	13.271122726182066
T58	8.03587253179875	8.03587253179875
T58	10.07555146334415	10.07555146334415
T58	9.93563232106597	9.93563232106597
T58	7.660959454961448	7.660959454961448
T58	9.121955709654701	9.121955709654701
T58	9.928056591176558	9.928056591176558
T58	8.470743796163184	8.470743796163184
T58	8.396436885447876	8.396436885447876
T58	10.75338202689614	10.75338202689614
T58	11.100422948610307	11.100422948610307
T58	8.104084662166395	8.104084662166395
T58	9.030089937477975	9.030089937477975
T58	8.017823761568053	8.017823761568053
T58	10.854750781514774	10.854750781514774
T58	6.609775273471637	6.609775273471637
T58	6.3524134194239466	6.3524134194239466
T58	6.027585974703767	6.027585974703767
T58	5.764718675681208	5.764718675681208
T58	6.597623089313665	6.597623089313665
T58	6.218576542963323	6.218576542963323
T58	6.223047159104917	6.223047159104917
T58	5.253649794833617	5.253649794833617
T58	5.226000195989093	5.226000195989093
T58	3.160925748677201	3.160925748677201
T58	3.354894462349255	3.354894462349255
T58	0.8945683709659537	0.8945683709659537
T58	1.6867783741060947	1.6867783741060947
T58	1.435054444687431	1.435054444687431
T58	1.3477616972183362	1.3477616972183362
T58	1.3160770171965566	1.3160770171965566
T58	1.6946325092876828	1.6946325092876828
T58	1.7519965999795064	1.7519965999795064
T58	1.1307311571997363	1.1307311571997363
T58	0.3687099939912583	0.3687099939912583
T58	0.0	0.0
T59	21.20238404918861	21.20238404918861
T59	21.711689242356737	21.711689242356737
T59	21.878168119646883	21.878168119646883
T59	21.360151785083367	21.360151785083367
T59	21.66777152208799	21.66777152208799
T59	20.463148363987703	20.463148363987703
T59	17.76849777535738	17.76849777535738
T59	17.76417349309468	17.76417349309468
T59	16.74941031241673	16.74941031241673
T59	19.093644550012282	19.093644550012282
T59	20.430099698032308	20.430099698032308
T59	19.555280401334493	19.555280401334493
T59	17.032604719494795	17.032604719494795
T59	16.473174678106798	16.473174678106798
T59	17.787219192886816	17.787219192886816
T59	16.40871192565065	16.40871192565065
T59	18.89333523351169	18.89333523351169
T59	19.505312409049903	19.505312409049903
T59	16.598794400806277	16.598794400806277
T59	16.19326136514313	16.19326136514313
T59	16.68925855992302	16.68925855992302
T59	18.070399915015184	18.070399915015184
T59	17.12825468931122	17.12825468931122
T59	19.26622413208039	19.26622413208039
T59	18.783887456725633	18.783887456725633
T59	17.575033449982193	17.575033449982193
T59	17.378092514387653	17.378092514387653
T59	19.146883672780522	19.146883672780522
T59	18.95076064780119	18.95076064780119
T59	18.117656291688	18.117656291688
T59	17.97421117521425	17.97421117521425
T59	17.2658516004834	17.2658516004834
T59	16.059321637052783	16.059321637052783
T59	20.368099558388483	20.368099558388483
T59	18.568854132631067	18.568854132631067
T59	18.939988968222846	18.939988968222846
T59	20.405580509804448	20.405580509804448
T59	18.092812960742755	18.092812960742755
T59	18.855536840892462	18.855536840892462
T59	16.267814132504995	16.267814132504995
T59	20.173063902059734	20.173063902059734
T59	18.845660409945282	18.845660409945282
T59	17.21758417693784	17.21758417693784
T59	20.066897138446922	20.066897138446922
T59	16.96017683420157	16.96017683420157
T59	19.336236678141418	19.336236678141418
T59	18.9423419144828	18.9423419144828
T59	18.19524691923176	18.19524691923176
T59	15.409063707952328	15.409063707952328
T59	14.332548982786966	14.332548982786966
T59	14.85531513664236	14.85531513664236
T59	15.695580885111072	15.695580885111072
T59	15.563939514362225	15.563939514362225
T59	12.66709330655157	12.66709330655157
T59	12.92342220575614	12.92342220575614
T59	11.94846496393312	11.94846496393312
T59	12.253309167962176	12.253309167962176
T59	12.591945343732844	12.591945343732844
T59	12.811779370227711	12.811779370227711
T59	12.613247651745342	12.613247651745342
T59	11.724788585917054	11.724788585917054
T59	8.152301729970162	8.152301729970162
T59	10.506173085822327	10.506173085822327
T59	7.482848516042796	7.482848516042796
T59	10.13848832784945	10.13848832784945
T59	10.066870542016817	10.066870542016817
T59	7.606036216558142	7.606036216558142
T59	8.509716173313103	8.509716173313103
T59	8.303146827319615	8.303146827319615
T59	10.852188189964366	10.852188189964366
T59	9.578459446563352	9.578459446563352
T59	11.362902845963607	11.362902845963607
T59	7.938971888217539	7.938971888217539
T59	8.656088746795351	8.656088746795351
T59	10.726010623420269	10.726010623420269
T59	9.836990320997675	9.836990320997675
T59	11.28691541745293	11.28691541745293
T59	7.123871954435291	7.123871954435291
T59	6.831007916107538	6.831007916107538
T59	6.798548630020584	6.798548630020584
T59	6.076164370951567	6.076164370951567
T59	5.44593457788699	5.44593457788699
T59	6.945374525546628	6.945374525546628
T59	6.147604354487882	6.147604354487882
T59	6.174379902250066	6.174379902250066
T59	6.919199956543537	6.919199956543537
T59	5.979142999194445	5.979142999194445
T59	6.738246032920405	6.738246032920405
T59	4.350391020738168	4.350391020738168
T59	4.786005694989053	4.786005694989053
T59	4.6338019054071635	4.6338019054071635
T59	4.209385864629279	4.209385864629279
T59	2.5803250303878587	2.5803250303878587
T59	3.140196228751807	3.140196228751807
T59	0.9243271671887144	0.9243271671887144
T59	1.2150345881866698	1.2150345881866698
T59	1.1503426326772086	1.1503426326772086
T59	0.8323830740824462	0.8323830740824462
T59	1.71104974426746	1.71104974426746
T59	1.384193315153475	1.384193315153475
T59	0.8435899964831262	0.8435899964831262
T59	0.8374569107585015	0.8374569107585015
T59	0.9690102121457647	0.9690102121457647
T59	1.205012023312822	1.205012023312822
T59	1.354612187134696	1.354612187134696
T59	1.2324402193826898	1.2324402193826898
T59	0.8368992997215497	0.8368992997215497
T59	1.040900946597789	1.040900946597789
T59	0.4506163453558154	0.4506163453558154
T59	0.4985271048056108	0.4985271048056108
T59	0.7452399278860319	0.7452399278860319
T59	0.005372833492496551	0.005372833492496551
T59	0.0	0.0
T60	16.679076174156318	16.679076174156318
T60	17.12762549484146	17.12762549484146
T60	16.291485105062957	16.291485105062957
T60	16.899031059650998	16.899031059650998
T60	18.11559044043787	18.11559044043787
T60	17.72001150680544	17.72001150680544
T60	19.379065798522248	19.379065798522248
T60	18.59128879006574	18.59128879006574
T60	16.636656785327453	16.636656785327453
T61	21.60495938622129	21.60495938622129
T61	21.784840628366215	21.784840628366215
T61	21.665906900072542	21.665906900072542
T61	22.61034854437496	22.61034854437496
T61	19.424213928744006	19.424213928744006
T61	19.19972906214081	19.19972906214081
T61	17.226248869035487	17.226248869035487
T61	17.703726098242363	17.703726098242363
T61	19.44478027539874	19.44478027539874
T61	19.828517256982142	19.828517256982142
T61	19.997664682959766	19.997664682959766
T61	15.996260287087697	15.996260287087697
T61	20.275794257039475	20.275794257039475
T61	19.443240543995735	19.443240543995735
T61	20.24324757986771	20.24324757986771
T61	18.750399031565095	18.750399031565095
T61	18.81093152810269	18.81093152810269
T61	17.203569023789758	17.203569023789758
T61	16.330709559157064	16.330709559157064
T61	20.100777250331458	20.100777250331458
T61	19.600368991254285	19.600368991254285
T61	16.22343323564496	16.22343323564496
T61	17.213212614842828	17.213212614842828
T61	18.27105305659388	18.27105305659388
T61	18.7112157848827	18.7112157848827
T61	17.072060082241418	17.072060082241418
T61	15.942896095829438	15.942896095829438
T61	14.094105211404854	14.094105211404854
T61	15.297574034759757	15.297574034759757
T61	14.069844914175032	14.069844914175032
T61	12.016927087589776	12.016927087589776
T61	12.535533459718092	12.535533459718092
T61	13.137564343075866	13.137564343075866
T61	12.803848325906856	12.803848325906856
T61	12.458852898109207	12.458852898109207
T61	12.828792483751997	12.828792483751997
T61	10.4197640765664	10.4197640765664
T61	10.387162015109661	10.387162015109661
T61	10.368703813105796	10.368703813105796
T62	20.767840053487483	20.767840053487483
T62	22.6926930895089	22.6926930895089
T62	22.825633887602628	22.825633887602628
T62	21.887339997866736	21.887339997866736
T62	21.83714710768527	21.83714710768527
T62	20.481165431187968	20.481165431187968
T62	19.95552626272592	19.95552626272592
T62	18.450014257593395	18.450014257593395
T62	19.79603184329808	19.79603184329808
T62	18.708862760360493	18.708862760360493
T62	18.260860907548672	18.260860907548672
T62	18.083976905077286	18.083976905077286
T62	18.645540792385006	18.645540792385006
T62	16.658970585496657	16.658970585496657
T62	17.09474311826675	17.09474311826675
T62	17.44320372905189	17.44320372905189
T62	20.374349868871036	20.374349868871036
T62	16.775401489100048	16.775401489100048
T62	16.394596152677586	16.394596152677586
T62	19.41851643816456	19.41851643816456
T62	16.490824473148844	16.490824473148844
T62	20.36127678527769	20.36127678527769
T62	16.48366250070928	16.48366250070928
T62	19.318180665902325	19.318180665902325
T62	16.65334407485494	16.65334407485494
T62	16.158422250020514	16.158422250020514
T62	16.867673083544208	16.867673083544208
T62	20.167199855111022	20.167199855111022
T62	18.33854013611325	18.33854013611325
T62	18.485125453976135	18.485125453976135
T62	18.57270108338838	18.57270108338838
T62	16.510093152735895	16.510093152735895
T62	18.244876603331974	18.244876603331974
T62	17.418382135551074	17.418382135551074
T62	20.164479276519764	20.164479276519764
T62	19.11013777443046	19.11013777443046
T62	18.540736525405638	18.540736525405638
T62	17.361424685222314	17.361424685222314
T62	20.220818380192235	20.220818380192235
T62	20.043186944480336	20.043186944480336
T62	19.158620618483372	19.158620618483372
T62	20.125540957006177	20.125540957006177
T62	15.466248833000039	15.466248833000039
T62	15.874190468462338	15.874190468462338
T62	14.979611678182204	14.979611678182204
T62	15.82215427484205	15.82215427484205
T63	22.29510790074336	22.29510790074336
T63	22.623593148186693	22.623593148186693
T63	20.96296254177651	20.96296254177651
T63	22.24823358365266	22.24823358365266
T63	21.53148204313056	21.53148204313056
T63	19.73571807471333	19.73571807471333
T63	19.570967861854673	19.570967861854673
T63	19.767963288970357	19.767963288970357
T64	21.870350632979942	21.870350632979942
T64	22.696014032054453	22.696014032054453
T64	22.613069568858297	22.613069568858297
T64	22.361049823949937	22.361049823949937
T64	22.25744159685498	22.25744159685498
T64	21.074868554535552	21.074868554535552
T64	20.09031626488445	20.09031626488445
T64	16.654428033551746	16.654428033551746
T64	17.13930502871364	17.13930502871364
T64	16.29049957722843	16.29049957722843
T64	20.27017411285392	20.27017411285392
T64	19.251912925292416	19.251912925292416
T64	19.670807924372827	19.670807924372827
T64	20.353536384775012	20.353536384775012
T64	17.196322370161358	17.196322370161358
T64	16.428337195275898	16.428337195275898
T64	18.897310771372634	18.897310771372634
T64	16.084347332094953	16.084347332094953
T64	19.601444762826937	19.601444762826937
T64	18.69426569529525	18.69426569529525
T64	20.10021366096648	20.10021366096648
T64	19.67686977046435	19.67686977046435
T64	19.24109228898737	19.24109228898737
T64	16.73782799578176	16.73782799578176
T64	17.68330672562772	17.68330672562772
T64	14.715776616155765	14.715776616155765
T64	13.891173332485792	13.891173332485792
T64	15.885787492891271	15.885787492891271
T64	15.624046829010785	15.624046829010785
T64	15.39620646283052	15.39620646283052
T64	11.86490653661893	11.86490653661893
T64	13.284811764917041	13.284811764917041
T64	12.962035976309021	12.962035976309021
T64	13.659776138134454	13.659776138134454
T64	13.35685517337646	13.35685517337646
T64	10.837065617350717	10.837065617350717
T64	11.318944747380172	11.318944747380172
T64	11.265768639173153	11.265768639173153
T65	16.450962471238906	16.450962471238906
T65	20.08296577987563	20.08296577987563
T65	16.445086238271962	16.445086238271962
T65	20.01041377769075	20.01041377769075
T65	18.0871881718112	18.0871881718112
T65	17.862256605868957	17.862256605868957
T65	13.30188182320572	13.30188182320572
T66	22.360629198814138	22.360629198814138
T66	22.332408009915795	22.332408009915795
T66	18.560238111572634	18.560238111572634
T66	18.573661073081414	18.573661073081414
T66	19.62046179636111	19.62046179636111
T66	16.06598219027736	16.06598219027736
T66	17.40574705181332	17.40574705181332
T66	15.329933141053669	15.329933141053669
T66	13.1859766400803	13.1859766400803
T67	22.5684124960555	22.5684124960555
T67	21.99726691926698	21.99726691926698
T68	22.271533656635395	22.271533656635395
T69	19.99960480695152	19.99960480695152
T69	19.259997055238866	19.259997055238866
T69	19.52058214411853	19.52058214411853
T69	19.07239526963334	19.07239526963334
T69	19.283063201832768	19.283063201832768
T69	20.239574354800958	20.239574354800958
T69	20.20373950414963	20.20373950414963
T69	19.77304743762333	19.77304743762333
T69	16.06505425659182	16.06505425659182
T69	16.174827660381226	16.174827660381226
T69	17.25763524354331	17.25763524354331
T69	16.311971192645377	16.311971192645377
T69	16.39169504672274	16.39169504672274
T69	16.719344251693425	16.719344251693425
T69	16.828941411068993	16.828941411068993
T69	14.437707487205119	14.437707487205119
T69	14.656606243581354	14.656606243581354
T69	13.272023612608006	13.272023612608006
T69	12.950628454235382	12.950628454235382
T69	11.104273206154495	11.104273206154495
T69	9.869718373003145	9.869718373003145
T69	8.092676763199838	8.092676763199838
T69	9.060471040184638	9.060471040184638
T69	11.470378688731326	11.470378688731326
T69	10.710068603108148	10.710068603108148
T69	7.325330935183128	7.325330935183128
T69	7.451604551168885	7.451604551168885
T69	5.605083451327207	5.605083451327207
T69	4.085758933730165	4.085758933730165
T69	1.000183970070131	1.000183970070131
T69	0.0	0.0
T71	21.82222835204273	21.82222835204273
T71	22.090088948026885	22.090088948026885
T71	22.32408710922056	22.32408710922056
T71	22.36138230493418	22.36138230493418
T71	19.95219718600954	19.95219718600954
T71	17.480908101653664	17.480908101653664
T71	20.018037887055048	20.018037887055048
T71	16.984478855187977	16.984478855187977
T71	18.84247669809304	18.84247669809304
T71	17.804619302307312	17.804619302307312
T71	16.86953792318271	16.86953792318271
T71	19.19134549015604	19.19134549015604
T71	19.13968678490846	19.13968678490846
T71	20.384196460828882	20.384196460828882
T71	20.040323268047462	20.040323268047462
T71	19.784508704617544	19.784508704617544
T71	19.818768761747567	19.818768761747567
T71	16.916087568927637	16.916087568927637
T71	18.00315201772594	18.00315201772594
T71	17.634871103995323	17.634871103995323
T71	20.185966806101494	20.185966806101494
T71	19.00187086051894	19.00187086051894
T71	17.303889340416927	17.303889340416927
T71	17.39430462888771	17.39430462888771
T71	17.67840469335126	17.67840469335126
T71	19.989255767958017	19.989255767958017
T71	16.484196656676836	16.484196656676836
T71	19.996278310424348	19.996278310424348
T71	18.405497240343294	18.405497240343294
T71	17.519765777016595	17.519765777016595
T71	19.452123654022383	19.452123654022383
T71	16.8161621492896	16.8161621492896
T71	18.52064689597003	18.52064689597003
T71	17.49218498866216	17.49218498866216
T71	17.104060170428042	17.104060170428042
T71	19.682377363920708	19.682377363920708
T71	19.958226598237435	19.958226598237435
T71	16.989773186175277	16.989773186175277
T71	16.434699156629826	16.434699156629826
T71	15.749889203985456	15.749889203985456
T71	15.543894030651908	15.543894030651908
T71	15.399456516730305	15.399456516730305
T72	20.51136783074799	20.51136783074799
T72	22.288840931120756	22.288840931120756
T72	21.92130782956586	21.92130782956586
T72	20.798642271798855	20.798642271798855
T72	22.199158996828736	22.199158996828736
T72	17.421321631963878	17.421321631963878
T72	17.985088258912963	17.985088258912963
T72	17.225886096119414	17.225886096119414
T72	18.98670245734474	18.98670245734474
T72	16.47803070466462	16.47803070466462
T72	19.055635889726464	19.055635889726464
T72	17.589215323114782	17.589215323114782
T72	18.83179022874891	18.83179022874891
T72	19.739826281033025	19.739826281033025
T72	16.187652903418062	16.187652903418062
T72	18.766022784095448	18.766022784095448
T72	19.984861147448665	19.984861147448665
T72	18.366283964909112	18.366283964909112
T72	19.5321651355206	19.5321651355206
T72	18.17966156897101	18.17966156897101
T72	20.149673429271736	20.149673429271736
T72	18.007287043435376	18.007287043435376
T72	17.06055548621135	17.06055548621135
T72	18.351146722034713	18.351146722034713
T72	18.30102097896636	18.30102097896636
T72	19.928471825222193	19.928471825222193
T72	16.504101686832954	16.504101686832954
T72	20.420799116105453	20.420799116105453
T72	17.223449020010378	17.223449020010378
T72	19.534016992366993	19.534016992366993
T72	18.356619308738875	18.356619308738875
T72	18.998663051896827	18.998663051896827
T72	16.476044535918483	16.476044535918483
T72	17.00906981072216	17.00906981072216
T72	17.898298152427248	17.898298152427248
T72	18.485398657312558	18.485398657312558
T72	16.482411315058645	16.482411315058645
T72	17.177928257968002	17.177928257968002
T72	18.707035571894103	18.707035571894103
T72	16.30761335717689	16.30761335717689
T72	17.586398591291942	17.586398591291942
T72	16.7369070571353	16.7369070571353
T72	18.007596650287095	18.007596650287095
T72	20.40470143943786	20.40470143943786
T72	19.663630750597296	19.663630750597296
T72	19.994823853410193	19.994823853410193
T72	16.929171365466686	16.929171365466686
T72	18.045936779989532	18.045936779989532
T72	16.673894507255955	16.673894507255955
T72	17.318283978326377	17.318283978326377
T72	15.922699340238712	15.922699340238712
T72	15.601586013913025	15.601586013913025
T72	14.25218555229366	14.25218555229366
T72	14.20417489811089	14.20417489811089
T72	14.061089958770234	14.061089958770234
T72	15.783346812298225	15.783346812298225
T72	15.629648776209981	15.629648776209981
T72	14.795995254987561	14.795995254987561
T72	13.57402500685566	13.57402500685566
T72	13.06642642032094	13.06642642032094
T72	13.73693443464265	13.73693443464265
T72	13.464454549197914	13.464454549197914
T72	13.222517319442524	13.222517319442524
T73	21.497473020861868	21.497473020861868
T73	21.811077032746514	21.811077032746514
T73	21.62413310801698	21.62413310801698
T73	21.489410756267993	21.489410756267993
T73	17.38667673601326	17.38667673601326
T73	16.776952879593924	16.776952879593924
T73	18.659751140695768	18.659751140695768
T73	17.296445981661805	17.296445981661805
T73	17.664834077169353	17.664834077169353
T73	16.095552722730247	16.095552722730247
T73	18.059990912249617	18.059990912249617
T73	16.867711418647396	16.867711418647396
T73	17.781618488747544	17.781618488747544
T73	18.62926572970851	18.62926572970851
T73	19.46033376065185	19.46033376065185
T73	20.148800215114335	20.148800215114335
T73	19.716079829334817	19.716079829334817
T73	16.21516922701012	16.21516922701012
T73	17.574114874572775	17.574114874572775
T73	17.23003221778275	17.23003221778275
T73	17.171622153724687	17.171622153724687
T73	18.283383273359444	18.283383273359444
T73	19.625484493195632	19.625484493195632
T73	18.516876782239603	18.516876782239603
T73	17.950121459175467	17.950121459175467
T73	19.201663296923087	19.201663296923087
T73	16.85055067131292	16.85055067131292
T73	16.252287664120537	16.252287664120537
T73	18.858705912267453	18.858705912267453
T73	15.723031883735375	15.723031883735375
T73	15.703040008245306	15.703040008245306
T73	15.1137816569582	15.1137816569582
T73	15.326332285684273	15.326332285684273
T73	14.627314580606285	14.627314580606285
T73	11.928434077921917	11.928434077921917
T73	13.505236461156962	13.505236461156962
T73	12.52838441592795	12.52838441592795
T73	13.756328009019061	13.756328009019061
T73	12.938319077579164	12.938319077579164
T73	12.009540051670179	12.009540051670179
T73	12.090334194485804	12.090334194485804
T73	12.678641192354506	12.678641192354506
T73	8.457870792320973	8.457870792320973
T73	8.545253478824439	8.545253478824439
T73	10.22304478543145	10.22304478543145
T73	8.429250839375355	8.429250839375355
T73	10.71973749614841	10.71973749614841
T73	7.375474597441307	7.375474597441307
T73	10.447585756742955	10.447585756742955
T73	11.188358734644059	11.188358734644059
T73	7.332639392326674	7.332639392326674
T73	8.065338858976883	8.065338858976883
T73	7.484672251920688	7.484672251920688
T73	11.50662660122212	11.50662660122212
T73	11.418736664343147	11.418736664343147
T73	10.721684880932864	10.721684880932864
T73	9.837649930065016	9.837649930065016
T73	9.045057802580176	9.045057802580176
T73	10.90069116972469	10.90069116972469
T73	8.33529335880799	8.33529335880799
T73	8.89308556554702	8.89308556554702
T73	7.36143816254392	7.36143816254392
T73	5.7630726883294745	5.7630726883294745
T73	6.689556882834631	6.689556882834631
T73	6.492266033796522	6.492266033796522
T73	6.415621656640939	6.415621656640939
T73	6.706334882646584	6.706334882646584
T73	3.9151792285822067	3.9151792285822067
T73	4.95592211541448	4.95592211541448
T73	4.531334645198214	4.531334645198214
T73	3.37361312709307	3.37361312709307
T73	2.070667170157191	2.070667170157191
T73	1.0013517177549476	1.0013517177549476
T73	1.7235376021900144	1.7235376021900144
T73	0.9291918634683175	0.9291918634683175
T73	0.4677672669385551	0.4677672669385551
T73	0.0	0.0
T74	20.070150010351707	20.070150010351707
T74	17.130034033323184	17.130034033323184
T74	20.097897032115334	20.097897032115334
T74	20.415760879952156	20.415760879952156
T74	17.053802169567234	17.053802169567234
T74	19.37869956382403	19.37869956382403
T74	18.463099192659232	18.463099192659232
T74	17.88340384032128	17.88340384032128
T74	20.095307550703488	20.095307550703488
T74	20.129951483653226	20.129951483653226
T74	18.440808076407208	18.440808076407208
T74	18.188109571515934	18.188109571515934
T74	17.90430986932491	17.90430986932491
T74	18.4931591860175	18.4931591860175
T74	20.01674471253089	20.01674471253089
T74	17.068957672243847	17.068957672243847
T74	18.53917104604953	18.53917104604953
T74	17.945456038509633	17.945456038509633
T74	20.38589803255253	20.38589803255253
T74	19.642033800179586	19.642033800179586
T74	18.52524901528436	18.52524901528436
T74	19.05244977708927	19.05244977708927
T74	18.858540190885623	18.858540190885623
T74	18.90886393725463	18.90886393725463
T74	19.575595285742555	19.575595285742555
T74	19.60165852347367	19.60165852347367
T74	18.345019796438677	18.345019796438677
T74	18.312532283982847	18.312532283982847
T74	18.023482394101002	18.023482394101002
T74	17.716656280095542	17.716656280095542
T74	19.052276061035293	19.052276061035293
T74	19.111504701838015	19.111504701838015
T74	17.510082136156356	17.510082136156356
T74	18.03894906780784	18.03894906780784
T74	20.231478295216167	20.231478295216167
T74	17.588515313808493	17.588515313808493
T74	20.193579086781646	20.193579086781646
T75	18.21184116037809	18.21184116037809
T75	16.791959487673086	16.791959487673086
T75	16.541951059425205	16.541951059425205
T75	20.16121102502248	20.16121102502248
T75	17.784989868169486	17.784989868169486
T75	16.357339181397602	16.357339181397602
T75	18.212736897655503	18.212736897655503
T75	18.619068578070568	18.619068578070568
T75	18.026026589961138	18.026026589961138
T75	16.246861967401244	16.246861967401244
T75	18.874059496331387	18.874059496331387
T75	19.154277445954293	19.154277445954293
T75	17.389727647701267	17.389727647701267
T75	18.74431422040092	18.74431422040092
T75	18.804958972409565	18.804958972409565
T75	19.292769184879667	19.292769184879667
T75	19.08977025861846	19.08977025861846
T75	20.291864949803998	20.291864949803998
T75	19.927812491527494	19.927812491527494
T75	15.236824513973103	15.236824513973103
T75	15.528488834319438	15.528488834319438
T75	12.37063508596467	12.37063508596467
T75	12.07950810237995	12.07950810237995
T75	13.813613765671212	13.813613765671212
T75	12.3952327620411	12.3952327620411
T75	13.564087476171409	13.564087476171409
T75	12.914804833155022	12.914804833155022
T75	12.010385862806832	12.010385862806832
T75	9.280307758859006	9.280307758859006
T75	11.283970320947935	11.283970320947935
T75	10.957190500322538	10.957190500322538
T75	8.799327849246573	8.799327849246573
T75	10.54325137297495	10.54325137297495
T75	9.735798534508444	9.735798534508444
T75	7.884320229875177	7.884320229875177
T75	8.674189964932522	8.674189964932522
T75	8.982899362872203	8.982899362872203
T75	11.061979911340956	11.061979911340956
T75	8.69875247713344	8.69875247713344
T75	10.837621971504358	10.837621971504358
T75	9.788202473770651	9.788202473770651
T75	7.424587516311814	7.424587516311814
T75	6.386032263790268	6.386032263790268
T75	6.0947431105504535	6.0947431105504535
T75	7.218638621636536	7.218638621636536
T75	5.368292777142239	5.368292777142239
T75	6.440027332329397	6.440027332329397
T75	5.625496605925584	5.625496605925584
T75	3.432569501695138	3.432569501695138
T75	1.5317565218115061	1.5317565218115061
T75	1.0009699283317453	1.0009699283317453
T75	1.2210484243337194	1.2210484243337194
T75	1.2941019967318217	1.2941019967318217
T75	0.7511680193741462	0.7511680193741462
T75	0.0	0.0
T76	21.507229640503947	21.507229640503947
T76	22.10879864777253	22.10879864777253
T76	21.466820290573146	21.466820290573146
T76	20.804323698634224	20.804323698634224
T76	18.3251837239685	18.3251837239685
T76	19.587728434155153	19.587728434155153
T76	18.335647592248556	18.335647592248556
T76	20.436947155631987	20.436947155631987
T76	19.981981359563	19.981981359563
T76	19.976730567564044	19.976730567564044
T76	16.436327680963117	16.436327680963117
T76	20.1812448843539	20.1812448843539
T76	19.222655201160375	19.222655201160375
T76	16.8735266185874	16.8735266185874
T76	17.50560290050018	17.50560290050018
T76	18.634507199412273	18.634507199412273
T76	19.4607617240811	19.4607617240811
T76	20.29993063700705	20.29993063700705
T76	19.17076559014789	19.17076559014789
T76	19.427774575930357	19.427774575930357
T76	16.115141754293635	16.115141754293635
T76	18.988357405191664	18.988357405191664
T76	19.31365717265712	19.31365717265712
T76	17.803183828624057	17.803183828624057
T76	19.72807031517116	19.72807031517116
T76	16.442748427169384	16.442748427169384
T76	20.033606735213002	20.033606735213002
T76	18.65806556622211	18.65806556622211
T76	16.30175686654946	16.30175686654946
T76	19.980793494664532	19.980793494664532
T76	15.806351161874636	15.806351161874636
T76	13.962503069792547	13.962503069792547
T76	12.277646953133392	12.277646953133392
T76	12.47416238358324	12.47416238358324
T76	12.935266217107266	12.935266217107266
T76	13.700366492836205	13.700366492836205
T77	21.350289774768004	21.350289774768004
T77	20.693593639126654	20.693593639126654
T77	17.798724970638744	17.798724970638744
T77	18.52753811842657	18.52753811842657
T77	20.141187993960834	20.141187993960834
T77	16.89028121389356	16.89028121389356
T77	19.75616412512557	19.75616412512557
T77	19.847534694330765	19.847534694330765
T77	16.126800578271187	16.126800578271187
T77	18.20958464041876	18.20958464041876
T77	20.18967855878696	20.18967855878696
T77	17.75453939024726	17.75453939024726
T77	17.569407387058178	17.569407387058178
T77	18.295268473296968	18.295268473296968
T77	16.456064846234014	16.456064846234014
T77	16.859859465713292	16.859859465713292
T77	19.00144115728384	19.00144115728384
T77	16.300439329008352	16.300439329008352
T77	19.576581397802947	19.576581397802947
T77	18.397601622081456	18.397601622081456
T77	18.35763812443236	18.35763812443236
T77	16.933479427805747	16.933479427805747
T77	16.561282464011562	16.561282464011562
T77	17.373187569373485	17.373187569373485
T77	19.7044071922593	19.7044071922593
T77	15.497716998279461	15.497716998279461
T77	14.728752899260144	14.728752899260144
T77	15.345866126255663	15.345866126255663
T77	13.046979751554447	13.046979751554447
T77	13.646816291476052	13.646816291476052
T77	12.850650937479921	12.850650937479921
T78	22.139152373746665	22.139152373746665
T78	18.961129012612727	18.961129012612727
T78	19.1901377949543	19.1901377949543
T78	16.20244883677544	16.20244883677544
T78	19.16001524884449	19.16001524884449
T78	17.661285027901986	17.661285027901986
T78	18.281187809488618	18.281187809488618
T78	19.066871935090706	19.066871935090706
T78	18.69783473046408	18.69783473046408
T78	20.308951669263795	20.308951669263795
T78	18.771520367915674	18.771520367915674
T78	19.325028722211677	19.325028722211677
T78	14.65143341198642	14.65143341198642
T78	15.050273730092703	15.050273730092703
T78	15.577548477910437	15.577548477910437
T78	15.377673388986018	15.377673388986018
T78	12.86808235612003	12.86808235612003
T78	12.462444872285298	12.462444872285298
T78	11.777705560110775	11.777705560110775
T78	11.859220770869385	11.859220770869385
T78	11.291967423161013	11.291967423161013
T79	21.9027271740029	21.9027271740029
T79	18.79439039583548	18.79439039583548
T79	18.14330679979842	18.14330679979842
T79	19.853358708478464	19.853358708478464
T79	20.17886994593062	20.17886994593062
T79	18.33875136132252	18.33875136132252
T79	20.066951621101474	20.066951621101474
T79	19.628084629155158	19.628084629155158
T79	18.553152853116934	18.553152853116934
T79	17.329288659019547	17.329288659019547
T79	18.87111996865616	18.87111996865616
T79	20.264798085326056	20.264798085326056
T79	17.76054906462034	17.76054906462034
T80	22.117316296330266	22.117316296330266
T80	18.49285388543411	18.49285388543411
T80	18.411362423361766	18.411362423361766
T80	16.35227753703122	16.35227753703122
T80	18.268445288356418	18.268445288356418
T80	17.9795350318966	17.9795350318966
T80	17.806860963589333	17.806860963589333
T80	18.33965507158886	18.33965507158886
T80	17.651989415316844	17.651989415316844
T80	19.46655956788259	19.46655956788259
T80	17.801097559442443	17.801097559442443
T80	17.011698363723724	17.011698363723724
T80	18.210352946842875	18.210352946842875
T80	20.398206241634696	20.398206241634696
T80	18.35939994014092	18.35939994014092
T80	15.946056036207908	15.946056036207908
T81	21.980846704746256	21.980846704746256
T81	21.60523973833889	21.60523973833889
T81	19.01798636269804	19.01798636269804
T81	16.71742604348768	16.71742604348768
T81	16.384546685337433	16.384546685337433
T81	17.52474993188746	17.52474993188746
T81	17.57543575029686	17.57543575029686
T81	18.771312013936807	18.771312013936807
T81	17.779642260539887	17.779642260539887
T81	16.870428173394714	16.870428173394714
T81	17.861608041307463	17.861608041307463
T81	16.073211846487425	16.073211846487425
T81	16.27795752307095	16.27795752307095
T81	19.317461631594004	19.317461631594004
T81	17.865112276099573	17.865112276099573
T81	17.634078774843896	17.634078774843896
T81	19.014448103446043	19.014448103446043
T81	16.115657841498674	16.115657841498674
T81	19.237795419812006	19.237795419812006
T81	17.530419147728892	17.530419147728892
T81	17.54420599442144	17.54420599442144
T81	16.782078918432234	16.782078918432234
T81	18.43625484366898	18.43625484366898
T81	18.442725303976843	18.442725303976843
T81	20.342004519859312	20.342004519859312
T81	18.681231514212772	18.681231514212772
T81	15.760896980585185	15.760896980585185
T81	14.611879649415044	14.611879649415044
T81	15.884540235571356	15.884540235571356
T81	14.473331232527238	14.473331232527238
T81	13.365299009048002	13.365299009048002
T81	13.749175056824107	13.749175056824107
T81	13.069759823943373	13.069759823943373
T81	13.167299867565863	13.167299867565863
T81	13.539356838358948	13.539356838358948
T82	21.022856220311755	21.022856220311755
T82	21.99001474214147	21.99001474214147
T82	19.65705529554239	19.65705529554239
T82	19.967005352968542	19.967005352968542
T82	20.426482964512296	20.426482964512296
T82	19.388660952738974	19.388660952738974
T82	19.37694735829244	19.37694735829244
T82	19.894095571880836	19.894095571880836
T83	20.456485003310405	20.456485003310405
T83	16.513037609170503	16.513037609170503
T83	20.282618127815198	20.282618127815198
T83	17.40886992211965	17.40886992211965
T83	19.430731040237895	19.430731040237895
T83	19.069973913962563	19.069973913962563
T83	17.173073195751805	17.173073195751805
T83	16.48572846558528	16.48572846558528
T83	16.290465708264758	16.290465708264758
T83	18.337672229552158	18.337672229552158
T83	16.958718584924085	16.958718584924085
T83	16.769584421500465	16.769584421500465
T83	14.770243910585418	14.770243910585418
T83	15.378160352903677	15.378160352903677
T83	15.741165655698572	15.741165655698572
T84	21.27513086636214	21.27513086636214
T84	21.541646253270645	21.541646253270645
T84	17.12179051357877	17.12179051357877
T84	17.457520157385318	17.457520157385318
T84	18.751614967842638	18.751614967842638
T84	16.329634239596636	16.329634239596636
T84	19.903608288884236	19.903608288884236
T84	18.03385007851593	18.03385007851593
T84	18.695475405373248	18.695475405373248
T84	19.78560678229026	19.78560678229026
T84	19.508559264146285	19.508559264146285
T84	18.318332472219897	18.318332472219897
T84	19.651494330254714	19.651494330254714
T84	18.078860890446414	18.078860890446414
T84	18.046579088186192	18.046579088186192
T84	19.394550192835638	19.394550192835638
T84	16.182331267998673	16.182331267998673
T84	18.994898271038053	18.994898271038053
T84	18.090814930687078	18.090814930687078
T84	19.243911409801566	19.243911409801566
T84	19.03132123505179	19.03132123505179
T84	16.134891035481235	16.134891035481235
T84	19.851360213482778	19.851360213482778
T84	18.228892361730296	18.228892361730296
T84	19.148668484264995	19.148668484264995
T84	18.67406858607944	18.67406858607944
T84	20.044654298843287	20.044654298843287
T84	17.292636521013716	17.292636521013716
T84	17.324523783145413	17.324523783145413
T84	18.578504451907254	18.578504451907254
T84	19.016058631839933	19.016058631839933
T84	16.10097619022499	16.10097619022499
T84	14.169382925448467	14.169382925448467
T84	15.002321832861519	15.002321832861519
T84	15.395902746092242	15.395902746092242
T84	14.86583299199698	14.86583299199698
T84	12.544368565294953	12.544368565294953
T84	12.835247075121288	12.835247075121288
T84	11.98371233116661	11.98371233116661
T84	12.581137499011428	12.581137499011428
T84	12.218595031114372	12.218595031114372
T84	13.254469068570932	13.254469068570932
T84	12.008653555842816	12.008653555842816
T84	11.983959203656296	11.983959203656296
T84	8.459151755983	8.459151755983
T84	7.5923926470301994	7.5923926470301994
T84	7.558661653045132	7.558661653045132
T84	10.418093758806386	10.418093758806386
T84	9.985146633758072	9.985146633758072
T84	10.952434687358254	10.952434687358254
T84	9.232479587281107	9.232479587281107
T84	10.813392401554642	10.813392401554642
T84	11.002351635424317	11.002351635424317
T84	9.219680042016005	9.219680042016005
T84	8.01193994407112	8.01193994407112
T84	8.465288315999816	8.465288315999816
T84	11.502993226843154	11.502993226843154
T84	10.30241171393461	10.30241171393461
T84	10.176210724531595	10.176210724531595
T84	8.265255077878548	8.265255077878548
T84	11.260966569036485	11.260966569036485
T84	7.398382437000793	7.398382437000793
T84	10.386719197133065	10.386719197133065
T84	11.223436285518227	11.223436285518227
T84	8.458776102633191	8.458776102633191
T84	11.059846927980487	11.059846927980487
T84	10.971781957949702	10.971781957949702
T84	10.302542221858317	10.302542221858317
T84	11.3930239343832	11.3930239343832
T84	8.418033396164486	8.418033396164486
T84	8.63918557533262	8.63918557533262
T84	11.490671213381727	11.490671213381727
T84	11.05711049692075	11.05711049692075
T84	10.31682051740835	10.31682051740835
T84	11.39228276979682	11.39228276979682
T84	9.82122461914966	9.82122461914966
T84	10.553496725367662	10.553496725367662
T84	9.745646737532812	9.745646737532812
T84	8.790041844855367	8.790041844855367
T84	5.6536607084429145	5.6536607084429145
T84	6.688249387643935	6.688249387643935
T84	7.048060860506766	7.048060860506766
T84	6.122362304968136	6.122362304968136
T84	5.527382679109143	5.527382679109143
T84	6.925189722791185	6.925189722791185
T84	6.347950919972886	6.347950919972886
T84	5.790905756961322	5.790905756961322
T84	6.504878559210505	6.504878559210505
T84	5.709857480686479	5.709857480686479
T84	5.394077592890652	5.394077592890652
T84	5.9038035207341295	5.9038035207341295
T84	6.545005176460221	6.545005176460221
T84	4.328360481696007	4.328360481696007
T84	4.614888602118222	4.614888602118222
T84	4.529795244663433	4.529795244663433
T84	5.177233836671055	5.177233836671055
T84	3.084043992210472	3.084043992210472
T84	1.3427355839635815	1.3427355839635815
T84	0.9796676794780609	0.9796676794780609
T84	1.6284755882188662	1.6284755882188662
T84	1.2686749867152796	1.2686749867152796
T84	1.519213119094641	1.519213119094641
T84	1.524801919121954	1.524801919121954
T84	1.2126162379868863	1.2126162379868863
T84	1.4861611113084328	1.4861611113084328
T84	0.0	0.0
T85	21.367194955606344	21.367194955606344
T85	19.593829457957387	19.593829457957387
T85	17.309685354805644	17.309685354805644
T85	17.990648695223783	17.990648695223783
T85	17.351166136514422	17.351166136514422
T85	17.305261917432418	17.305261917432418
T85	17.690656637361137	17.690656637361137
T85	17.903138046050955	17.903138046050955
T85	16.39230601972242	16.39230601972242
T85	17.512661738214806	17.512661738214806
T85	19.717654111504054	19.717654111504054
T85	18.544372881968176	18.544372881968176
T85	17.073485339588256	17.073485339588256
T85	19.62272962079225	19.62272962079225
T85	18.26543977109033	18.26543977109033
T85	19.71582618746382	19.71582618746382
T85	18.580577228741053	18.580577228741053
T85	15.481883615207256	15.481883615207256
T85	15.580824323338042	15.580824323338042
T85	14.07132487405646	14.07132487405646
T85	13.958508951122816	13.958508951122816
T85	11.710797648013575	11.710797648013575
T85	13.568755879614985	13.568755879614985
T85	11.865913205021986	11.865913205021986
T85	11.680634296946083	11.680634296946083
T85	12.004921797820911	12.004921797820911
T85	11.769823453234633	11.769823453234633
T85	11.891669415530231	11.891669415530231
T85	12.00038331277796	12.00038331277796
T85	9.273174063591739	9.273174063591739
T85	8.285429886964327	8.285429886964327
T85	9.870941202699647	9.870941202699647
T85	10.814724272719351	10.814724272719351
T85	8.96783432255432	8.96783432255432
T85	10.23253573927915	10.23253573927915
T85	7.626256407022812	7.626256407022812
T85	10.638014435123788	10.638014435123788
T85	8.424780081548747	8.424780081548747
T85	9.475807469905313	9.475807469905313
T85	7.875186626799178	7.875186626799178
T85	9.100250243030946	9.100250243030946
T85	9.275986434609827	9.275986434609827
T85	9.2128868846761	9.2128868846761
T85	10.799781020560138	10.799781020560138
T85	5.82030413042663	5.82030413042663
T85	5.912172390081837	5.912172390081837
T85	5.5883197614501166	5.5883197614501166
T85	6.109502765960965	6.109502765960965
T85	5.935238870827196	5.935238870827196
T85	6.688091383195996	6.688091383195996
T85	5.9239772221554166	5.9239772221554166
T85	4.290007391746398	4.290007391746398
T85	4.010493853017538	4.010493853017538
T85	2.695264210578989	2.695264210578989
T85	3.4487816854796325	3.4487816854796325
T85	2.5329894340428374	2.5329894340428374
T85	1.2898938711250967	1.2898938711250967
T85	0.7888625865001999	0.7888625865001999
T85	0.4493272505809131	0.4493272505809131
T85	0.18561450203188812	0.18561450203188812
T85	0.6319248727511205	0.6319248727511205
T85	0.0	0.0
T86	21.758495743979495	21.758495743979495
T86	19.7965878613133	19.7965878613133
T86	18.50107115491801	18.50107115491801
T86	17.005207093295887	17.005207093295887
T86	20.264739826038344	20.264739826038344
T86	20.203295714392414	20.203295714392414
T86	17.724698188566204	17.724698188566204
T86	18.779638175890238	18.779638175890238
T86	16.071366631805287	16.071366631805287
T86	17.9453329893027	17.9453329893027
T86	17.49018411309934	17.49018411309934
T86	15.955556658248407	15.955556658248407
T86	15.796415072480665	15.796415072480665
T86	15.79889117947149	15.79889117947149
T86	13.488529931497848	13.488529931497848
T87	19.367515154230613	19.367515154230613
T87	19.42525392744884	19.42525392744884
T87	19.49979931419359	19.49979931419359
T87	19.50231671017304	19.50231671017304
T87	18.38421559393506	18.38421559393506
T87	18.446999627719283	18.446999627719283
T87	19.819723426349483	19.819723426349483
T87	18.60032417925597	18.60032417925597
T87	19.75402565610942	19.75402565610942
T87	17.652523455090392	17.652523455090392
T87	19.93806580758207	19.93806580758207
T88	19.746819751367152	19.746819751367152
T88	16.226646862150098	16.226646862150098
T88	17.943570441447825	17.943570441447825
T88	17.201621504537304	17.201621504537304
T88	17.16854805352897	17.16854805352897
T88	16.07220368379594	16.07220368379594
T88	18.537115376225977	18.537115376225977
T88	16.503522802509256	16.503522802509256
T88	18.03630100849345	18.03630100849345
T88	17.040641508233996	17.040641508233996
T88	17.580562481055598	17.580562481055598
T88	18.739102748343672	18.739102748343672
T88	17.09809369042315	17.09809369042315
T88	17.695835000316873	17.695835000316873
T88	17.09162934301613	17.09162934301613
T88	20.14571919421316	20.14571919421316
T88	15.684870427085347	15.684870427085347
T88	15.920067280099222	15.920067280099222
T89	18.415995660501203	18.415995660501203
T89	18.87424892274251	18.87424892274251
T89	16.618463678739722	16.618463678739722
T89	20.18569322505965	20.18569322505965
T89	18.9956317116376	18.9956317116376
T89	17.353250169408955	17.353250169408955
T89	20.35673041138567	20.35673041138567
T89	17.074894256759798	17.074894256759798
T89	18.919205915203	18.919205915203
T89	19.157959190953857	19.157959190953857
T89	18.10229698151512	18.10229698151512
T89	16.195690272658457	16.195690272658457
T89	18.51421149457429	18.51421149457429
T89	18.196567661296143	18.196567661296143
T89	16.323684109416206	16.323684109416206
T89	19.00320485542774	19.00320485542774
T89	16.552426012019453	16.552426012019453
T89	19.53928156019682	19.53928156019682
T89	17.13572379872275	17.13572379872275
T89	16.209388101311482	16.209388101311482
T89	20.001445593559897	20.001445593559897
T89	17.144666068767023	17.144666068767023
T89	19.247987369986063	19.247987369986063
T89	19.722205355305448	19.722205355305448
T89	17.625758746320617	17.625758746320617
T89	17.23382350868714	17.23382350868714
T89	19.509015985182874	19.509015985182874
T89	14.743551727082718	14.743551727082718
T89	14.290359591126492	14.290359591126492
T89	15.793527318685948	15.793527318685948
T89	11.924425682667122	11.924425682667122
T89	13.282483430284152	13.282483430284152
T89	11.925923850905473	11.925923850905473
T89	12.854509345907667	12.854509345907667
T89	11.282482276569521	11.282482276569521
T89	11.625996197545513	11.625996197545513
T89	11.609032325450585	11.609032325450585
T89	10.830131618018092	10.830131618018092
T90	17.57916342743975	17.57916342743975
T90	18.271955534974204	18.271955534974204
T90	20.020029773126375	20.020029773126375
T90	19.165872783149286	19.165872783149286
T90	18.65444074886687	18.65444074886687
T90	16.094057302265373	16.094057302265373
T90	17.34214620274523	17.34214620274523
T90	20.000309496613703	20.000309496613703
T90	19.777061293107305	19.777061293107305
T90	18.940772855513057	18.940772855513057
T90	19.501087266285108	19.501087266285108
T90	16.24133309036677	16.24133309036677
T90	17.182689966656184	17.182689966656184
T90	17.577433966107026	17.577433966107026
T90	19.58488593433491	19.58488593433491
T90	18.066388327660935	18.066388327660935
T90	19.06460500895419	19.06460500895419
T90	19.91872063105059	19.91872063105059
T90	16.808462325818674	16.808462325818674
T90	18.959933725450433	18.959933725450433
T90	19.84103565046235	19.84103565046235
T90	19.408306614283912	19.408306614283912
T90	16.217972566304095	16.217972566304095
T90	16.0000086163443	16.0000086163443
T90	18.379351281729484	18.379351281729484
T90	19.877561116838546	19.877561116838546
T90	19.2275616887647	19.2275616887647
T90	18.161541070846056	18.161541070846056
T90	14.16173851460595	14.16173851460595
T90	15.29894108375629	15.29894108375629
T90	14.775775711906105	14.775775711906105
T90	15.792133455695677	15.792133455695677
T90	12.501735307249835	12.501735307249835
T90	12.617971476812626	12.617971476812626
T90	11.733484638853662	11.733484638853662
T90	11.898358111784072	11.898358111784072
T90	11.946601014192371	11.946601014192371
T90	13.409231490565455	13.409231490565455
T90	9.491994329103647	9.491994329103647
T90	9.463590418789678	9.463590418789678
T90	9.7501626357936	9.7501626357936
T90	10.562307871018902	10.562307871018902
T90	11.452581847944474	11.452581847944474
T90	9.12858734483382	9.12858734483382
T90	10.203096744339888	10.203096744339888
T90	9.709052777790237	9.709052777790237
T90	7.6572566948189476	7.6572566948189476
T90	9.312952024254344	9.312952024254344
T90	8.878416567344587	8.878416567344587
T90	7.8640563502020715	7.8640563502020715
T90	8.384654996454994	8.384654996454994
T90	7.7100960777181395	7.7100960777181395
T90	9.555925736801719	9.555925736801719
T90	7.353679611486282	7.353679611486282
T90	6.967878082479157	6.967878082479157
T90	6.155802683277789	6.155802683277789
T90	5.616602210017791	5.616602210017791
T90	6.447563198913386	6.447563198913386
T90	6.744454853591163	6.744454853591163
T90	7.218104446712948	7.218104446712948
T90	5.8236409443550805	5.8236409443550805
T90	6.532180601196248	6.532180601196248
T90	6.5257016752077215	6.5257016752077215
T90	5.6405863155550975	5.6405863155550975
T90	3.716959323300628	3.716959323300628
T90	3.6669304740419397	3.6669304740419397
T90	2.302330252609003	2.302330252609003
T90	2.4174779727253277	2.4174779727253277
T90	1.5210452821407703	1.5210452821407703
T90	1.4377595902338391	1.4377595902338391
T90	1.578143090062272	1.578143090062272
T90	0.8174068428398586	0.8174068428398586
T90	1.7437531896510967	1.7437531896510967
T90	0.31257572429182434	0.31257572429182434
T90	0.23182837927361477	0.23182837927361477
T90	0.0	0.0
T91	21.50209455934011	21.50209455934011
T91	21.02600849212482	21.02600849212482
T91	19.284472515824937	19.284472515824937
T91	17.438525081324347	17.438525081324347
T91	17.430796136244542	17.430796136244542
T91	16.878566462145944	16.878566462145944
T91	16.98458279365739	16.98458279365739
T91	16.35917355761277	16.35917355761277
T91	16.65590952982323	16.65590952982323
T91	16.77674228439325	16.77674228439325
T91	17.4521260704216	17.4521260704216
T91	19.72304451054218	19.72304451054218
T91	17.180987772173857	17.180987772173857
T91	16.814515940837417	16.814515940837417
T91	17.728864408600113	17.728864408600113
T91	18.449670253212666	18.449670253212666
T91	19.442728384564884	19.442728384564884
T91	14.849585188635507	14.849585188635507
T91	14.966593278053482	14.966593278053482
T91	15.378443263538749	15.378443263538749
T91	12.78480382250898	12.78480382250898
T91	9.417364981474748	9.417364981474748
T91	8.508982734643423	8.508982734643423
T91	10.80353744276809	10.80353744276809
T91	9.207161377711898	9.207161377711898
T91	11.189713957045367	11.189713957045367
T91	8.674501081074732	8.674501081074732
T91	11.146485878810322	11.146485878810322
T91	11.19146733719455	11.19146733719455
T91	6.505712761859078	6.505712761859078
T91	5.841191526791406	5.841191526791406
T91	5.975921637244427	5.975921637244427
T91	2.381062753791838	2.381062753791838
T91	0.818296403879382	0.818296403879382
T91	0.5614874902179762	0.5614874902179762
T91	0.0	0.0
T92	21.570448516426705	21.570448516426705
T92	16.75732233120529	16.75732233120529
T92	16.875562427039053	16.875562427039053
T92	18.581922539787133	18.581922539787133
T92	16.12875563402031	16.12875563402031
T92	19.66723446377626	19.66723446377626
T92	16.48106636441855	16.48106636441855
T92	19.62306921428984	19.62306921428984
T92	20.247026700540353	20.247026700540353
T92	17.081907744077157	17.081907744077157
T92	16.078130996628822	16.078130996628822
T92	16.42382193600315	16.42382193600315
T92	14.883350190297165	14.883350190297165
T92	14.227262079968872	14.227262079968872
T93	20.99366635285673	20.99366635285673
T93	20.048694342587794	20.048694342587794
T93	16.69482232992962	16.69482232992962
T93	18.726899853109888	18.726899853109888
T93	16.620430499555845	16.620430499555845
T93	16.996720382131414	16.996720382131414
T93	17.20320765431275	17.20320765431275
T93	19.237588205931143	19.237588205931143
T93	19.283729430395635	19.283729430395635
T93	17.515515858222628	17.515515858222628
T93	19.04189115380888	19.04189115380888
T93	19.73476556817392	19.73476556817392
T93	16.53634066475156	16.53634066475156
T93	15.160348703422956	15.160348703422956
T93	15.584870523544634	15.584870523544634
T93	13.335169195791485	13.335169195791485
T94	21.023379478955366	21.023379478955366
T94	20.74430430413035	20.74430430413035
T94	19.184556130657185	19.184556130657185
T94	16.352822278100412	16.352822278100412
T94	19.609672119974626	19.609672119974626
T94	17.964228307271107	17.964228307271107
T94	17.732676170596907	17.732676170596907
T94	18.803133166025425	18.803133166025425
T94	19.794975734706036	19.794975734706036
T94	19.326106918128822	19.326106918128822
T94	19.596488336671868	19.596488336671868
T94	19.08669494704113	19.08669494704113
T94	19.90063265956211	19.90063265956211
T94	19.927252540852347	19.927252540852347
T94	20.422723263000442	20.422723263000442
T94	18.3256195280038	18.3256195280038
T94	20.272442037699534	20.272442037699534
T94	17.451489108133003	17.451489108133003
T94	18.24465981346232	18.24465981346232
T94	16.75845241252799	16.75845241252799
T94	18.12699848940322	18.12699848940322
T94	18.327448638009464	18.327448638009464
T94	17.92522939355615	17.92522939355615
T94	16.114858167983314	16.114858167983314
T94	16.229539789829815	16.229539789829815
T94	19.794871439063034	19.794871439063034
T94	16.423965531987857	16.423965531987857
T94	16.750349221571632	16.750349221571632
T94	16.396077428741464	16.396077428741464
T94	18.332734056041687	18.332734056041687
T94	16.196661370273148	16.196661370273148
T94	18.91264845536607	18.91264845536607
T94	17.832222410769987	17.832222410769987
T94	19.56641095022793	19.56641095022793
T94	20.177314499332095	20.177314499332095
T94	15.252490232332407	15.252490232332407
T94	15.340739052126933	15.340739052126933
T94	14.911453501060599	14.911453501060599
T95	20.569959350817506	20.569959350817506
T95	18.052059025488077	18.052059025488077
T95	20.15259044137727	20.15259044137727
T95	17.862276198165482	17.862276198165482
T95	19.136014555095734	19.136014555095734
T95	18.217722497280608	18.217722497280608
T95	17.660813146858175	17.660813146858175
T95	18.89319726541557	18.89319726541557
T95	17.121217845430976	17.121217845430976
T95	16.942125243129368	16.942125243129368
T95	17.556630625493483	17.556630625493483
T95	17.148085621998476	17.148085621998476
T95	16.702528940079045	16.702528940079045
T95	16.307257776960512	16.307257776960512
T95	18.946251977264588	18.946251977264588
T95	18.320286578346824	18.320286578346824
T95	18.68316653447596	18.68316653447596
T95	16.95565690300039	16.95565690300039
T95	16.510780711589934	16.510780711589934
T95	18.69815017735342	18.69815017735342
T95	16.92975670816079	16.92975670816079
T95	17.909940070760154	17.909940070760154
T95	17.70883813814079	17.70883813814079
T95	19.65131645282435	19.65131645282435
T95	17.138939492585568	17.138939492585568
T95	17.22960128307357	17.22960128307357
T95	14.74699901918119	14.74699901918119
T96	19.86031443889632	19.86031443889632
T96	19.117583232177516	19.117583232177516
T96	19.911665028195408	19.911665028195408
T96	17.719066000223098	17.719066000223098
T96	18.842416746363455	18.842416746363455
T96	18.1418755719027	18.1418755719027
T96	19.242939882105222	19.242939882105222
T96	20.386724956170642	20.386724956170642
T96	18.395578017183997	18.395578017183997
T96	18.578320686593106	18.578320686593106
T96	17.732673061298087	17.732673061298087
T96	18.70692975750528	18.70692975750528
T96	19.250712489727015	19.250712489727015
T98	15.990417721720686	15.990417721720686
T98	19.78227860629585	19.78227860629585
T98	17.70060062455416	17.70060062455416
T98	17.638923756052126	17.638923756052126
T98	17.613040242269303	17.613040242269303
T98	19.85342508151325	19.85342508151325
T98	17.54398118757162	17.54398118757162
T98	16.76887479286144	16.76887479286144
T98	20.355503143827235	20.355503143827235
T98	17.818066214887693	17.818066214887693
T98	16.260898164826905	16.260898164826905
T98	16.62314308862238	16.62314308862238
T98	16.007968030775658	16.007968030775658
T98	16.33143135887316	16.33143135887316
T98	15.153729296524348	15.153729296524348
T98	15.420095041117175	15.420095041117175
T98	14.819027549882936	14.819027549882936
T98	14.828781429872574	14.828781429872574
T98	15.811794668912517	15.811794668912517
T98	13.95000718260613	13.95000718260613
T98	13.04989254869173	13.04989254869173
T98	12.474041569592718	12.474041569592718
T98	13.260868170181524	13.260868170181524
T98	13.281416803707526	13.281416803707526
T98	9.909669752901982	9.909669752901982
T98	8.747421478238058	8.747421478238058
T98	8.876363487515349	8.876363487515349
T98	9.497920174964952	9.497920174964952
T98	10.285770231601962	10.285770231601962
T98	11.434426029198091	11.434426029198091
T98	8.342402027528971	8.342402027528971
T98	9.91726242758905	9.91726242758905
T98	11.506635206136407	11.506635206136407
T98	11.001856763548176	11.001856763548176
T98	9.283362156725236	9.283362156725236
T98	6.218679757394007	6.218679757394007
T98	4.724311204428059	4.724311204428059
T98	1.9194208526542793	1.9194208526542793
T98	1.6461239528486926	1.6461239528486926
T98	1.1986865438587775	1.1986865438587775
T98	0.9522486913116275	0.9522486913116275
T98	1.2833784300212274	1.2833784300212274
T98	0.0	0.0
T99	20.518318717101426	20.518318717101426
T99	20.71637972372526	20.71637972372526
T99	21.029758366293574	21.029758366293574
T99	16.6697902179459	16.6697902179459
T99	16.1479785519372	16.1479785519372
T99	18.902501097846535	18.902501097846535
T99	19.68500008281001	19.68500008281001
T99	17.459856285395688	17.459856285395688
T99	17.133475010289445	17.133475010289445
T99	19.36611238459189	19.36611238459189
T99	18.47026857510941	18.47026857510941
T99	19.273358454107946	19.273358454107946
T99	19.564700492245063	19.564700492245063
T99	18.126319198359706	18.126319198359706
T99	18.223333660790626	18.223333660790626
T99	17.784735323944503	17.784735323944503
T99	16.850385377362713	16.850385377362713
T99	16.133279701759005	16.133279701759005
T99	18.974771262980152	18.974771262980152
T99	20.360626742779687	20.360626742779687
T99	17.13190773960463	17.13190773960463
T99	16.455980141717305	16.455980141717305
T99	17.218628961917947	17.218628961917947
T100	18.57797560258109	18.57797560258109
T100	19.194160509620954	19.194160509620954
T100	17.730587512966395	17.730587512966395
T101	19.82393136731991	19.82393136731991
T101	20.074974909559614	20.074974909559614
T101	16.83477461243867	16.83477461243867
T101	18.395941884399647	18.395941884399647
T101	19.201118641378635	19.201118641378635
T101	19.324731349339167	19.324731349339167
T101	17.271027660246276	17.271027660246276
T101	18.542320527626913	18.542320527626913
T101	18.726873020105955	18.726873020105955
T101	20.42715217482317	20.42715217482317
T101	16.470708917473655	16.470708917473655
T101	18.31736071090657	18.31736071090657
T101	20.312172155163964	20.312172155163964
T101	18.034848213555055	18.034848213555055
T101	17.748468550430434	17.748468550430434
T101	17.525464712185773	17.525464712185773
T101	14.40656885810061	14.40656885810061
T101	14.319944389341074	14.319944389341074
T101	14.427520687315308	14.427520687315308
T101	14.576912343527734	14.576912343527734
T101	12.748130313947504	12.748130313947504
T101	13.135742684586399	13.135742684586399
T102	20.800333447779842	20.800333447779842
T102	20.962680493986333	20.962680493986333
T102	16.904890073302898	16.904890073302898
T102	16.72290124149149	16.72290124149149
T102	19.172572007290476	19.172572007290476
T102	18.58673247004021	18.58673247004021
T102	16.53545388903316	16.53545388903316
T102	17.04472419392318	17.04472419392318
T102	17.42318993746399	17.42318993746399
T102	18.33092660644785	18.33092660644785
T102	18.558095086965075	18.558095086965075
T102	18.62524805501158	18.62524805501158
T102	18.23138171478447	18.23138171478447
T102	16.777474190792088	16.777474190792088
T102	18.09085921364716	18.09085921364716
T102	19.324925953152658	19.324925953152658
T102	18.56688589560738	18.56688589560738
T102	17.169999956799238	17.169999956799238
T102	18.454432604765937	18.454432604765937
T102	19.629060700748873	19.629060700748873
T102	19.654585431395294	19.654585431395294
T102	16.354342951484593	16.354342951484593
T102	17.871027045736717	17.871027045736717
T102	18.67449261118692	18.67449261118692
T102	20.083727607079798	20.083727607079798
T102	17.349770752814933	17.349770752814933
T102	16.64275724872004	16.64275724872004
T102	18.726495340334367	18.726495340334367
T102	17.16499456511207	17.16499456511207
T102	16.493126369530806	16.493126369530806
T102	14.6475195759608	14.6475195759608
T102	15.217153052579604	15.217153052579604
T102	14.989996546079382	14.989996546079382
T102	15.394139532065726	15.394139532065726
T102	15.146072292667592	15.146072292667592
T102	15.82307482936871	15.82307482936871
T102	15.15308881223778	15.15308881223778
T102	13.734487052370941	13.734487052370941
T102	12.664856290239605	12.664856290239605
T102	12.92764053472522	12.92764053472522
T103	21.23804859615013	21.23804859615013
T103	20.735672531662455	20.735672531662455
T103	16.010912751638728	16.010912751638728
T103	19.897855198433646	19.897855198433646
T103	19.844797690682125	19.844797690682125
T103	20.43785331195485	20.43785331195485
T103	19.0262655310579	19.0262655310579
T103	17.552123081718143	17.552123081718143
T103	20.3501061871318	20.3501061871318
T103	17.893804226488783	17.893804226488783
T103	17.997713326673548	17.997713326673548
T103	18.231086418903985	18.231086418903985
T103	17.187580399489903	17.187580399489903
T103	17.748741468472446	17.748741468472446
T103	18.0020717018856	18.0020717018856
T103	18.396252137095573	18.396252137095573
T103	19.86868465705552	19.86868465705552
T103	16.732858458956148	16.732858458956148
T103	19.31474830466282	19.31474830466282
T103	20.228205017136798	20.228205017136798
T103	16.42144974843371	16.42144974843371
T103	17.02203404459119	17.02203404459119
T103	16.1646294146677	16.1646294146677
T103	16.55470526045451	16.55470526045451
T103	16.838745523290093	16.838745523290093
T103	16.683790143186503	16.683790143186503
T103	17.25860935840056	17.25860935840056
T103	19.848128028898028	19.848128028898028
T103	17.095380354868986	17.095380354868986
T103	15.970093206304028	15.970093206304028
T103	19.871501790409383	19.871501790409383
T103	17.638598433575833	17.638598433575833
T103	15.966817272588555	15.966817272588555
T103	15.451345505330718	15.451345505330718
T103	15.199101930062916	15.199101930062916
T103	15.372014631188932	15.372014631188932
T103	13.876032078226832	13.876032078226832
T103	15.805285876218285	15.805285876218285
T103	15.450068507383419	15.450068507383419
T103	14.391908679068129	14.391908679068129
T103	15.821715355591337	15.821715355591337
T103	15.631873379038097	15.631873379038097
T103	12.090845272619518	12.090845272619518
T103	11.672440832641076	11.672440832641076
T103	13.513120607703032	13.513120607703032
T103	12.28589002888977	12.28589002888977
T103	12.38143860426665	12.38143860426665
T103	12.004452541032338	12.004452541032338
T103	12.860157267975396	12.860157267975396
T103	12.959700203355304	12.959700203355304
T103	11.885886600662394	11.885886600662394
T103	13.70410971518578	13.70410971518578
T103	12.444363697488397	12.444363697488397
T103	12.918167857459586	12.918167857459586
T103	13.4839709427262	13.4839709427262
T103	11.544225470989197	11.544225470989197
T103	10.719907028924052	10.719907028924052
T103	10.87965180067598	10.87965180067598
T103	10.915280966773913	10.915280966773913
T103	11.393673301675955	11.393673301675955
T103	11.211140685502084	11.211140685502084
T104	21.014792925461443	21.014792925461443
T105	21.116282542498542	21.116282542498542
T105	21.080935532123615	21.080935532123615
T105	18.8577199464864	18.8577199464864
T105	20.400733414945844	20.400733414945844
T105	18.83656566779304	18.83656566779304
T105	19.222580172254567	19.222580172254567
T105	18.392052426585767	18.392052426585767
T105	19.368747198717767	19.368747198717767
T105	18.199358560464304	18.199358560464304
T105	19.347574385954974	19.347574385954974
T105	20.384902996439695	20.384902996439695
T105	20.2794031517998	20.2794031517998
T105	19.355586331346593	19.355586331346593
T105	17.83037507394502	17.83037507394502
T105	20.180715780846025	20.180715780846025
T105	18.946025610109572	18.946025610109572
T105	19.253593665038682	19.253593665038682
T105	18.958038624753947	18.958038624753947
T105	18.630206319169414	18.630206319169414
T105	18.719241644576343	18.719241644576343
T105	19.42194304217199	19.42194304217199
T105	18.57485266272184	18.57485266272184
T105	18.91851907949273	18.91851907949273
T105	17.755451252604775	17.755451252604775
T105	19.193854557267688	19.193854557267688
T105	20.053857008980955	20.053857008980955
T105	18.828604713738557	18.828604713738557
T105	17.757854730969722	17.757854730969722
T105	18.282936396891188	18.282936396891188
T105	20.13256800019346	20.13256800019346
T105	19.47169776862866	19.47169776862866
T106	19.94641305122751	19.94641305122751
T106	18.7042341107973	18.7042341107973
T106	16.78594172120885	16.78594172120885
T106	18.763090980903677	18.763090980903677
T106	19.99692279800995	19.99692279800995
T106	17.247920262944913	17.247920262944913
T106	17.034891622887276	17.034891622887276
T106	17.550866076041263	17.550866076041263
T106	19.628575027265885	19.628575027265885
T106	18.974485832862733	18.974485832862733
T106	17.954547567079917	17.954547567079917
T106	19.15402822090674	19.15402822090674
T106	18.871978098104215	18.871978098104215
T106	18.107957734694264	18.107957734694264
T106	16.62138532019056	16.62138532019056
T106	16.474873454610684	16.474873454610684
T106	17.609213918335424	17.609213918335424
T106	17.8434128673421	17.8434128673421
T106	17.65601658316678	17.65601658316678
T106	17.985845591428852	17.985845591428852
T106	20.330968217597075	20.330968217597075
T106	20.32168296835579	20.32168296835579
T106	19.47520993441422	19.47520993441422
T106	15.16291841664456	15.16291841664456
T106	14.723133934557469	14.723133934557469
T106	15.429412050143592	15.429412050143592
T106	14.737888674083706	14.737888674083706
T107	20.702863954731278	20.702863954731278
T107	20.505967659806906	20.505967659806906
T107	20.51461292810693	20.51461292810693
T107	20.490714937854293	20.490714937854293
T107	18.328763642965956	18.328763642965956
T107	19.379470343551187	19.379470343551187
T107	16.610749020617334	16.610749020617334
T107	20.10635725867455	20.10635725867455
T107	17.104211133593676	17.104211133593676
T107	18.323088735419088	18.323088735419088
T107	18.509163457068947	18.509163457068947
T107	18.005865665828885	18.005865665828885
T107	20.237598524949938	20.237598524949938
T107	19.927158360386297	19.927158360386297
T107	16.185031267247	16.185031267247
T107	17.1615982828239	17.1615982828239
T107	17.554271677499113	17.554271677499113
T107	17.019441773922534	17.019441773922534
T107	16.487155591488015	16.487155591488015
T107	19.88962646636961	19.88962646636961
T107	18.594685356615507	18.594685356615507
T107	16.780281579839915	16.780281579839915
T107	19.913732758456973	19.913732758456973
T107	19.50545393100251	19.50545393100251
T107	19.234369422147772	19.234369422147772
T107	18.36287556603306	18.36287556603306
T107	16.11100747931552	16.11100747931552
T107	18.489494811635378	18.489494811635378
T107	17.095871292404915	17.095871292404915
T107	20.082246275314557	20.082246275314557
T107	14.686095205844133	14.686095205844133
T108	20.63882650297344	20.63882650297344
T108	19.011910182194068	19.011910182194068
T108	19.966428924022438	19.966428924022438
T108	20.117748446138744	20.117748446138744
T108	19.59209887329009	19.59209887329009
T108	19.27389143127433	19.27389143127433
T108	19.37638506083117	19.37638506083117
T109	19.558042342619714	19.558042342619714
T109	18.997062697498134	18.997062697498134
T109	19.556789599645267	19.556789599645267
T109	16.416817338896617	16.416817338896617
T109	19.264447719107377	19.264447719107377
T109	17.45759543530376	17.45759543530376
T109	19.032431340921303	19.032431340921303
T109	20.319627382933692	20.319627382933692
T109	16.11412732277207	16.11412732277207
T110	20.553335363184267	20.553335363184267
T110	19.84565043936724	19.84565043936724
T110	19.010455527689537	19.010455527689537
T110	16.222106232349958	16.222106232349958
T110	16.7007198442113	16.7007198442113
T110	16.36322098415879	16.36322098415879
T110	17.97419741572715	17.97419741572715
T110	18.46025355125454	18.46025355125454
T110	17.830559896980397	17.830559896980397
T110	20.06134553577937	20.06134553577937
T110	16.277735230804673	16.277735230804673
T110	16.04822758415494	16.04822758415494
T110	16.2955783476152	16.2955783476152
T110	20.28036540378448	20.28036540378448
T110	18.34008378213369	18.34008378213369
T110	16.650837056381675	16.650837056381675
T110	16.088217741798726	16.088217741798726
T110	17.137340727892195	17.137340727892195
T110	17.463656994337395	17.463656994337395
T110	16.78478421956044	16.78478421956044
T110	18.218594815593793	18.218594815593793
T110	17.084139554392245	17.084139554392245
T110	18.064615585441835	18.064615585441835
T110	17.298466958998183	17.298466958998183
T110	18.513067923897715	18.513067923897715
T110	15.053393867211769	15.053393867211769
T110	15.35476030874168	15.35476030874168
T110	15.537713861510873	15.537713861510873
T110	14.966408085283858	14.966408085283858
T110	12.951478712856	12.951478712856
T110	13.818378229806598	13.818378229806598
T110	13.772378750566297	13.772378750566297
T110	13.000237419201005	13.000237419201005
T111	20.723685161971865	20.723685161971865
T111	18.3032475097474	18.3032475097474
T111	18.38274122840388	18.38274122840388
T111	19.580498581357585	19.580498581357585
T111	20.081963456703832	20.081963456703832
T111	16.052096754294325	16.052096754294325
T111	17.01550777564532	17.01550777564532
T111	16.914674177366177	16.914674177366177
T111	17.487893757230477	17.487893757230477
T111	18.67938284027748	18.67938284027748
T111	19.415312776528438	19.415312776528438
T111	16.85270263041234	16.85270263041234
T111	20.19328817002438	20.19328817002438
T111	19.989870017519337	19.989870017519337
T111	17.46168659285296	17.46168659285296
T111	19.03880953393428	19.03880953393428
T111	17.32746982571109	17.32746982571109
T111	17.625528112088155	17.625528112088155
T111	17.71147741707758	17.71147741707758
T111	19.84130765289151	19.84130765289151
T111	17.640648978041835	17.640648978041835
T111	19.925439640764804	19.925439640764804
T111	18.678609298986714	18.678609298986714
T111	18.63986476567908	18.63986476567908
T111	18.395493307040148	18.395493307040148
T111	18.481283837056132	18.481283837056132
T111	17.33193844989013	17.33193844989013
T111	19.516117359574473	19.516117359574473
T111	18.952124244747246	18.952124244747246
T111	19.228263961391516	19.228263961391516
T111	20.151378855807323	20.151378855807323
T111	18.11017966015594	18.11017966015594
T111	18.41919720639861	18.41919720639861
T111	16.485435945433586	16.485435945433586
T111	20.037619622408148	20.037619622408148
T111	15.72938272700159	15.72938272700159
T111	15.932035002728385	15.932035002728385
T111	15.54816287698795	15.54816287698795
T112	16.702069379961394	16.702069379961394
T112	16.556612282201876	16.556612282201876
T112	17.057793728590326	17.057793728590326
T112	16.259244089835246	16.259244089835246
T112	18.394305483708056	18.394305483708056
T112	19.43112411833867	19.43112411833867
T112	20.175234014098926	20.175234014098926
T112	16.076737262986104	16.076737262986104
T112	17.089759888529613	17.089759888529613
T112	18.575979332311395	18.575979332311395
T112	17.83999125517779	17.83999125517779
T112	20.024548311552024	20.024548311552024
T112	19.635930287349883	19.635930287349883
T112	19.516028404796874	19.516028404796874
T112	19.273523522719138	19.273523522719138
T112	18.43988727898074	18.43988727898074
T112	16.327397629234177	16.327397629234177
T112	17.642402498214445	17.642402498214445
T112	16.83821981415423	16.83821981415423
T112	16.7652584963978	16.7652584963978
T112	16.527130506787678	16.527130506787678
T112	19.36386375377236	19.36386375377236
T112	16.51780930373059	16.51780930373059
T112	14.25041288705672	14.25041288705672
T112	14.006047824349292	14.006047824349292
T112	14.969542321242903	14.969542321242903
T112	14.642420115495618	14.642420115495618
T112	15.877604266411257	15.877604266411257
T112	15.763591021091335	15.763591021091335
T112	13.660842659069017	13.660842659069017
T113	20.532395504846683	20.532395504846683
T113	19.632778087540512	19.632778087540512
T113	17.45658819062064	17.45658819062064
T113	16.739712599400043	16.739712599400043
T113	19.479715212208905	19.479715212208905
T113	17.91202603140372	17.91202603140372
T113	18.233055276340757	18.233055276340757
T113	18.694800752271064	18.694800752271064
T113	17.994982288142964	17.994982288142964
T113	15.991107473687027	15.991107473687027
T113	19.993715233048793	19.993715233048793
T113	15.143862587493093	15.143862587493093
T113	15.10639874306909	15.10639874306909
T113	13.615028703799464	13.615028703799464
T113	13.692535830384726	13.692535830384726
T114	20.445682219938206	20.445682219938206
T114	20.680719041551804	20.680719041551804
T114	17.91727489557044	17.91727489557044
T114	18.16930716930881	18.16930716930881
T114	18.400272201229214	18.400272201229214
T114	16.765904724356993	16.765904724356993
T114	16.949678866231167	16.949678866231167
T114	17.74401955256074	17.74401955256074
T114	17.81302902772542	17.81302902772542
T114	19.69868954091166	19.69868954091166
T114	16.262696218297727	16.262696218297727
T114	17.089909747362576	17.089909747362576
T114	17.65246929310585	17.65246929310585
T114	15.980652317975554	15.980652317975554
T114	19.80833842255713	19.80833842255713
T114	19.535599435420558	19.535599435420558
T114	17.1579963874724	17.1579963874724
T114	15.384705836719506	15.384705836719506
T114	14.867031301940528	14.867031301940528
T114	15.963716747205705	15.963716747205705
T114	15.302113838793163	15.302113838793163
T114	15.929807404932408	15.929807404932408
T115	19.68551687512614	19.68551687512614
T115	18.656297419160055	18.656297419160055
T115	17.723764585158083	17.723764585158083
T115	20.170520002332644	20.170520002332644
T115	17.37355873405535	17.37355873405535
T115	15.831790634511364	15.831790634511364
T116	20.259476245975623	20.259476245975623
T116	18.76342987861362	18.76342987861362
T116	18.968346298036256	18.968346298036256
T116	20.365333469918124	20.365333469918124
T116	19.55487541923991	19.55487541923991
T116	16.366020455774745	16.366020455774745
T116	17.972746130924712	17.972746130924712
T116	18.396307527780912	18.396307527780912
T116	17.964872059679657	17.964872059679657
T116	17.550135399084237	17.550135399084237
T116	19.591652556421455	19.591652556421455
T116	16.39276722805068	16.39276722805068
T116	19.325241552618927	19.325241552618927
T116	14.465778191453937	14.465778191453937
T116	15.91902684999791	15.91902684999791
T116	14.614704843977686	14.614704843977686
T116	15.276890166787826	15.276890166787826
T117	19.049644539351785	19.049644539351785
T117	17.26188102781515	17.26188102781515
T117	18.6916331704891	18.6916331704891
T117	19.89814435377472	19.89814435377472
T117	16.055146542121214	16.055146542121214
T117	20.072895974442243	20.072895974442243
T117	16.416452719976753	16.416452719976753
T117	17.201996907543183	17.201996907543183
T117	19.069465921322422	19.069465921322422
T117	16.655853362694128	16.655853362694128
T117	17.902130821491127	17.902130821491127
T117	16.14364189061282	16.14364189061282
T117	17.791915966960453	17.791915966960453
T117	17.695947185809132	17.695947185809132
T117	18.69433409484739	18.69433409484739
T117	16.366796926717626	16.366796926717626
T117	18.028159304175066	18.028159304175066
T117	18.464240416974334	18.464240416974334
T117	18.93381014316032	18.93381014316032
T117	19.072474676385376	19.072474676385376
T117	17.027148655572823	17.027148655572823
T117	13.56269347346303	13.56269347346303
T117	13.306919821718427	13.306919821718427
T117	12.889152499179847	12.889152499179847
T117	12.341495300316057	12.341495300316057
T117	12.363218727573217	12.363218727573217
T117	13.750511689559692	13.750511689559692
T118	17.771902452278894	17.771902452278894
T118	20.156146060514008	20.156146060514008
T118	19.00285151678658	19.00285151678658
T118	14.980575256790905	14.980575256790905
T118	7.282662550726905	7.282662550726905
T118	10.066398731826995	10.066398731826995
T118	7.00639802013078	7.00639802013078
T118	0.0	0.0
T119	17.170506694518238	17.170506694518238
T119	19.89856283740301	19.89856283740301
T119	16.38252688522799	16.38252688522799
T119	17.23729700556614	17.23729700556614
T119	19.457236491372058	19.457236491372058
T119	16.06566756992742	16.06566756992742
T119	17.779028646453945	17.779028646453945
T119	18.834336249847397	18.834336249847397
T119	16.02374227501752	16.02374227501752
T119	16.008720965250276	16.008720965250276
T119	16.158765742120714	16.158765742120714
T119	19.348952143666153	19.348952143666153
T119	7.781844577944625	7.781844577944625
T119	7.318927528585037	7.318927528585037
T119	8.417679592988145	8.417679592988145
T119	9.833209376036775	9.833209376036775
T119	0.0	0.0
T120	19.68764637903003	19.68764637903003
T120	20.047670231619232	20.047670231619232
T120	18.470704902907077	18.470704902907077
T120	18.997061079833394	18.997061079833394
T120	20.14955754286923	20.14955754286923
T120	20.302483291744988	20.302483291744988
T120	19.96224644724276	19.96224644724276
T120	19.415238735810092	19.415238735810092
T120	20.01480453844475	20.01480453844475
T120	18.448882792863596	18.448882792863596
T120	19.319281529584746	19.319281529584746
T120	18.365254632214103	18.365254632214103
T121	20.68603213011859	20.68603213011859
T121	19.91835336667914	19.91835336667914
T121	16.8838598860669	16.8838598860669
T121	16.682958621198168	16.682958621198168
T121	17.63726131645525	17.63726131645525
T121	16.45206450680053	16.45206450680053
T121	17.02374151279214	17.02374151279214
T121	16.28736141480141	16.28736141480141
T121	17.02577458748013	17.02577458748013
T121	17.88962718009934	17.88962718009934
T121	20.145725559515576	20.145725559515576
T121	18.82074765262308	18.82074765262308
T121	18.474053065003183	18.474053065003183
T121	20.174552418375303	20.174552418375303
T121	18.529228709172266	18.529228709172266
T121	19.133394297460406	19.133394297460406
T121	18.909224280642988	18.909224280642988
T121	20.14574075805256	20.14574075805256
T121	17.67792967183017	17.67792967183017
T121	18.934226177301422	18.934226177301422
T121	14.673919205765962	14.673919205765962
T121	15.434451612981357	15.434451612981357
T122	17.847317092458734	17.847317092458734
T122	19.983386395374225	19.983386395374225
T122	16.45181470898938	16.45181470898938
T122	18.916099806070473	18.916099806070473
T122	16.76962352236727	16.76962352236727
T122	19.93628361823687	19.93628361823687
T122	16.971339354483163	16.971339354483163
T122	16.49241625022654	16.49241625022654
T122	18.17107217595506	18.17107217595506
T122	19.51799048949574	19.51799048949574
T122	17.01467629594361	17.01467629594361
T122	20.06442949121752	20.06442949121752
T122	19.476971066205913	19.476971066205913
T122	19.913207290928515	19.913207290928515
T122	17.130567627902437	17.130567627902437
T122	18.34573703447545	18.34573703447545
T122	19.08171467426083	19.08171467426083
T122	16.882839597859416	16.882839597859416
T122	16.14755898161786	16.14755898161786
T122	17.32696123901003	17.32696123901003
T122	17.90327813694374	17.90327813694374
T122	20.435020436735087	20.435020436735087
T122	18.41712475622009	18.41712475622009
T122	18.587390895204273	18.587390895204273
T122	15.6324965022124	15.6324965022124
T122	14.152869671752185	14.152869671752185
T122	15.153924371332204	15.153924371332204
T122	14.24852843698107	14.24852843698107
T122	12.129910472735641	12.129910472735641
T122	13.78587328210573	13.78587328210573
T122	12.091851261858242	12.091851261858242
T123	17.389492648955056	17.389492648955056
T123	18.842709558132814	18.842709558132814
T123	18.599659802975278	18.599659802975278
T123	20.27182714741635	20.27182714741635
T123	20.16874001629945	20.16874001629945
T123	19.294933079148656	19.294933079148656
T123	18.587007132165205	18.587007132165205
T123	18.219287592759	18.219287592759
T123	14.946391093828277	14.946391093828277
T123	14.632871926870138	14.632871926870138
T123	15.504079019596052	15.504079019596052
T123	14.458720085337857	14.458720085337857
T124	20.319580870405538	20.319580870405538
T124	20.285174539977863	20.285174539977863
T125	16.38405853319627	16.38405853319627
T125	17.42695643886219	17.42695643886219
T125	17.117096480631446	17.117096480631446
T125	16.58249246506722	16.58249246506722
T125	17.551745398047853	17.551745398047853
T125	14.648546504794739	14.648546504794739
T125	12.127248777697398	12.127248777697398
T125	9.809808191533676	9.809808191533676
T125	8.300968777982407	8.300968777982407
T125	8.358059896232096	8.358059896232096
T125	8.67311975409644	8.67311975409644
T125	9.288123325818646	9.288123325818646
T125	0.01522789843440793	0.01522789843440793
T125	0.0	0.0
T126	17.868652992621385	17.868652992621385
T126	17.77522201278387	17.77522201278387
T126	18.37560044116886	18.37560044116886
T126	17.36058408853136	17.36058408853136
T126	16.29115029051242	16.29115029051242
T126	19.31961099515273	19.31961099515273
T126	18.96601817102422	18.96601817102422
T126	17.075699588290362	17.075699588290362
T126	17.45988212193218	17.45988212193218
T126	20.329962984312004	20.329962984312004
T126	15.596218174216204	15.596218174216204
T126	14.437643210869528	14.437643210869528
T126	12.288366434622816	12.288366434622816
T126	11.65958175711102	11.65958175711102
T126	13.706454138646395	13.706454138646395
T126	8.391349868864712	8.391349868864712
T126	10.52441301322648	10.52441301322648
T126	11.348144937773537	11.348144937773537
T126	8.304045452672717	8.304045452672717
T126	11.292017677483232	11.292017677483232
T126	8.313243210396852	8.313243210396852
T126	8.046894986383197	8.046894986383197
T126	6.723386625267851	6.723386625267851
T126	5.516105205678892	5.516105205678892
T126	1.657697279294577	1.657697279294577
T126	1.6097778442409765	1.6097778442409765
T126	0.0	0.0
T127	17.52763078813329	17.52763078813329
T127	16.230197444180693	16.230197444180693
T127	16.494646618403603	16.494646618403603
T127	19.553067280851206	19.553067280851206
T127	20.249661279894312	20.249661279894312
T127	17.248427722322944	17.248427722322944
T127	17.862354574075066	17.862354574075066
T127	20.351457785494546	20.351457785494546
T127	19.933478153019614	19.933478153019614
T127	18.58669979029338	18.58669979029338
T127	18.683092270705895	18.683092270705895
T127	17.59023010412953	17.59023010412953
T127	17.87191247614099	17.87191247614099
T127	16.21823467076976	16.21823467076976
T127	17.534284038919882	17.534284038919882
T127	15.54417855316034	15.54417855316034
T127	14.966610948821401	14.966610948821401
T127	15.092321421804684	15.092321421804684
T128	20.47502172969395	20.47502172969395
T128	17.05671132983543	17.05671132983543
T128	16.957291949117327	16.957291949117327
T128	18.098326081450324	18.098326081450324
T128	20.332210186616653	20.332210186616653
T128	18.450327677190238	18.450327677190238
T128	17.018909452945543	17.018909452945543
T128	16.45213432663021	16.45213432663021
T128	16.931931661406896	16.931931661406896
T128	18.588524328388274	18.588524328388274
T128	16.739755006702836	16.739755006702836
T128	16.118564618788938	16.118564618788938
T128	18.109152604119707	18.109152604119707
T128	17.878016910142595	17.878016910142595
T128	15.262772848375562	15.262772848375562
T128	14.191944630228713	14.191944630228713
T128	15.36151036176934	15.36151036176934
T128	15.094884451694753	15.094884451694753
T128	12.459206911648291	12.459206911648291
T128	13.622676380362204	13.622676380362204
T128	13.602716391491509	13.602716391491509
T128	13.543349354750797	13.543349354750797
T128	12.596580265689493	12.596580265689493
T128	13.655646849491609	13.655646849491609
T128	8.736458286708217	8.736458286708217
T128	8.692847636938513	8.692847636938513
T128	8.571769433085898	8.571769433085898
T128	10.733376175917726	10.733376175917726
T128	7.426716292144204	7.426716292144204
T128	10.67952257435755	10.67952257435755
T128	10.322828737900629	10.322828737900629
T128	7.615678012276666	7.615678012276666
T128	7.597615876193871	7.597615876193871
T128	10.498073428010047	10.498073428010047
T128	10.117990378599817	10.117990378599817
T128	9.55523010467079	9.55523010467079
T128	11.392880404084888	11.392880404084888
T128	7.286460729163004	7.286460729163004
T128	8.621557531818533	8.621557531818533
T128	7.46641997248975	7.46641997248975
T128	9.643788757530913	9.643788757530913
T128	6.919362489667362	6.919362489667362
T128	4.958245995132522	4.958245995132522
T128	5.303576052849584	5.303576052849584
T128	2.385789921809753	2.385789921809753
T128	1.7327941034941827	1.7327941034941827
T128	1.5512511558323272	1.5512511558323272
T128	1.7417453772085032	1.7417453772085032
T128	0.24865611597811732	0.24865611597811732
T128	0.5235548426913761	0.5235548426913761
T128	0.0	0.0
T129	19.11244484388298	19.11244484388298
T129	19.08829619076871	19.08829619076871
T129	17.812432712222417	17.812432712222417
T129	20.323641895909155	20.323641895909155
T129	17.230078330768638	17.230078330768638
T129	19.558022136402	19.558022136402
T129	16.997503896073646	16.997503896073646
T129	19.718357724723475	19.718357724723475
T129	16.628292713174925	16.628292713174925
T129	18.233675110168143	18.233675110168143
T129	17.538454719336574	17.538454719336574
T129	18.46969342101742	18.46969342101742
T129	16.925759691496275	16.925759691496275
T129	19.82308578074661	19.82308578074661
T129	19.84832588062593	19.84832588062593
T129	19.661425069625185	19.661425069625185
T129	18.649526045446947	18.649526045446947
T129	20.017713146111838	20.017713146111838
T129	19.327472189866988	19.327472189866988
T129	16.878766075833397	16.878766075833397
T129	19.795427906497697	19.795427906497697
T129	16.45180392141075	16.45180392141075
T129	16.486463130715535	16.486463130715535
T129	17.193730622198878	17.193730622198878
T129	19.044198154663146	19.044198154663146
T129	18.224484520096983	18.224484520096983
T129	16.638338238697404	16.638338238697404
T129	16.312286580806003	16.312286580806003
T129	17.325697374616837	17.325697374616837
T129	19.112821185207494	19.112821185207494
T129	14.221843120326808	14.221843120326808
T129	15.01928686174108	15.01928686174108
T129	14.599719365176842	14.599719365176842
T129	14.966781694602862	14.966781694602862
T129	14.84821348396572	14.84821348396572
T129	12.41502390924351	12.41502390924351
T129	11.912558192211247	11.912558192211247
T129	12.132567569561616	12.132567569561616
T129	13.685381344794074	13.685381344794074
T129	13.812733036577637	13.812733036577637
T129	12.51479189144808	12.51479189144808
T129	13.085319520404246	13.085319520404246
T129	13.727304017782407	13.727304017782407
T129	9.016939674738003	9.016939674738003
T129	9.063092087266954	9.063092087266954
T129	8.871878532577856	8.871878532577856
T129	8.629986390123404	8.629986390123404
T129	7.386354010149539	7.386354010149539
T129	7.270261406972179	7.270261406972179
T129	8.858558069580823	8.858558069580823
T129	11.397841546004946	11.397841546004946
T129	11.622695874244334	11.622695874244334
T129	7.934719681545576	7.934719681545576
T129	9.754628520938054	9.754628520938054
T129	9.663776926875205	9.663776926875205
T129	10.571482285865116	10.571482285865116
T129	10.107944469339962	10.107944469339962
T129	10.860703433596575	10.860703433596575
T129	10.88235477568699	10.88235477568699
T129	10.47784141872827	10.47784141872827
T129	8.380866359418146	8.380866359418146
T129	5.923913001777603	5.923913001777603
T129	7.228397918434527	7.228397918434527
T129	5.845285721248194	5.845285721248194
T129	6.255319186417794	6.255319186417794
T129	4.5622085303465045	4.5622085303465045
T129	4.450507555804433	4.450507555804433
T129	3.8978989272824562	3.8978989272824562
T129	5.101488615537149	5.101488615537149
T129	5.117826833596511	5.117826833596511
T129	3.566148904770961	3.566148904770961
T129	3.3927169084484388	3.3927169084484388
T129	2.4799794820711987	2.4799794820711987
T129	1.2893165553812018	1.2893165553812018
T129	0.6946152472778464	0.6946152472778464
T129	0.0	0.0
T130	17.311951863977146	17.311951863977146
T130	16.408378436937074	16.408378436937074
T130	19.221099821655763	19.221099821655763
T130	16.75361436899381	16.75361436899381
T130	17.527495314715395	17.527495314715395
T130	17.240197964273325	17.240197964273325
T130	17.014884260037128	17.014884260037128
T130	19.932115137454606	19.932115137454606
T130	18.730845306549778	18.730845306549778
T130	20.342272499362196	20.342272499362196
T130	18.332014354153912	18.332014354153912
T130	16.698985601502667	16.698985601502667
T130	17.61704322995316	17.61704322995316
T131	18.63893669028249	18.63893669028249
T131	17.658354104760637	17.658354104760637
T131	18.06440055352502	18.06440055352502
T131	20.169229812742422	20.169229812742422
T131	18.160515095469552	18.160515095469552
T131	17.07260173958988	17.07260173958988
T131	18.344101974640715	18.344101974640715
T131	17.818357794139665	17.818357794139665
T131	17.70899637430497	17.70899637430497
T131	17.327282071674823	17.327282071674823
T131	17.073687725568742	17.073687725568742
T131	16.190317726806846	16.190317726806846
T131	19.84109256442295	19.84109256442295
T131	18.63868366382014	18.63868366382014
T131	16.891110940732684	16.891110940732684
T131	17.894833845474746	17.894833845474746
T131	16.116448868506435	16.116448868506435
T131	17.634857653841564	17.634857653841564
T131	17.833136981707238	17.833136981707238
T131	18.469443507449043	18.469443507449043
T131	15.758872978056118	15.758872978056118
T132	18.217534883228335	18.217534883228335
T132	16.614489094775987	16.614489094775987
T132	16.254344326237554	16.254344326237554
T132	17.200470237624916	17.200470237624916
T132	16.011533139475958	16.011533139475958
T132	15.971257201825217	15.971257201825217
T132	17.41293042102495	17.41293042102495
T132	19.734492279173722	19.734492279173722
T132	18.711291057861	18.711291057861
T132	20.386652004230047	20.386652004230047
T132	17.066155389534394	17.066155389534394
T132	16.795483460093095	16.795483460093095
T132	18.82559891509926	18.82559891509926
T132	18.99848580421992	18.99848580421992
T132	14.223369844800585	14.223369844800585
T132	13.109788212920986	13.109788212920986
T132	12.961553139851913	12.961553139851913
T132	12.108591111542642	12.108591111542642
T133	18.485146585332686	18.485146585332686
T133	17.235565712491727	17.235565712491727
T133	16.944024668460592	16.944024668460592
T133	18.09427414539656	18.09427414539656
T133	17.497309299777648	17.497309299777648
T133	17.04419992194324	17.04419992194324
T133	18.599838025934876	18.599838025934876
T133	18.725892950484194	18.725892950484194
T133	20.163217885498504	20.163217885498504
T133	19.786723767428875	19.786723767428875
T133	17.942884564771333	17.942884564771333
T133	18.250451344521977	18.250451344521977
T133	18.117412869409602	18.117412869409602
T133	17.664022281627677	17.664022281627677
T133	18.9964075554392	18.9964075554392
T133	17.455070524512575	17.455070524512575
T133	17.00163632402689	17.00163632402689
T133	17.361585404805542	17.361585404805542
T133	18.091587868242	18.091587868242
T133	17.111753956569355	17.111753956569355
T133	18.813871202161543	18.813871202161543
T133	17.76309949933089	17.76309949933089
T133	14.977783968536137	14.977783968536137
T133	15.140374086121154	15.140374086121154
T134	17.752421457847383	17.752421457847383
T134	17.46039765805321	17.46039765805321
T134	19.733239592800903	19.733239592800903
T134	20.24691297299095	20.24691297299095
T134	20.08611678305608	20.08611678305608
T134	17.969613542335622	17.969613542335622
T134	19.77065574022734	19.77065574022734
T134	20.11880246147819	20.11880246147819
T134	17.876914664792356	17.876914664792356
T134	20.33215580905281	20.33215580905281
T134	18.779504136603244	18.779504136603244
T134	20.411908742204005	20.411908742204005
T134	19.10427177586446	19.10427177586446
T134	18.355952811387446	18.355952811387446
T134	18.17857208017686	18.17857208017686
T134	19.989450089355266	19.989450089355266
T134	20.409533570509716	20.409533570509716
T134	18.794582904835092	18.794582904835092
T135	19.953462624329788	19.953462624329788
T135	20.011996163280678	20.011996163280678
T135	20.41385402838225	20.41385402838225
T135	19.252832178092532	19.252832178092532
T136	20.295373977580788	20.295373977580788
T136	18.037982408552594	18.037982408552594
T136	16.504799512181656	16.504799512181656
T136	16.34059509079044	16.34059509079044
T136	20.320509146295134	20.320509146295134
T136	20.065473945013384	20.065473945013384
T136	16.83353122864203	16.83353122864203
T136	18.563933512951788	18.563933512951788
T136	16.33563279999876	16.33563279999876
T136	16.73103916367865	16.73103916367865
T136	19.018206909590088	19.018206909590088
T136	16.55277981600728	16.55277981600728
T136	20.35794340522085	20.35794340522085
T136	18.832366502818783	18.832366502818783
T136	18.889786053424967	18.889786053424967
T136	18.21471282436621	18.21471282436621
T136	17.977109572968498	17.977109572968498
T136	16.646216573613856	16.646216573613856
T136	20.187571779836578	20.187571779836578
T136	18.01732106906651	18.01732106906651
T136	16.775763938735718	16.775763938735718
T136	18.13686826735968	18.13686826735968
T136	16.543014710840485	16.543014710840485
T136	16.50290940378538	16.50290940378538
T136	19.058110596198937	19.058110596198937
T136	16.521953617876864	16.521953617876864
T136	19.52609381791241	19.52609381791241
T136	16.894390397180906	16.894390397180906
T136	19.126085639618427	19.126085639618427
T136	16.74920872168857	16.74920872168857
T136	16.36707829571795	16.36707829571795
T136	17.004631482918743	17.004631482918743
T136	20.366345760297747	20.366345760297747
T136	15.403227627180177	15.403227627180177
T136	14.940956101324852	14.940956101324852
T136	15.503439272770446	15.503439272770446
T136	15.447819994986748	15.447819994986748
T136	15.949945462652302	15.949945462652302
T136	13.454548988212446	13.454548988212446
T136	12.94952492498801	12.94952492498801
T136	13.435132473499404	13.435132473499404
T136	13.46755336236883	13.46755336236883
T137	20.237574573306844	20.237574573306844
T137	15.990948354368088	15.990948354368088
T137	18.63681393113325	18.63681393113325
T137	19.152104544993115	19.152104544993115
T137	18.402231544197342	18.402231544197342
T137	19.87488691518361	19.87488691518361
T137	17.3387435091058	17.3387435091058
T137	17.035228278422117	17.035228278422117
T137	16.34188728610854	16.34188728610854
T137	18.791095312888217	18.791095312888217
T137	19.763708693832275	19.763708693832275
T137	18.925365437147608	18.925365437147608
T137	19.14327685702748	19.14327685702748
T137	18.748428560132425	18.748428560132425
T137	16.521610055649283	16.521610055649283
T137	16.347630126163914	16.347630126163914
T137	19.03297647092991	19.03297647092991
T137	20.379463742549458	20.379463742549458
T137	15.989849598428156	15.989849598428156
T137	16.42759843130258	16.42759843130258
T137	16.974866389279644	16.974866389279644
T137	19.12335493371673	19.12335493371673
T137	17.831800115434206	17.831800115434206
T137	14.133647270115477	14.133647270115477
T137	13.889096085335542	13.889096085335542
T137	13.890934817658902	13.890934817658902
T137	15.22036862351828	15.22036862351828
T137	14.181766912450428	14.181766912450428
T137	15.332860339113907	15.332860339113907
T137	13.025596787464389	13.025596787464389
T137	13.80252217697744	13.80252217697744
T137	13.507821540184109	13.507821540184109
T137	13.192561786152316	13.192561786152316
T137	12.185873321369577	12.185873321369577
T137	13.274010900478606	13.274010900478606
T137	10.979581848327559	10.979581848327559
T137	10.643468618645395	10.643468618645395
T137	7.272598148619135	7.272598148619135
T137	10.770756799561482	10.770756799561482
T137	7.968115388801277	7.968115388801277
T137	7.9621216348828945	7.9621216348828945
T137	11.49652016340399	11.49652016340399
T137	7.737994097156727	7.737994097156727
T137	8.604177878929114	8.604177878929114
T137	9.952287752282722	9.952287752282722
T137	10.6679944891039	10.6679944891039
T137	9.598563988549977	9.598563988549977
T137	8.00656777639481	8.00656777639481
T137	6.443265339374664	6.443265339374664
T137	6.42712356871872	6.42712356871872
T137	5.918715990448148	5.918715990448148
T137	5.6803402569914745	5.6803402569914745
T137	5.202572898149195	5.202572898149195
T137	2.478679827089447	2.478679827089447
T137	1.3563919057411442	1.3563919057411442
T137	1.2909947099502546	1.2909947099502546
T137	1.5201445044763806	1.5201445044763806
T137	1.783815624411257	1.783815624411257
T137	0.3883158738793962	0.3883158738793962
T137	0.0	0.0
T138	19.170913896671838	19.170913896671838
T138	16.54906531319071	16.54906531319071
T138	17.49127796872252	17.49127796872252
T138	19.647086974716743	19.647086974716743
T138	18.73275426053633	18.73275426053633
T138	19.99206409318392	19.99206409318392
T138	18.312510082636464	18.312510082636464
T138	17.551530131407006	17.551530131407006
T138	16.473203626333	16.473203626333
T138	20.251175017271834	20.251175017271834
T138	19.042547494175608	19.042547494175608
T138	17.386338825182982	17.386338825182982
T138	18.525759910173065	18.525759910173065
T138	18.806252803207954	18.806252803207954
T138	19.351996259635545	19.351996259635545
T138	19.033082309095295	19.033082309095295
T138	14.43737830921991	14.43737830921991
T138	14.477429566397545	14.477429566397545
T138	15.483740232235101	15.483740232235101
T139	20.038314612047806	20.038314612047806
T139	18.76025958488641	18.76025958488641
T139	18.636347482103663	18.636347482103663
T139	20.352779021040387	20.352779021040387
T139	19.018266133375498	19.018266133375498
T140	17.010600224276647	17.010600224276647
T140	17.36747364307037	17.36747364307037
T140	16.847483208455778	16.847483208455778
T140	16.256111345420784	16.256111345420784
T140	19.86005617504834	19.86005617504834
T140	17.24033541548166	17.24033541548166
T140	18.129989137248828	18.129989137248828
T140	18.391735312774887	18.391735312774887
T140	16.038163390102515	16.038163390102515
T140	18.316386559829436	18.316386559829436
T140	16.94605713139304	16.94605713139304
T140	17.472078462355192	17.472078462355192
T140	16.396495677358217	16.396495677358217
T140	17.969569572381406	17.969569572381406
T140	20.2254091689714	20.2254091689714
T140	17.336885733237825	17.336885733237825
T140	17.37865644830746	17.37865644830746
T140	19.282865450191622	19.282865450191622
T140	17.484320359300533	17.484320359300533
T140	19.974948517495672	19.974948517495672
T140	16.024944371470674	16.024944371470674
T140	15.301897526945217	15.301897526945217
T140	15.263265140900144	15.263265140900144
T141	17.982738296308774	17.982738296308774
T141	17.844316132857365	17.844316132857365
T141	17.253022726954555	17.253022726954555
T141	20.113602779605017	20.113602779605017
T141	18.822171233084195	18.822171233084195
T141	17.720559413561	17.720559413561
T141	19.524800877828188	19.524800877828188
T141	17.27364094628726	17.27364094628726
T141	19.277814860421955	19.277814860421955
T141	19.52548286549863	19.52548286549863
T141	20.291450215642087	20.291450215642087
T141	19.84119816923686	19.84119816923686
T141	16.971291758839918	16.971291758839918
T141	19.44199494964794	19.44199494964794
T141	16.84747117728037	16.84747117728037
T141	16.27102021436376	16.27102021436376
T141	16.13472585469526	16.13472585469526
T141	19.14087467013063	19.14087467013063
T141	16.17126942860021	16.17126942860021
T141	15.924706636217234	15.924706636217234
T141	14.309089769344231	14.309089769344231
T141	13.04839323698446	13.04839323698446
T141	12.048501196999844	12.048501196999844
T141	12.128024576588288	12.128024576588288
T141	11.48559159662804	11.48559159662804
T141	11.594332096099592	11.594332096099592
T142	17.40554091515726	17.40554091515726
T142	20.093173273723032	20.093173273723032
T142	20.302367116305728	20.302367116305728
T142	16.02044420644574	16.02044420644574
T142	16.07438552271355	16.07438552271355
T142	18.9570954445449	18.9570954445449
T142	16.796415028965047	16.796415028965047
T142	18.341213708166244	18.341213708166244
T142	19.358313115485892	19.358313115485892
T142	16.907649171202	16.907649171202
T142	20.07413764849707	20.07413764849707
T142	16.793382470649867	16.793382470649867
T142	17.95713901484061	17.95713901484061
T142	17.132392029548367	17.132392029548367
T142	17.625651045044098	17.625651045044098
T142	16.3980853850206	16.3980853850206
T142	17.61744684312979	17.61744684312979
T142	17.124733078328745	17.124733078328745
T142	17.936572295023325	17.936572295023325
T142	16.739612953324663	16.739612953324663
T142	16.305593098691908	16.305593098691908
T142	18.55722867827512	18.55722867827512
T142	16.63033062220895	16.63033062220895
T142	20.13049504814586	20.13049504814586
T142	16.245042062629594	16.245042062629594
T142	16.10385611547187	16.10385611547187
T142	18.806267788186727	18.806267788186727
T142	18.562724409514114	18.562724409514114
T142	16.75683852868876	16.75683852868876
T142	19.790119424351886	19.790119424351886
T142	14.054667557964109	14.054667557964109
T142	13.224511052766891	13.224511052766891
T142	12.134318339423723	12.134318339423723
T142	11.967351357149633	11.967351357149633
T142	11.988222721258188	11.988222721258188
T142	13.341378622694188	13.341378622694188
T142	13.492821436434712	13.492821436434712
T142	11.649475275096222	11.649475275096222
T142	10.429241166940418	10.429241166940418
T142	11.203877239776299	11.203877239776299
T142	10.829787493016259	10.829787493016259
T142	11.261743951556218	11.261743951556218
T142	11.257572163610607	11.257572163610607
T142	10.834704720533638	10.834704720533638
T142	10.389744720170683	10.389744720170683
T143	17.501789333759582	17.501789333759582
T143	15.993227712136944	15.993227712136944
T143	17.1454130414498	17.1454130414498
T143	17.007607940791	17.007607940791
T143	16.991556664534382	16.991556664534382
T143	18.136579190880006	18.136579190880006
T143	17.112533514061226	17.112533514061226
T143	17.129644560478646	17.129644560478646
T143	20.1500753642406	20.1500753642406
T143	17.213040716507283	17.213040716507283
T143	19.49091319368431	19.49091319368431
T143	16.16389503813817	16.16389503813817
T143	18.093758868998563	18.093758868998563
T143	17.418618882297753	17.418618882297753
T143	18.85658904919589	18.85658904919589
T143	17.504869881531864	17.504869881531864
T143	17.69513225186139	17.69513225186139
T143	19.414899261617478	19.414899261617478
T143	16.450976492299674	16.450976492299674
T143	19.47144235682489	19.47144235682489
T143	14.718935394294586	14.718935394294586
T143	14.568493920020124	14.568493920020124
T143	15.756820103167106	15.756820103167106
T143	12.089344481819587	12.089344481819587
T143	13.525829834913752	13.525829834913752
T144	20.251797533811853	20.251797533811853
T144	19.404444233171738	19.404444233171738
T145	19.98509538525428	19.98509538525428
T145	16.342311192122956	16.342311192122956
T145	17.42622932761955	17.42622932761955
T145	19.87938707481653	19.87938707481653
T145	15.996987192505909	15.996987192505909
T146	20.09321584351666	20.09321584351666
T146	18.779686325955193	18.779686325955193
T146	19.743303421976822	19.743303421976822
T146	20.023785324574987	20.023785324574987
T146	18.096632221122707	18.096632221122707
T146	16.85282199391085	16.85282199391085
T146	19.155433081466796	19.155433081466796
T146	17.67329579154503	17.67329579154503
T146	16.62280513074939	16.62280513074939
T146	16.022004339967168	16.022004339967168
T146	16.401090948913954	16.401090948913954
T146	17.26493523336891	17.26493523336891
T146	18.133346611001535	18.133346611001535
T146	15.00724819833627	15.00724819833627
T146	15.870605834277992	15.870605834277992
T146	14.021151961116287	14.021151961116287
T146	14.794777854274496	14.794777854274496
T146	13.731209362638587	13.731209362638587
T146	13.445831817232918	13.445831817232918
T147	17.24413911655333	17.24413911655333
T147	19.586771674383726	19.586771674383726
T147	18.20728272634828	18.20728272634828
T147	16.92272959697948	16.92272959697948
T147	19.2303082807217	19.2303082807217
T147	20.166681257372993	20.166681257372993
T147	18.077206261083717	18.077206261083717
T147	18.090378983338333	18.090378983338333
T147	19.330987290432613	19.330987290432613
T147	16.2862337297323	16.2862337297323
T147	17.237794365096697	17.237794365096697
T147	19.92987978124586	19.92987978124586
T147	19.287301383076606	19.287301383076606
T147	18.002391825696492	18.002391825696492
T147	18.119068990430232	18.119068990430232
T147	18.063145305000376	18.063145305000376
T147	18.42572651706117	18.42572651706117
T147	18.277372434748134	18.277372434748134
T147	17.67227029764019	17.67227029764019
T147	19.368044035680615	19.368044035680615
T147	16.566283110738166	16.566283110738166
T147	20.153819186042554	20.153819186042554
T147	17.775674201266945	17.775674201266945
T147	16.732876576413844	16.732876576413844
T147	16.118670503809188	16.118670503809188
T147	17.872612570228558	17.872612570228558
T147	19.34771238842072	19.34771238842072
T147	14.428820138001148	14.428820138001148
T147	14.372989589817195	14.372989589817195
T147	14.393300176622828	14.393300176622828
T147	15.138888150306196	15.138888150306196
T147	14.574500779164017	14.574500779164017
T147	13.681643292251978	13.681643292251978
T147	13.662400069943262	13.662400069943262
T147	12.700864703738002	12.700864703738002
T148	19.2103575273958	19.2103575273958
T148	19.055773745219724	19.055773745219724
T148	19.668287081371194	19.668287081371194
T148	19.757543490139607	19.757543490139607
T148	19.8188024582173	19.8188024582173
T148	17.91438630599071	17.91438630599071
T148	18.92705679703097	18.92705679703097
T148	19.64429861663348	19.64429861663348
T148	18.227081811888134	18.227081811888134
T148	19.16239536573842	19.16239536573842
T148	19.11281796154949	19.11281796154949
T148	18.320044098034558	18.320044098034558
T149	18.790688157365434	18.790688157365434
T149	16.019760164334837	16.019760164334837
T149	19.73114694154336	19.73114694154336
T149	19.35416998988926	19.35416998988926
T149	20.19090180103669	20.19090180103669
T149	16.81123309239733	16.81123309239733
T149	16.552980429338483	16.552980429338483
T149	16.13318785130381	16.13318785130381
T149	17.557689582623116	17.557689582623116
T149	19.040688039331528	19.040688039331528
T149	17.346408910250435	17.346408910250435
T149	16.980604322215594	16.980604322215594
T149	16.35236078318293	16.35236078318293
T149	17.124250019190807	17.124250019190807
T149	17.927807436754854	17.927807436754854
T149	16.558188823068715	16.558188823068715
T149	20.273442513068503	20.273442513068503
T149	19.208833836620148	19.208833836620148
T150	19.02791659381575	19.02791659381575
T150	18.43314505874201	18.43314505874201
T150	17.482485995638868	17.482485995638868
T150	19.952875173647485	19.952875173647485
T150	17.922476206765097	17.922476206765097
T150	16.895752080204755	16.895752080204755
T150	18.858075182826326	18.858075182826326
T150	16.259883935856713	16.259883935856713
T150	19.958143933745642	19.958143933745642
T150	16.32502513452182	16.32502513452182
T150	18.474484835038965	18.474484835038965
T150	17.390679681246297	17.390679681246297
T150	18.315342168826636	18.315342168826636
T150	15.96621998958816	15.96621998958816
T150	15.486628731509567	15.486628731509567
T150	13.465920628369984	13.465920628369984
T150	13.484039853306177	13.484039853306177
T151	16.210530568851492	16.210530568851492
T151	17.775459593974315	17.775459593974315
T151	19.15001920803565	19.15001920803565
T151	19.60084510876409	19.60084510876409
T151	17.972529067787832	17.972529067787832
T151	17.396702221949024	17.396702221949024
T152	16.89895627560512	16.89895627560512
T152	18.381923864680633	18.381923864680633
T152	17.38917076170861	17.38917076170861
T152	16.310227476340717	16.310227476340717
T152	16.65783761452357	16.65783761452357
T152	18.543019831371524	18.543019831371524
T153	17.63317109187735	17.63317109187735
T153	19.96024442094263	19.96024442094263
T153	19.399996247947847	19.399996247947847
T153	16.739188483244668	16.739188483244668
T153	17.26018865379239	17.26018865379239
T153	18.393538037468886	18.393538037468886
T153	18.69201941550179	18.69201941550179
T153	17.512014719939025	17.512014719939025
T153	18.094423552583862	18.094423552583862
T153	17.421568263521678	17.421568263521678
T153	19.53009758408677	19.53009758408677
T153	18.372028933505476	18.372028933505476
T153	16.888292063903677	16.888292063903677
T153	11.721844576647499	11.721844576647499
T153	12.63198810651283	12.63198810651283
T153	12.07619362714241	12.07619362714241
T153	8.197769344134201	8.197769344134201
T153	11.112932206363025	11.112932206363025
T153	8.513062251056622	8.513062251056622
T153	7.955954213200251	7.955954213200251
T153	11.595725070425539	11.595725070425539
T153	11.069398652917664	11.069398652917664
T153	8.311087050368743	8.311087050368743
T153	7.341117588081068	7.341117588081068
T153	9.831010140242538	9.831010140242538
T153	10.947134688928884	10.947134688928884
T153	10.135757327322704	10.135757327322704
T153	8.223417341218777	8.223417341218777
T153	9.697764905002641	9.697764905002641
T153	6.668594960816737	6.668594960816737
T153	6.049108525363717	6.049108525363717
T153	6.734816375339835	6.734816375339835
T153	7.07905572716915	7.07905572716915
T153	2.7954541945608313	2.7954541945608313
T153	1.0852910194958532	1.0852910194958532
T153	1.3630515401413033	1.3630515401413033
T153	0.0	0.0
T154	17.34748467952919	17.34748467952919
T154	20.05608000661825	20.05608000661825
T154	18.95100677569796	18.95100677569796
T154	16.204453696187866	16.204453696187866
T154	18.15526177515982	18.15526177515982
T154	17.91764029729306	17.91764029729306
T154	19.219273070392823	19.219273070392823
T154	15.298701260223732	15.298701260223732
T154	13.378606970943093	13.378606970943093
T154	11.342867134100928	11.342867134100928
T155	20.028385986902965	20.028385986902965
T155	20.11633527388543	20.11633527388543
T155	19.69580561588026	19.69580561588026
T157	17.19252664665358	17.19252664665358
T157	16.659749898043298	16.659749898043298
T157	17.907757483322907	17.907757483322907
T157	17.06390664381225	17.06390664381225
T157	17.748455580168123	17.748455580168123
T157	19.932900909869993	19.932900909869993
T157	19.13036261230305	19.13036261230305
T157	16.827945471492885	16.827945471492885
T157	17.913208244371596	17.913208244371596
T157	17.30433646359835	17.30433646359835
T157	19.08565629736892	19.08565629736892
T157	16.431206413852316	16.431206413852316
T157	16.114691997003778	16.114691997003778
T157	19.73792213413449	19.73792213413449
T157	18.65320282949368	18.65320282949368
T157	18.056529901747467	18.056529901747467
T157	18.07131723763996	18.07131723763996
T157	18.73697834916217	18.73697834916217
T157	16.909258080649774	16.909258080649774
T157	17.138887525343367	17.138887525343367
T157	17.31456948947096	17.31456948947096
T157	19.54544377148653	19.54544377148653
T157	19.204079317860337	19.204079317860337
T157	16.306347346409773	16.306347346409773
T157	18.874883423631488	18.874883423631488
T157	16.74752737983309	16.74752737983309
T157	19.371959910673237	19.371959910673237
T157	17.611376371874282	17.611376371874282
T157	18.214811991121234	18.214811991121234
T157	17.294169289068986	17.294169289068986
T157	16.08053777408068	16.08053777408068
T157	14.420144959614861	14.420144959614861
T157	15.451967091760165	15.451967091760165
T157	14.010292990986759	14.010292990986759
T157	14.856278977306165	14.856278977306165
T157	15.29027449565668	15.29027449565668
T157	14.536837720292306	14.536837720292306
T157	14.043625103673389	14.043625103673389
T157	13.34422104622964	13.34422104622964
T157	13.484166386963015	13.484166386963015
T157	13.59796922220772	13.59796922220772
T158	19.163773898951504	19.163773898951504
T158	17.48219527728518	17.48219527728518
T158	16.46592525849108	16.46592525849108
T158	17.11990486651505	17.11990486651505
T158	19.112696968656707	19.112696968656707
T158	17.84718078301707	17.84718078301707
T158	19.35539768373495	19.35539768373495
T158	16.11695812347364	16.11695812347364
T158	16.301175824040243	16.301175824040243
T158	18.510594868294348	18.510594868294348
T158	17.668717314506637	17.668717314506637
T158	17.177452773590787	17.177452773590787
T158	18.294223987064882	18.294223987064882
T158	17.37544047053134	17.37544047053134
T158	16.334461024335607	16.334461024335607
T158	17.396833875863237	17.396833875863237
T158	14.802669775231776	14.802669775231776
T158	14.625607685308752	14.625607685308752
T158	14.002172075696892	14.002172075696892
T159	18.18634166777591	18.18634166777591
T159	17.4639468692923	17.4639468692923
T159	17.488033277768793	17.488033277768793
T159	19.64741479985835	19.64741479985835
T159	19.491787263054164	19.491787263054164
T159	16.807598621032632	16.807598621032632
T159	18.422727004181603	18.422727004181603
T159	19.675612220977918	19.675612220977918
T159	18.68960866980892	18.68960866980892
T159	17.93946444234017	17.93946444234017
T159	17.36280013511396	17.36280013511396
T159	18.227037479357804	18.227037479357804
T159	19.059987022072963	19.059987022072963
T159	17.05739034081924	17.05739034081924
T159	18.67258723988587	18.67258723988587
T159	17.549797314316912	17.549797314316912
T159	18.10179364510493	18.10179364510493
T159	19.864489079929086	19.864489079929086
T159	19.11320075424234	19.11320075424234
T159	15.984213697266618	15.984213697266618
T159	17.36921155417333	17.36921155417333
T159	19.295561049682618	19.295561049682618
T159	16.75890999681238	16.75890999681238
T159	19.318011612155903	19.318011612155903
T159	18.676731313834857	18.676731313834857
T159	19.16284070317265	19.16284070317265
T159	18.252433797345855	18.252433797345855
T159	17.513082056953994	17.513082056953994
T159	17.841942839349528	17.841942839349528
T159	19.1812576874615	19.1812576874615
T159	16.829729671663827	16.829729671663827
T159	19.131828057263817	19.131828057263817
T159	17.381252163735944	17.381252163735944
T159	16.266816794193094	16.266816794193094
T159	16.018139414199887	16.018139414199887
T159	18.283674256967537	18.283674256967537
T159	14.579817749591259	14.579817749591259
T159	14.004953839752739	14.004953839752739
T159	14.0802236529423	14.0802236529423
T159	15.654196606325504	15.654196606325504
T159	14.000579286570238	14.000579286570238
T159	13.366490293856327	13.366490293856327
T159	13.514376564277924	13.514376564277924
T160	19.215721748584482	19.215721748584482
T160	19.810374888728138	19.810374888728138
T160	19.207881133987488	19.207881133987488
T160	18.753974219931028	18.753974219931028
T160	18.782463674224637	18.782463674224637
T160	19.03539473431889	19.03539473431889
T161	17.810241555705836	17.810241555705836
T161	19.197887411771813	19.197887411771813
T161	17.65914391211129	17.65914391211129
T161	19.316324122689103	19.316324122689103
T161	17.89339425870266	17.89339425870266
T161	19.60046225199198	19.60046225199198
T161	17.727969572664076	17.727969572664076
T161	19.34722591234828	19.34722591234828
T161	17.69982999651742	17.69982999651742
T161	16.665420601140973	16.665420601140973
T161	19.236406578032437	19.236406578032437
T161	16.074001794549563	16.074001794549563
T161	19.509076064707184	19.509076064707184
T161	16.232506273420977	16.232506273420977
T161	19.234901853720547	19.234901853720547
T161	16.73737133172952	16.73737133172952
T161	17.747397167146232	17.747397167146232
T161	18.354897192920244	18.354897192920244
T161	17.81174240799495	17.81174240799495
T161	13.911334945516632	13.911334945516632
T161	14.124880173994605	14.124880173994605
T161	15.754078123556267	15.754078123556267
T161	15.355052865066543	15.355052865066543
T161	13.328300899126411	13.328300899126411
T161	13.30079222888457	13.30079222888457
T161	10.73528329183073	10.73528329183073
T161	11.488498056151496	11.488498056151496
T161	10.988402580344845	10.988402580344845
T161	8.240407618169023	8.240407618169023
T161	7.974958618010268	7.974958618010268
T161	11.296190897427707	11.296190897427707
T161	11.43016955668469	11.43016955668469
T161	7.938710171512639	7.938710171512639
T161	8.544651700684469	8.544651700684469
T161	8.345677105275161	8.345677105275161
T161	9.620927533939513	9.620927533939513
T161	11.49208954097215	11.49208954097215
T161	10.353333520262519	10.353333520262519
T161	7.299656148043283	7.299656148043283
T161	7.275581084250821	7.275581084250821
T161	7.269819090761019	7.269819090761019
T161	7.153489505140855	7.153489505140855
T161	2.923615277487341	2.923615277487341
T161	3.2408676161403713	3.2408676161403713
T161	3.3204325686792417	3.3204325686792417
T161	1.099202070852592	1.099202070852592
T161	1.466653876565556	1.466653876565556
T161	0.7888020609293027	0.7888020609293027
T161	1.401881093831124	1.401881093831124
T161	0.8668068984015157	0.8668068984015157
T161	1.607519132544546	1.607519132544546
T161	0.7792563279935729	0.7792563279935729
T161	0.0	0.0
T162	16.769406753778817	16.769406753778817
T162	18.204171205878065	18.204171205878065
T162	18.841016870091952	18.841016870091952
T162	19.368616078207992	19.368616078207992
T162	19.577848292303635	19.577848292303635
T162	17.048926914964458	17.048926914964458
T162	18.040840685547856	18.040840685547856
T162	19.3043761634571	19.3043761634571
T162	16.12448563193426	16.12448563193426
T162	18.4206887446774	18.4206887446774
T162	13.949089287570956	13.949089287570956
T162	14.243215409571773	14.243215409571773
T163	18.33250241646972	18.33250241646972
T163	17.556706170758453	17.556706170758453
T163	19.42022012152458	19.42022012152458
T163	19.048712531074795	19.048712531074795
T163	18.16535003741553	18.16535003741553
T163	17.191361270110345	17.191361270110345
T163	19.012363103025365	19.012363103025365
T163	15.75443551230792	15.75443551230792
T164	16.116786115701657	16.116786115701657
T164	19.098318605593818	19.098318605593818
T164	16.04039016432491	16.04039016432491
T164	19.90096626991087	19.90096626991087
T164	17.77307656493895	17.77307656493895
T164	16.614177890896155	16.614177890896155
T164	18.72148071632336	18.72148071632336
T164	16.97050652900343	16.97050652900343
T164	18.558759343899254	18.558759343899254
T164	18.558714029951044	18.558714029951044
T164	18.620118061488192	18.620118061488192
T164	17.71382888483444	17.71382888483444
T164	16.63372324765065	16.63372324765065
T164	18.781775118746122	18.781775118746122
T164	18.31239517153274	18.31239517153274
T164	16.148305210448278	16.148305210448278
T164	18.830736279863014	18.830736279863014
T164	16.84527497822934	16.84527497822934
T164	18.113362768792555	18.113362768792555
T164	16.70712715515269	16.70712715515269
T164	17.198073968725087	17.198073968725087
T164	17.45186761823481	17.45186761823481
T164	19.408835185862852	19.408835185862852
T164	17.073259868237347	17.073259868237347
T164	19.60547801590363	19.60547801590363
T164	17.93419882955698	17.93419882955698
T164	16.185306633968494	16.185306633968494
T164	16.80844159836333	16.80844159836333
T164	17.315291071376045	17.315291071376045
T164	19.704251908452367	19.704251908452367
T164	16.140439045820408	16.140439045820408
T164	17.85881341970532	17.85881341970532
T164	16.31317271719482	16.31317271719482
T164	16.758600567915067	16.758600567915067
T164	16.582116054110962	16.582116054110962
T164	19.308461502651884	19.308461502651884
T164	17.682558754537233	17.682558754537233
T164	19.309333330390952	19.309333330390952
T164	15.015272912041087	15.015272912041087
T164	15.003290527591103	15.003290527591103
T164	15.579431673353445	15.579431673353445
T164	15.31466939476397	15.31466939476397
T164	15.14044163060431	15.14044163060431
T164	14.077888955057423	14.077888955057423
T164	13.927105349765927	13.927105349765927
T164	14.155424113381006	14.155424113381006
T164	14.689543567727117	14.689543567727117
T164	14.715994406067747	14.715994406067747
T164	13.152343084209635	13.152343084209635
T164	12.260550337865395	12.260550337865395
T164	12.453579493119976	12.453579493119976
T164	13.70004020058994	13.70004020058994
T164	13.145241683558229	13.145241683558229
T164	11.821241374383037	11.821241374383037
T164	13.746532511181522	13.746532511181522
T164	13.45835712021257	13.45835712021257
T164	12.505976605343776	12.505976605343776
T164	12.659211995154019	12.659211995154019
T164	7.5435563283567415	7.5435563283567415
T164	9.022883507212626	9.022883507212626
T164	8.487139005061483	8.487139005061483
T164	8.448430174559736	8.448430174559736
T164	11.403331682693858	11.403331682693858
T164	9.128047904512766	9.128047904512766
T164	11.428842429907938	11.428842429907938
T164	9.358764600543703	9.358764600543703
T164	10.786053232090989	10.786053232090989
T164	8.919202928563362	8.919202928563362
T164	11.17567630893117	11.17567630893117
T164	9.289388358606615	9.289388358606615
T164	8.298211309099813	8.298211309099813
T164	8.130618940320934	8.130618940320934
T164	11.287287236524545	11.287287236524545
T164	7.833913205671756	7.833913205671756
T164	7.338107512696569	7.338107512696569
T164	9.318993683352621	9.318993683352621
T164	10.452415211621002	10.452415211621002
T164	7.61889552731485	7.61889552731485
T164	9.213186858476849	9.213186858476849
T164	8.082387486866288	8.082387486866288
T164	8.04821202693359	8.04821202693359
T164	7.7865757829902815	7.7865757829902815
T164	7.56804844447204	7.56804844447204
T164	9.952242505872238	9.952242505872238
T164	8.035375630187827	8.035375630187827
T164	10.270561773806943	10.270561773806943
T164	5.626520441347692	5.626520441347692
T164	7.2286577158604945	7.2286577158604945
T164	5.751741978861627	5.751741978861627
T164	6.397354354654679	6.397354354654679
T164	6.086611619588215	6.086611619588215
T164	6.301672178485666	6.301672178485666
T164	6.1782727953763965	6.1782727953763965
T164	4.359980304843909	4.359980304843909
T164	4.179411946206857	4.179411946206857
T164	5.039419915106218	5.039419915106218
T164	4.09859803446101	4.09859803446101
T164	4.609458990745577	4.609458990745577
T164	4.151816044446833	4.151816044446833
T164	3.9587149810315303	3.9587149810315303
T164	2.8386325085444017	2.8386325085444017
T164	1.4991577513650431	1.4991577513650431
T164	0.8793716121001318	0.8793716121001318
T164	1.7748592202117257	1.7748592202117257
T164	1.7598030727460525	1.7598030727460525
T164	1.446121171416505	1.446121171416505
T164	0.9111727700753434	0.9111727700753434
T164	0.8296239597975126	0.8296239597975126
T164	1.6746668610852395	1.6746668610852395
T164	1.3902935152597036	1.3902935152597036
T164	1.0241797986242132	1.0241797986242132
T164	0.001159440607388873	0.001159440607388873
T164	0.0	0.0
T165	19.089275839200926	19.089275839200926
T165	19.199893082031316	19.199893082031316
T165	18.679674891904895	18.679674891904895
T165	18.263114799386216	18.263114799386216
T165	16.490181956572616	16.490181956572616
T165	19.2428692044313	19.2428692044313
T165	15.84392384978304	15.84392384978304
T165	15.551980495745937	15.551980495745937
T166	16.960162608795596	16.960162608795596
T166	16.41624652388879	16.41624652388879
T166	16.380272742316343	16.380272742316343
T166	16.168874445347612	16.168874445347612
T166	17.34348154314689	17.34348154314689
T166	18.309680358863847	18.309680358863847
T167	16.096258045831007	16.096258045831007
T167	19.32097451852996	19.32097451852996
T167	16.39941610515937	16.39941610515937
T167	16.316445742694217	16.316445742694217
T167	19.174967133104733	19.174967133104733
T167	17.176290655343625	17.176290655343625
T167	17.330255223925548	17.330255223925548
T167	16.765819731398665	16.765819731398665
T167	18.923648962209256	18.923648962209256
T167	18.470114687507564	18.470114687507564
T167	17.450411681642226	17.450411681642226
T167	18.44398709986326	18.44398709986326
T167	16.446525153774118	16.446525153774118
T167	17.937465865565137	17.937465865565137
T167	16.715447813254123	16.715447813254123
T167	17.88897925444238	17.88897925444238
T167	17.55112597310558	17.55112597310558
T167	15.844508909908917	15.844508909908917
T167	15.299881695750143	15.299881695750143
T167	15.201674742125856	15.201674742125856
T167	15.852668576164785	15.852668576164785
T167	14.355373809339602	14.355373809339602
T167	11.938944228942706	11.938944228942706
T167	13.344472523859102	13.344472523859102
T167	13.147561863750493	13.147561863750493
T168	18.97190923937034	18.97190923937034
T168	18.396746745147023	18.396746745147023
T168	18.842416537946473	18.842416537946473
T168	18.317363351053977	18.317363351053977
T168	17.533975348656945	17.533975348656945
T168	17.19849585282486	17.19849585282486
T168	16.509112440306165	16.509112440306165
T168	16.015407190474967	16.015407190474967
T168	18.86092526258158	18.86092526258158
T168	17.92271975867486	17.92271975867486
T168	19.25884537580018	19.25884537580018
T168	14.608785071300805	14.608785071300805
T168	14.667803959758281	14.667803959758281
T168	12.557843730170987	12.557843730170987
T168	12.56393609366626	12.56393609366626
T168	12.158313638431784	12.158313638431784
T168	13.283479509477269	13.283479509477269
T168	13.551474712825126	13.551474712825126
T169	16.834899374428048	16.834899374428048
T169	19.158685688972557	19.158685688972557
T169	19.211988087227144	19.211988087227144
T169	18.908448203610686	18.908448203610686
T169	16.24630876169769	16.24630876169769
T169	18.894176973257107	18.894176973257107
T169	16.098075125815257	16.098075125815257
T169	19.154434896894635	19.154434896894635
T169	16.172199188152653	16.172199188152653
T169	15.983262554885838	15.983262554885838
T169	19.541547222134252	19.541547222134252
T169	17.648370579841433	17.648370579841433
T169	18.32975501812933	18.32975501812933
T169	16.238801848174415	16.238801848174415
T169	19.139511334745293	19.139511334745293
T169	16.918543591048284	16.918543591048284
T169	17.26242902110833	17.26242902110833
T169	14.95074449755486	14.95074449755486
T169	14.291364872319393	14.291364872319393
T169	14.0684053403479	14.0684053403479
T169	14.522128500672256	14.522128500672256
T169	11.801640338295153	11.801640338295153
T169	13.155660820940172	13.155660820940172
T169	13.413882905628055	13.413882905628055
T169	12.855281841504883	12.855281841504883
T169	13.332922607821219	13.332922607821219
T169	12.751127336286327	12.751127336286327
T169	12.301691776789973	12.301691776789973
T169	11.666016735985764	11.666016735985764
T169	9.692525887915773	9.692525887915773
T169	8.83759151306178	8.83759151306178
T169	7.651109272179136	7.651109272179136
T169	7.891161800639958	7.891161800639958
T169	7.469367551181489	7.469367551181489
T169	10.609813049071937	10.609813049071937
T169	7.461133183524932	7.461133183524932
T169	9.799477343616756	9.799477343616756
T169	11.244930461616098	11.244930461616098
T169	11.172244155262403	11.172244155262403
T169	9.909678486451112	9.909678486451112
T169	7.144904789772041	7.144904789772041
T169	6.776674858319895	6.776674858319895
T169	7.0240089081401305	7.0240089081401305
T169	6.699090448538015	6.699090448538015
T169	4.852129792227283	4.852129792227283
T169	3.8819505009965978	3.8819505009965978
T169	3.3550367066740168	3.3550367066740168
T169	2.1591992449922737	2.1591992449922737
T169	1.5400510426472223	1.5400510426472223
T169	1.3137245515809106	1.3137245515809106
T169	0.944494113449248	0.944494113449248
T169	1.4484142510943303	1.4484142510943303
T169	1.6270343122359363	1.6270343122359363
T169	1.054710878507008	1.054710878507008
T169	0.8555574207605431	0.8555574207605431
T169	0.9984379946126923	0.9984379946126923
T169	0.0	0.0
T170	17.710661540460634	17.710661540460634
T170	19.193031402468453	19.193031402468453
T170	16.55322746975409	16.55322746975409
T170	18.984511792599665	18.984511792599665
T170	18.710184347259574	18.710184347259574
T170	19.16465964247684	19.16465964247684
T170	17.54603361060245	17.54603361060245
T170	14.724535146721992	14.724535146721992
T170	15.783808410618729	15.783808410618729
T170	15.342815250458852	15.342815250458852
T170	13.204557700327763	13.204557700327763
T171	17.116575917041146	17.116575917041146
T171	19.08376391556792	19.08376391556792
T171	16.15479094029158	16.15479094029158
T171	17.166425279308587	17.166425279308587
T171	17.809039617208406	17.809039617208406
T171	17.677276915111864	17.677276915111864
T171	17.071979135872372	17.071979135872372
T171	19.222759854463895	19.222759854463895
T171	19.356186614889396	19.356186614889396
T171	18.393170269237192	18.393170269237192
T171	18.930317678592736	18.930317678592736
T171	17.80137954648183	17.80137954648183
T171	14.65121132672316	14.65121132672316
T171	12.710493585196032	12.710493585196032
T171	12.41110636016746	12.41110636016746
T172	18.449692041565285	18.449692041565285
T172	18.155766936996944	18.155766936996944
T172	16.30500656372196	16.30500656372196
T172	17.006264331045564	17.006264331045564
T172	16.54008086631059	16.54008086631059
T172	17.478008014035925	17.478008014035925
T172	17.271340680362602	17.271340680362602
T172	18.814912376315142	18.814912376315142
T172	17.90260107812507	17.90260107812507
T172	17.67362969806537	17.67362969806537
T172	16.065431635398728	16.065431635398728
T172	18.38485563329353	18.38485563329353
T172	17.546706873777747	17.546706873777747
T172	19.381718417984636	19.381718417984636
T172	19.46150419408609	19.46150419408609
T172	17.283577099860146	17.283577099860146
T172	17.721320221624964	17.721320221624964
T172	15.485369947272355	15.485369947272355
T172	15.312666748778414	15.312666748778414
T172	13.80796081946166	13.80796081946166
T172	13.712066181308352	13.712066181308352
T173	16.70103238936452	16.70103238936452
T173	16.719013387784567	16.719013387784567
T173	16.55929974944139	16.55929974944139
T173	17.916423977977985	17.916423977977985
T173	17.76414704390857	17.76414704390857
T173	18.406971482144524	18.406971482144524
T173	18.91306657029835	18.91306657029835
T173	18.412990434149762	18.412990434149762
T173	16.60399635642448	16.60399635642448
T173	17.77376587108354	17.77376587108354
T173	16.670616309739724	16.670616309739724
T173	16.03881670090515	16.03881670090515
T173	17.888883032086508	17.888883032086508
T173	18.18675415913804	18.18675415913804
T173	16.906683234820882	16.906683234820882
T173	15.408149655277649	15.408149655277649
T173	14.220063250767407	14.220063250767407
T173	15.875179029532665	15.875179029532665
T173	14.675188697639957	14.675188697639957
T173	15.942664922729223	15.942664922729223
T173	11.89249778701907	11.89249778701907
T173	13.046841196900926	13.046841196900926
T173	11.952750220873167	11.952750220873167
T173	10.697687035736392	10.697687035736392
T173	8.854575610606998	8.854575610606998
T173	9.155493190079827	9.155493190079827
T173	11.524985947539378	11.524985947539378
T173	7.633780206918098	7.633780206918098
T173	7.920387065941766	7.920387065941766
T173	6.744206206873977	6.744206206873977
T173	5.61607361353627	5.61607361353627
T173	6.407022495468905	6.407022495468905
T173	5.616461334460316	5.616461334460316
T173	2.259840657166653	2.259840657166653
T173	0.0	0.0
T174	17.916939068058525	17.916939068058525
T174	17.206669263548424	17.206669263548424
T174	17.731211613303365	17.731211613303365
T174	18.55643549193753	18.55643549193753
T174	18.60877312359072	18.60877312359072
T174	16.673748537069585	16.673748537069585
T174	19.095414811811303	19.095414811811303
T174	16.802286568435356	16.802286568435356
T174	16.30303989101454	16.30303989101454
T174	17.30346098679573	17.30346098679573
T174	16.347527100467268	16.347527100467268
T174	17.941628062971645	17.941628062971645
T174	16.207961836136075	16.207961836136075
T174	17.806717747123095	17.806717747123095
T175	19.210366558189655	19.210366558189655
T175	16.93434207877166	16.93434207877166
T175	18.388581916327823	18.388581916327823
T175	17.529162612592007	17.529162612592007
T175	17.81015150907527	17.81015150907527
T175	18.342131646426708	18.342131646426708
T175	17.700033967753818	17.700033967753818
T175	18.07003222415303	18.07003222415303
T175	16.621597174276598	16.621597174276598
T175	18.472500698931995	18.472500698931995
T175	16.466093719576257	16.466093719576257
T175	16.439176074203353	16.439176074203353
T175	18.501720079210596	18.501720079210596
T175	17.242288800813977	17.242288800813977
T175	18.175204773371412	18.175204773371412
T175	18.077982156597308	18.077982156597308
T175	18.398140566490888	18.398140566490888
T175	15.148235162576663	15.148235162576663
T175	14.647303777976191	14.647303777976191
T175	15.775134164387286	15.775134164387286
T175	15.078630695609949	15.078630695609949
T175	14.039415732995353	14.039415732995353
T175	15.725210833642528	15.725210833642528
T175	15.795359263345128	15.795359263345128
T175	15.181368990481625	15.181368990481625
T175	13.498098753795126	13.498098753795126
T175	13.783524460168088	13.783524460168088
T175	13.367959102665857	13.367959102665857
T175	13.432973470468367	13.432973470468367
T176	18.154141045065792	18.154141045065792
T176	18.720182182507866	18.720182182507866
T176	16.5208233235682	16.5208233235682
T176	17.894571399737607	17.894571399737607
T176	16.024268959541256	16.024268959541256
T176	16.604994828867756	16.604994828867756
T176	19.27254787227838	19.27254787227838
T176	16.714781122150594	16.714781122150594
T176	16.879061664382526	16.879061664382526
T176	18.934463414693774	18.934463414693774
T176	14.800779925228952	14.800779925228952
T177	18.82498750977907	18.82498750977907
T177	18.15760219899805	18.15760219899805
T177	17.99177284745056	17.99177284745056
T177	16.81771780248411	16.81771780248411
T177	18.105464093825255	18.105464093825255
T177	19.167916741870258	19.167916741870258
T177	18.13291350986851	18.13291350986851
T177	18.252069326823293	18.252069326823293
T177	17.337533628165694	17.337533628165694
T177	18.125805198097332	18.125805198097332
T177	17.261670655660783	17.261670655660783
T177	19.137234104699427	19.137234104699427
T177	18.39442946731621	18.39442946731621
T177	17.72757292272956	17.72757292272956
T177	18.720883879426935	18.720883879426935
T177	17.670453888451966	17.670453888451966
T177	18.9093460746989	18.9093460746989
T177	18.401229799409013	18.401229799409013
T177	16.93510099929151	16.93510099929151
T177	17.615095519705143	17.615095519705143
T177	16.761548007112786	16.761548007112786
T177	16.886586710427807	16.886586710427807
T177	16.530361625800715	16.530361625800715
T177	16.33242951633466	16.33242951633466
T177	18.127780608713106	18.127780608713106
T177	15.86283460494269	15.86283460494269
T177	15.64414638384869	15.64414638384869
T177	14.783689481185812	14.783689481185812
T177	15.214420706965836	15.214420706965836
T177	15.21773932527066	15.21773932527066
T178	18.259241200625	18.259241200625
T178	16.669559832137626	16.669559832137626
T178	16.583942000769195	16.583942000769195
T178	19.281797659446475	19.281797659446475
T178	19.220681954686327	19.220681954686327
T178	16.56871967089554	16.56871967089554
T178	16.99703149313845	16.99703149313845
T178	16.71932361563076	16.71932361563076
T178	16.395614176027376	16.395614176027376
T178	16.03916920269734	16.03916920269734
T178	16.801981371959204	16.801981371959204
T178	17.443610258639694	17.443610258639694
T178	16.89875955829742	16.89875955829742
T178	18.840990140582765	18.840990140582765
T178	16.13933217553857	16.13933217553857
T178	16.54608940827698	16.54608940827698
T178	18.02960490949834	18.02960490949834
T178	18.97026544674921	18.97026544674921
T178	17.956863134972142	17.956863134972142
T178	17.131306274295618	17.131306274295618
T178	16.34944809240067	16.34944809240067
T179	17.149484691914857	17.149484691914857
T179	17.105781772134478	17.105781772134478
T179	16.802854304230188	16.802854304230188
T179	16.054631203283858	16.054631203283858
T179	14.793975722430435	14.793975722430435
T180	16.845882225947523	16.845882225947523
T180	17.248186718885222	17.248186718885222
T180	19.031665984814765	19.031665984814765
T180	17.589515963754476	17.589515963754476
T180	17.18380417922183	17.18380417922183
T180	17.743646231766668	17.743646231766668
T180	18.406961875635293	18.406961875635293
T180	18.34472051341881	18.34472051341881
T180	16.72201112762925	16.72201112762925
T180	16.872041259318994	16.872041259318994
T181	19.078445985838837	19.078445985838837
T181	19.132519932913755	19.132519932913755
T182	18.322701389348975	18.322701389348975
T182	17.187828683710233	17.187828683710233
T182	18.82391297148531	18.82391297148531
T182	16.745472780435254	16.745472780435254
T182	17.41139030088305	17.41139030088305
T182	18.42556957733878	18.42556957733878
T182	17.483291038594757	17.483291038594757
T182	16.72984101824562	16.72984101824562
T182	15.00165446781863	15.00165446781863
T182	14.557191166399367	14.557191166399367
T182	13.652242356628957	13.652242356628957
T182	12.22639353501913	12.22639353501913
T183	17.971945768919902	17.971945768919902
T183	18.946481877393154	18.946481877393154
T183	16.86431093958727	16.86431093958727
T183	18.735104687232628	18.735104687232628
T183	16.439485932228973	16.439485932228973
T183	18.259604850452273	18.259604850452273
T183	16.171833506602823	16.171833506602823
T183	19.050488628969422	19.050488628969422
T183	16.193429094710048	16.193429094710048
T183	16.142812060741758	16.142812060741758
T184	17.32231380666806	17.32231380666806
T184	17.231615224320556	17.231615224320556
T184	17.82970236172248	17.82970236172248
T184	18.142154180443182	18.142154180443182
T184	17.101864410053167	17.101864410053167
T184	16.137474388785243	16.137474388785243
T184	17.29447671731729	17.29447671731729
T184	17.26811727464409	17.26811727464409
T184	17.822415551844944	17.822415551844944
T184	16.352789788776754	16.352789788776754
T184	18.04488226369347	18.04488226369347
T184	18.14096317509876	18.14096317509876
T184	17.28294603169774	17.28294603169774
T184	17.413449654325756	17.413449654325756
T184	14.900034815367773	14.900034815367773
T184	14.965773841963543	14.965773841963543
T185	17.70190001550719	17.70190001550719
T185	17.079494164295692	17.079494164295692
T185	17.543367986369272	17.543367986369272
T185	17.87430597794939	17.87430597794939
T185	16.146742826195414	16.146742826195414
T185	14.185795233151453	14.185795233151453
T185	14.447060643416501	14.447060643416501
T185	15.613327802432238	15.613327802432238
T185	15.771842957739596	15.771842957739596
T186	16.12313213419517	16.12313213419517
T186	17.24123537814889	17.24123537814889
T186	15.920674467584107	15.920674467584107
T186	14.010973329711932	14.010973329711932
T186	15.16607864157364	15.16607864157364
T186	14.557931209468755	14.557931209468755
T187	17.02576496137421	17.02576496137421
T187	16.0948349981557	16.0948349981557
T187	16.39978685816361	16.39978685816361
T187	16.052257742884507	16.052257742884507
T187	17.936445156622355	17.936445156622355
T187	16.25417991460691	16.25417991460691
T187	17.907864637495255	17.907864637495255
T187	18.189294163364405	18.189294163364405
T187	17.34420707529655	17.34420707529655
T187	17.766187137687258	17.766187137687258
T187	17.110486219419748	17.110486219419748
T187	16.009024239879466	16.009024239879466
T187	18.557287128544946	18.557287128544946
T187	16.12418410722028	16.12418410722028
T187	17.232340224443746	17.232340224443746
T187	17.941021099344475	17.941021099344475
T187	17.551987832349603	17.551987832349603
T187	14.929728553495057	14.929728553495057
T187	15.786464837685184	15.786464837685184
T187	14.827808779446677	14.827808779446677
T187	13.912355684037044	13.912355684037044
T187	15.391513402960749	15.391513402960749
T187	12.825224595891251	12.825224595891251
T187	12.360215368005997	12.360215368005997
T187	12.009167307609431	12.009167307609431
T187	13.738507975557365	13.738507975557365
T187	12.025887196710752	12.025887196710752
T187	11.71849809385613	11.71849809385613
T187	13.368157986616371	13.368157986616371
T187	11.931425871969614	11.931425871969614
T187	13.203120459416864	13.203120459416864
T187	8.485640659725881	8.485640659725881
T187	9.9758130036805	9.9758130036805
T187	11.386509469400774	11.386509469400774
T187	11.580987262850709	11.580987262850709
T187	10.147323764320586	10.147323764320586
T187	11.086490043708114	11.086490043708114
T187	10.004402924854109	10.004402924854109
T187	10.780585158505147	10.780585158505147
T187	9.045917836849206	9.045917836849206
T187	7.412009931381786	7.412009931381786
T187	9.514449282705625	9.514449282705625
T187	7.450000021109465	7.450000021109465
T187	9.439243889889719	9.439243889889719
T187	10.333760851651661	10.333760851651661
T187	8.636888870305778	8.636888870305778
T187	9.825810786939329	9.825810786939329
T187	9.659785090780927	9.659785090780927
T187	10.606227739032656	10.606227739032656
T187	7.483190409367165	7.483190409367165
T187	11.418302527579046	11.418302527579046
T187	6.6791664209059	6.6791664209059
T187	6.190378394162881	6.190378394162881
T187	5.5237782343855795	5.5237782343855795
T187	6.222264317923564	6.222264317923564
T187	6.865374090913557	6.865374090913557
T187	5.761694511043547	5.761694511043547
T187	5.339428113673556	5.339428113673556
T187	7.075757853821879	7.075757853821879
T187	6.982282632173724	6.982282632173724
T187	3.8166518738660464	3.8166518738660464
T187	4.119816507885082	4.119816507885082
T187	4.6310173218993	4.6310173218993
T187	4.496054655350669	4.496054655350669
T187	4.022200435911847	4.022200435911847
T187	2.001473634795632	2.001473634795632
T187	1.9694745313741056	1.9694745313741056
T187	1.1249706529299264	1.1249706529299264
T187	1.7588274468755365	1.7588274468755365
T187	1.4207049304382748	1.4207049304382748
T187	0.860565346936623	0.860565346936623
T187	0.33450381551860675	0.33450381551860675
T187	0.0	0.0
T188	17.67672396342605	17.67672396342605
T188	16.37453410209955	16.37453410209955
T188	15.31145143371379	15.31145143371379
T189	18.10514641536188	18.10514641536188
T189	17.08507061788161	17.08507061788161
T189	17.13539781982903	17.13539781982903
T189	17.248937038368535	17.248937038368535
T189	16.105631116577236	16.105631116577236
T189	17.196342222790427	17.196342222790427
T189	16.46054040340015	16.46054040340015
T189	16.180965509515364	16.180965509515364
T189	16.069268176658966	16.069268176658966
T189	18.32649867811776	18.32649867811776
T189	16.319114349670762	16.319114349670762
T189	16.428248693293863	16.428248693293863
T189	12.999099466771252	12.999099466771252
T189	12.67193428948362	12.67193428948362
T189	13.474715656202301	13.474715656202301
T189	12.45897747401711	12.45897747401711
T189	8.404048528700441	8.404048528700441
T189	10.423309966102565	10.423309966102565
T189	10.62727976704085	10.62727976704085
T189	7.515641276192593	7.515641276192593
T189	10.163599517303865	10.163599517303865
T189	10.796774163385944	10.796774163385944
T189	9.336726280762878	9.336726280762878
T189	10.656132310991001	10.656132310991001
T189	8.630717611732333	8.630717611732333
T189	8.578467714613081	8.578467714613081
T189	8.89791916780453	8.89791916780453
T189	6.605383662622163	6.605383662622163
T189	7.191193050315968	7.191193050315968
T189	1.7182382307838715	1.7182382307838715
T189	0.9980423716583079	0.9980423716583079
T189	0.0	0.0
T190	17.471380861652243	17.471380861652243
T190	18.01131209118408	18.01131209118408
T190	16.67804028850818	16.67804028850818
T190	18.285712078974814	18.285712078974814
T190	18.11817533198289	18.11817533198289
T190	15.515921499593743	15.515921499593743
T191	17.8431587081965	17.8431587081965
T191	18.138293368398365	18.138293368398365
T191	18.425080540963588	18.425080540963588
T191	17.626866973584974	17.626866973584974
T191	16.488663475093023	16.488663475093023
T191	16.33500248289407	16.33500248289407
T191	16.801877217041056	16.801877217041056
T191	17.662946942600026	17.662946942600026
T191	17.11289716201823	17.11289716201823
T191	16.27232454268575	16.27232454268575
T191	17.258089354359647	17.258089354359647
T191	15.179386442293314	15.179386442293314
T191	13.950379936951878	13.950379936951878
T191	14.657763991435232	14.657763991435232
T191	14.590708496283725	14.590708496283725
T191	15.526196129193563	15.526196129193563
T191	15.429629456633677	15.429629456633677
T192	18.05630597305944	18.05630597305944
T192	18.260789482146485	18.260789482146485
T192	16.778201140216716	16.778201140216716
T192	18.026290919326513	18.026290919326513
T192	16.1196253606068	16.1196253606068
T192	17.333729991568887	17.333729991568887
T192	17.73573680818705	17.73573680818705
T192	17.997116818479615	17.997116818479615
T192	17.516612796942418	17.516612796942418
T192	15.724121031920793	15.724121031920793
T192	15.219392379829237	15.219392379829237
T193	16.22271377917257	16.22271377917257
T193	17.874051961453066	17.874051961453066
T193	13.868805212996351	13.868805212996351
T193	15.396755049308013	15.396755049308013
T193	12.618422251344155	12.618422251344155
T193	12.263412145514131	12.263412145514131
T193	11.736708316950299	11.736708316950299
T193	8.032575414868258	8.032575414868258
T193	10.63596222342828	10.63596222342828
T193	9.970202525338419	9.970202525338419
T193	9.189162471665957	9.189162471665957
T193	5.997286560054693	5.997286560054693
T193	6.752648542317695	6.752648542317695
T193	7.181056431612227	7.181056431612227
T193	3.6016156815454576	3.6016156815454576
T193	1.9597883904190936	1.9597883904190936
T193	1.0355176250048581	1.0355176250048581
T193	0.0	0.0
T194	17.485940864251198	17.485940864251198
T194	17.933150463382503	17.933150463382503
T194	17.999317538735024	17.999317538735024
T194	17.457202973057274	17.457202973057274
T194	17.652714565363897	17.652714565363897
T194	17.616010045083463	17.616010045083463
T194	17.807229351432145	17.807229351432145
T194	14.821580346525861	14.821580346525861
T194	14.847475821824602	14.847475821824602
T194	13.997519711859324	13.997519711859324
T194	13.15880364939174	13.15880364939174
T194	12.602934920622534	12.602934920622534
T194	12.229112693813905	12.229112693813905
T194	13.234410870674807	13.234410870674807
T194	9.727945515525937	9.727945515525937
T194	9.677595028038759	9.677595028038759
T194	10.876855985164068	10.876855985164068
T194	10.964214593894916	10.964214593894916
T194	7.482115655520306	7.482115655520306
T194	6.032028605224901	6.032028605224901
T194	6.095371675665765	6.095371675665765
T194	5.9595455692192925	5.9595455692192925
T194	2.5213858177455415	2.5213858177455415
T194	1.6651874102886284	1.6651874102886284
T194	1.3776142102558389	1.3776142102558389
T194	0.5414230895230271	0.5414230895230271
T194	0.0	0.0
T195	18.27541936415435	18.27541936415435
T195	17.959909063484112	17.959909063484112
T195	15.985688340116848	15.985688340116848
T195	16.909575237542228	16.909575237542228
T195	17.17162850033215	17.17162850033215
T195	16.846498077865693	16.846498077865693
T195	13.954094657455057	13.954094657455057
T195	14.830889239880648	14.830889239880648
T195	13.37893400407621	13.37893400407621
T195	11.85657308120943	11.85657308120943
T195	11.717102561465369	11.717102561465369
T195	13.542073033665122	13.542073033665122
T195	13.251139730664162	13.251139730664162
T195	12.280603969901655	12.280603969901655
T195	11.187100334015614	11.187100334015614
T195	11.262257748460337	11.262257748460337
T195	11.616751547847715	11.616751547847715
T195	11.58565499392369	11.58565499392369
T196	16.95765360869048	16.95765360869048
T196	17.537180907600675	17.537180907600675
T196	16.23605875189878	16.23605875189878
T196	16.06637226865779	16.06637226865779
T196	18.137465348648547	18.137465348648547
T196	18.172056749130803	18.172056749130803
T196	16.49001798385124	16.49001798385124
T196	17.54023601202524	17.54023601202524
T196	16.605142803644952	16.605142803644952
T196	16.77594549610804	16.77594549610804
T196	14.497332163690112	14.497332163690112
T196	13.739057308145043	13.739057308145043
T196	12.950636965844073	12.950636965844073
T196	13.707594021131422	13.707594021131422
T196	12.95541901394174	12.95541901394174
T196	12.846721621803727	12.846721621803727
T196	13.81888342923539	13.81888342923539
T196	10.496472355873296	10.496472355873296
T196	10.725966212695816	10.725966212695816
T196	9.47977641178135	9.47977641178135
T196	7.786774043376569	7.786774043376569
T196	7.623561129799304	7.623561129799304
T196	10.212245160989337	10.212245160989337
T196	9.692185772949628	9.692185772949628
T196	10.450750460111841	10.450750460111841
T196	5.7546193458560655	5.7546193458560655
T196	6.632020336722664	6.632020336722664
T196	6.99120641064274	6.99120641064274
T196	4.057122445156541	4.057122445156541
T196	2.779362195976013	2.779362195976013
T196	2.497284426698677	2.497284426698677
T196	1.1605581291226816	1.1605581291226816
T196	1.2852173382479353	1.2852173382479353
T196	1.5645330940817423	1.5645330940817423
T196	0.0	0.0
T197	17.02445349562307	17.02445349562307
T197	17.598998678760545	17.598998678760545
T197	16.58698916447878	16.58698916447878
T197	17.102731428307077	17.102731428307077
T198	17.095625406337735	17.095625406337735
T198	15.2267835535627	15.2267835535627
T198	15.24195746383622	15.24195746383622
T199	17.08662076998206	17.08662076998206
T199	16.098521791411507	16.098521791411507
T199	17.43931154432982	17.43931154432982
T199	14.6253776445391	14.6253776445391
T199	14.748377748516242	14.748377748516242
T199	13.689912102272162	13.689912102272162
T199	12.988868945958485	12.988868945958485
T200	16.823495292630472	16.823495292630472
T200	16.854289415482807	16.854289415482807
T200	17.49783951037419	17.49783951037419
T200	17.19991004763535	17.19991004763535
T200	17.30365841051113	17.30365841051113
T200	16.474130746481052	16.474130746481052
T200	15.014923647703414	15.014923647703414
T200	14.860256656491506	14.860256656491506
T201	16.57890210140756	16.57890210140756
T201	16.351289078949925	16.351289078949925
T201	16.427097990949182	16.427097990949182
T201	16.12574678972777	16.12574678972777
T201	14.92095193529512	14.92095193529512
T201	14.714016887632074	14.714016887632074
T201	14.558646289964306	14.558646289964306
T202	17.44282984993598	17.44282984993598
T203	16.89869737613334	16.89869737613334
T203	16.47940341072176	16.47940341072176
T203	16.308510832759225	16.308510832759225
T203	16.05396178462854	16.05396178462854
T203	16.49335264678835	16.49335264678835
T203	17.081560145263634	17.081560145263634
T203	16.677894775907436	16.677894775907436
T203	16.528932449148357	16.528932449148357
T203	17.269100017407485	17.269100017407485
T203	16.777880450614266	16.777880450614266
T203	17.011346656044193	17.011346656044193
T203	16.420527119875466	16.420527119875466
T203	15.421663579543136	15.421663579543136
T203	14.523016127954643	14.523016127954643
T203	13.98962757914642	13.98962757914642
T203	14.727511657942712	14.727511657942712
T203	14.90583247164549	14.90583247164549
T203	14.592552623104257	14.592552623104257
T204	16.671022326631157	16.671022326631157
T204	16.17380824072792	16.17380824072792
T204	16.415648208492193	16.415648208492193
T204	17.260822453691215	17.260822453691215
T204	16.572080833796843	16.572080833796843
T204	14.658178452338364	14.658178452338364
T204	15.636688255154038	15.636688255154038
T204	15.6752734724452	15.6752734724452
T205	17.08327967965415	17.08327967965415
T205	16.594501402596915	16.594501402596915
T205	17.104654850892345	17.104654850892345
T205	17.17462903791401	17.17462903791401
T205	16.25667353906796	16.25667353906796
T205	16.04233807403142	16.04233807403142
T205	16.411764761454535	16.411764761454535
T205	16.07969156775913	16.07969156775913
T205	14.993346642964882	14.993346642964882
T205	13.849508491462	13.849508491462
T205	14.504915957824693	14.504915957824693
T205	15.696761175490485	15.696761175490485
T205	15.64562216186651	15.64562216186651
T205	12.557953693020657	12.557953693020657
T205	13.484468497149441	13.484468497149441
T205	13.796719671473005	13.796719671473005
T205	13.235441786126366	13.235441786126366
T206	16.025473049180036	16.025473049180036
T206	16.603723408877617	16.603723408877617
T206	16.043143353476715	16.043143353476715
T206	16.834262953205748	16.834262953205748
T206	16.37102941155748	16.37102941155748
T206	16.68411400689435	16.68411400689435
T206	14.09720327532672	14.09720327532672
T206	14.91709177173397	14.91709177173397
T206	15.130788508666168	15.130788508666168
T206	14.0689347219034	14.0689347219034
T206	14.739120253307451	14.739120253307451
T206	13.614317253242996	13.614317253242996
T207	16.7782841861194	16.7782841861194
T207	16.137856984866882	16.137856984866882
T207	16.067447127513837	16.067447127513837
T207	16.428326780877633	16.428326780877633
T207	13.841013071835063	13.841013071835063
T207	14.144294344887072	14.144294344887072
T207	14.906514791920536	14.906514791920536
T207	14.241906779010304	14.241906779010304
T207	13.958402472648952	13.958402472648952
T207	14.913959908481278	14.913959908481278
T207	14.33877323321216	14.33877323321216
T207	15.06650165943204	15.06650165943204
T207	11.914413592416068	11.914413592416068
T207	13.670656433006654	13.670656433006654
T207	12.765251922574896	12.765251922574896
T207	13.662619949687603	13.662619949687603
T207	11.225033240466164	11.225033240466164
T207	11.435338415310376	11.435338415310376
T208	16.764452730973485	16.764452730973485
T208	16.277925176891355	16.277925176891355
T208	16.184816159544294	16.184816159544294
T208	16.312526429436517	16.312526429436517
T208	14.640605134111938	14.640605134111938
T208	15.22894562739319	15.22894562739319
T208	14.651971486034736	14.651971486034736
T208	14.231689548467982	14.231689548467982
T208	14.35537958898538	14.35537958898538
T208	12.581679355700155	12.581679355700155
T208	12.92558471342696	12.92558471342696
T208	12.848668034639134	12.848668034639134
T208	13.501962861138392	13.501962861138392
T208	9.129373809099885	9.129373809099885
T208	10.131664073277506	10.131664073277506
T208	8.748398338477038	8.748398338477038
T208	7.538280637386493	7.538280637386493
T208	8.980702280092682	8.980702280092682
T208	10.2754306184823	10.2754306184823
T208	11.197088802020243	11.197088802020243
T208	7.369674433669594	7.369674433669594
T208	11.185483795382247	11.185483795382247
T208	8.175505011686848	8.175505011686848
T208	9.728957240519026	9.728957240519026
T208	9.90048192809794	9.90048192809794
T208	6.910437848538126	6.910437848538126
T208	5.488742716616465	5.488742716616465
T208	6.098361969649262	6.098361969649262
T208	5.743833418005808	5.743833418005808
T208	5.420907379727493	5.420907379727493
T208	5.1667072558999845	5.1667072558999845
T208	4.102246562323203	4.102246562323203
T208	3.483825999537768	3.483825999537768
T208	3.54346977687392	3.54346977687392
T208	0.9334029269854145	0.9334029269854145
T208	1.617064262024252	1.617064262024252
T208	1.217327656891623	1.217327656891623
T208	0.2147125627265708	0.2147125627265708
T208	0.16600630882630796	0.16600630882630796
T208	0.0	0.0
T209	15.572044112621914	15.572044112621914
T209	15.037253111886896	15.037253111886896
T209	14.979420991248537	14.979420991248537
T209	13.75913547999906	13.75913547999906
T209	13.504078907746887	13.504078907746887
T210	16.637203020243973	16.637203020243973
T210	16.2542323661493	16.2542323661493
T210	15.402370974710546	15.402370974710546
T210	15.384224227861084	15.384224227861084
T210	12.766728653142204	12.766728653142204
T210	13.651288135238223	13.651288135238223
T210	13.750981224368273	13.750981224368273
T210	12.563208998016561	12.563208998016561
T210	10.133170006281725	10.133170006281725
T210	8.086839073516648	8.086839073516648
T210	9.578144634650712	9.578144634650712
T210	10.904153357128136	10.904153357128136
T210	7.666183587955668	7.666183587955668
T210	7.984920373242945	7.984920373242945
T210	8.113976730773164	8.113976730773164
T210	10.82183511738824	10.82183511738824
T210	9.458572401972717	9.458572401972717
T210	9.148675386760353	9.148675386760353
T210	10.573837973635126	10.573837973635126
T210	7.217602472347893	7.217602472347893
T210	6.263862812208508	6.263862812208508
T210	6.0956085448336355	6.0956085448336355
T210	6.859970589227233	6.859970589227233
T210	5.753779542676536	5.753779542676536
T210	4.283617451189747	4.283617451189747
T210	4.405737688681678	4.405737688681678
T210	0.8989371772406144	0.8989371772406144
T210	0.681751252009037	0.681751252009037
T210	0.3689802505383674	0.3689802505383674
T210	0.0	0.0
T211	16.676669958852067	16.676669958852067
T211	16.434505481245335	16.434505481245335
T211	16.269520377613244	16.269520377613244
T211	16.588099197282776	16.588099197282776
T211	16.44178903441077	16.44178903441077
T211	16.402465127022026	16.402465127022026
T211	16.38395572554196	16.38395572554196
T211	15.912684774366289	15.912684774366289
T211	14.551366311192815	14.551366311192815
T212	16.68273121822977	16.68273121822977
T212	15.988820161978653	15.988820161978653
T212	16.104641711404923	16.104641711404923
T212	15.974256407378888	15.974256407378888
T212	16.39996937346685	16.39996937346685
T212	16.007221097383066	16.007221097383066
T212	16.270589676826248	16.270589676826248
T212	13.839447919076632	13.839447919076632
T212	15.794498430002928	15.794498430002928
T212	15.78870307095052	15.78870307095052
T212	15.860008319547388	15.860008319547388
T212	14.148768805153008	14.148768805153008
T212	15.85466982138896	15.85466982138896
T212	15.32970259933401	15.32970259933401
T212	14.59586261629609	14.59586261629609
T212	13.013121647088102	13.013121647088102
T212	12.95371063264602	12.95371063264602
T212	11.84512052944318	11.84512052944318
T212	9.52954585900397	9.52954585900397
T212	8.111606991844727	8.111606991844727
T212	7.837222355523841	7.837222355523841
T212	8.913508953087087	8.913508953087087
T212	8.6173246891406	8.6173246891406
T212	10.859950163469504	10.859950163469504
T212	9.828836386892835	9.828836386892835
T212	8.473711965631589	8.473711965631589
T212	10.703786238288826	10.703786238288826
T212	10.747124974768338	10.747124974768338
T212	8.187197744411897	8.187197744411897
T212	8.001457856361318	8.001457856361318
T212	7.649990072314624	7.649990072314624
T212	11.182405887120684	11.182405887120684
T212	9.67479480918378	9.67479480918378
T212	8.646816104426792	8.646816104426792
T212	9.763218263331037	9.763218263331037
T212	8.216973831447973	8.216973831447973
T212	9.845094387268244	9.845094387268244
T212	6.604338572947151	6.604338572947151
T212	6.677273239954962	6.677273239954962
T212	5.772986974624892	5.772986974624892
T212	5.427684840792617	5.427684840792617
T212	7.009064414125406	7.009064414125406
T212	6.000453058539105	6.000453058539105
T212	4.530517501824919	4.530517501824919
T212	3.4839630653549865	3.4839630653549865
T212	2.569329008606778	2.569329008606778
T212	1.5297476927444988	1.5297476927444988
T212	0.3139137668438837	0.3139137668438837
T212	0.0	0.0
T213	16.648118492312864	16.648118492312864
T213	15.993773664270291	15.993773664270291
T213	15.364052738824117	15.364052738824117
T213	14.395624269495569	14.395624269495569
T213	14.167925561420475	14.167925561420475
T213	12.033050472525517	12.033050472525517
T213	13.332296684250137	13.332296684250137
T213	12.100815718068953	12.100815718068953
T213	13.018887982904763	13.018887982904763
T213	13.437421898613849	13.437421898613849
T213	10.713461581376864	10.713461581376864
T213	11.511336312201363	11.511336312201363
T213	10.948127813055121	10.948127813055121
T213	10.268929815917833	10.268929815917833
T213	11.53867897873506	11.53867897873506
T213	11.557615338520666	11.557615338520666
T213	10.439120115351534	10.439120115351534
T214	16.41155435281752	16.41155435281752
T214	16.584915707389957	16.584915707389957
T214	16.285952862065326	16.285952862065326
T214	16.449488851107052	16.449488851107052
T214	16.557018632513465	16.557018632513465
T214	14.654400286196559	14.654400286196559
T214	15.855305825062707	15.855305825062707
T214	14.813958330580459	14.813958330580459
T214	14.972945108404357	14.972945108404357
T214	14.879282771249683	14.879282771249683
T214	14.816647402897178	14.816647402897178
T214	14.90141298777778	14.90141298777778
T215	16.09890521299878	16.09890521299878
T215	15.998438447453642	15.998438447453642
T215	15.97839719856198	15.97839719856198
T215	16.16035801276635	16.16035801276635
T215	15.240777052666864	15.240777052666864
T215	14.022580560433324	14.022580560433324
T215	15.611885248973694	15.611885248973694
T215	14.151377659481282	14.151377659481282
T215	13.633263440327712	13.633263440327712
T216	16.149358777988258	16.149358777988258
T216	16.065869456662792	16.065869456662792
T216	16.16912188926863	16.16912188926863
T216	15.635938395238181	15.635938395238181
T216	15.908930921122298	15.908930921122298
T216	15.952600822216704	15.952600822216704
T217	16.062903347454125	16.062903347454125
T218	13.957714265501837	13.957714265501837
T218	14.40668026288251	14.40668026288251
T218	14.899015859298004	14.899015859298004
T218	15.375765011243509	15.375765011243509
T218	12.89174507616624	12.89174507616624
T218	12.362052887666367	12.362052887666367
T218	13.448089039191863	13.448089039191863
T219	15.221339625270538	15.221339625270538
T219	14.308623672647835	14.308623672647835
T219	15.222478996705046	15.222478996705046
T219	11.90540619984126	11.90540619984126
T219	11.921825546888794	11.921825546888794
T219	11.2125995887341	11.2125995887341
T219	11.543063235817991	11.543063235817991
T221	16.01967320470033	16.01967320470033
T221	15.972580955469924	15.972580955469924
T221	14.350880904617048	14.350880904617048
T221	15.14906856390176	15.14906856390176
T221	14.310423984339426	14.310423984339426
T221	15.615539960010818	15.615539960010818
T221	14.818587130863913	14.818587130863913
T222	14.884857478372728	14.884857478372728
T222	15.243202886240244	15.243202886240244
T222	14.568996161532372	14.568996161532372
T222	13.49863173705663	13.49863173705663
T222	12.472982939639433	12.472982939639433
T222	12.91530678918704	12.91530678918704
T222	10.459633704946594	10.459633704946594
T222	8.802074326087123	8.802074326087123
T222	9.07850802074757	9.07850802074757
T222	9.758516392363271	9.758516392363271
T222	7.314729556751099	7.314729556751099
T222	7.3811510365888156	7.3811510365888156
T222	5.380351886980307	5.380351886980307
T222	5.3950613739237765	5.3950613739237765
T222	1.571248734478454	1.571248734478454
T222	0.0	0.0
T223	15.39218858865181	15.39218858865181
T223	14.074656703224859	14.074656703224859
T223	15.101411601585687	15.101411601585687
T223	15.668936026019024	15.668936026019024
T223	15.920130143832333	15.920130143832333
T223	14.447847630892339	14.447847630892339
T223	14.635075701820226	14.635075701820226
T224	14.345024869224767	14.345024869224767
T224	12.962930429975982	12.962930429975982
T224	12.542436917649432	12.542436917649432
T224	13.196407238201362	13.196407238201362
T224	12.900241837931642	12.900241837931642
T224	11.275095161019252	11.275095161019252
T224	10.841817943117055	10.841817943117055
T224	11.159546331068118	11.159546331068118
T224	8.722988514241933	8.722988514241933
T224	8.8105748242525	8.8105748242525
T224	10.25156514020934	10.25156514020934
T225	15.192173178476942	15.192173178476942
T225	14.106963576965269	14.106963576965269
T225	15.359727527650836	15.359727527650836
T225	15.20775391731516	15.20775391731516
T225	14.767681678625976	14.767681678625976
T225	13.552597670892226	13.552597670892226
T225	13.378252254962938	13.378252254962938
T225	13.291461411269488	13.291461411269488
T226	14.57332673909821	14.57332673909821
T226	14.459536789681039	14.459536789681039
T226	14.29434449188129	14.29434449188129
T227	12.500322133607952	12.500322133607952
T227	11.489974799920075	11.489974799920075
T228	15.699996979503634	15.699996979503634
T229	15.060655094023764	15.060655094023764
T230	15.458672660071148	15.458672660071148
T230	13.511039299988807	13.511039299988807
T231	13.863260384181855	13.863260384181855
T231	12.85289833497714	12.85289833497714
T231	12.388183588351128	12.388183588351128
T231	11.905174955547727	11.905174955547727
T231	13.480133463569318	13.480133463569318
T231	9.70451534335315	9.70451534335315
T231	8.811223908061486	8.811223908061486
T231	8.273085145680849	8.273085145680849
T231	7.276308058759336	7.276308058759336
T231	11.500599532853128	11.500599532853128
T231	7.427183538022962	7.427183538022962
T231	10.14581317772748	10.14581317772748
T231	11.43729053798866	11.43729053798866
T231	6.2782250244839615	6.2782250244839615
T231	6.001058472011051	6.001058472011051
T231	3.638503947032157	3.638503947032157
T231	3.0617508541116227	3.0617508541116227
T231	0.8746349032831767	0.8746349032831767
T231	1.384033452301477	1.384033452301477
T231	0.0	0.0
T232	15.388394173985644	15.388394173985644
T232	13.825496762343281	13.825496762343281
T232	11.689500705213957	11.689500705213957
T232	12.635022013595876	12.635022013595876
T232	12.432337037517689	12.432337037517689
T232	12.785008954395124	12.785008954395124
T232	12.236376319184087	12.236376319184087
T232	11.488363358236738	11.488363358236738
T233	15.168814962425039	15.168814962425039
T234	14.932401272758703	14.932401272758703
T234	15.074308696562824	15.074308696562824
T235	14.166345271686652	14.166345271686652
T237	15.183518842508915	15.183518842508915
T238	14.680345626964694	14.680345626964694
T238	15.07771904896881	15.07771904896881
T238	15.164832020467916	15.164832020467916
T238	14.518477896697776	14.518477896697776
T238	15.03761135798453	15.03761135798453
T239	14.702331962521074	14.702331962521074
T239	14.489712402954927	14.489712402954927
T239	14.71758409423924	14.71758409423924
T239	13.12853054668635	13.12853054668635
T239	13.109499313187058	13.109499313187058
T239	13.211133534608056	13.211133534608056
T239	12.557325789084498	12.557325789084498
T240	14.218296278072636	14.218296278072636
T240	14.42435275841695	14.42435275841695
T240	12.72774725342923	12.72774725342923
T240	13.659241573498877	13.659241573498877
T241	14.928882695147056	14.928882695147056
T242	14.407920121078265	14.407920121078265
T242	14.772219679696063	14.772219679696063
T242	14.412665738302024	14.412665738302024
T242	13.803282901795912	13.803282901795912
T242	13.676862005370392	13.676862005370392
T243	14.202592866524624	14.202592866524624
T244	14.07733446749555	14.07733446749555
T244	12.203671419406515	12.203671419406515
T244	13.275533274423683	13.275533274423683
T244	8.692613536039243	8.692613536039243
T244	9.762161238165053	9.762161238165053
T244	11.484226635726793	11.484226635726793
T244	9.855964651412709	9.855964651412709
T244	9.559772402566592	9.559772402566592
T244	11.597084976132225	11.597084976132225
T244	8.670039232470112	8.670039232470112
T244	5.902655514607016	5.902655514607016
T244	6.386152795106131	6.386152795106131
T244	5.819804308867003	5.819804308867003
T244	6.509077099437155	6.509077099437155
T244	6.660801194177709	6.660801194177709
T244	7.216803921391473	7.216803921391473
T244	5.755378657639837	5.755378657639837
T244	1.4361490861760027	1.4361490861760027
T244	1.5519714238462314	1.5519714238462314
T244	0.0772426807735619	0.0772426807735619
T244	0.0	0.0
T245	14.00136222708327	14.00136222708327
T245	13.625920011662567	13.625920011662567
T245	12.70282801510486	12.70282801510486
T245	12.92189316870573	12.92189316870573
T246	13.548452354643274	13.548452354643274
T247	13.459140680849263	13.459140680849263
T247	12.575993785059405	12.575993785059405
T247	13.43061451171016	13.43061451171016
T247	11.84155226381277	11.84155226381277
T247	13.110973505687236	13.110973505687236
T247	13.191633781160423	13.191633781160423
T247	12.547845942712426	12.547845942712426
T247	12.6295157643778	12.6295157643778
T247	12.409682455690048	12.409682455690048
T247	12.490642437920803	12.490642437920803
T247	11.142350140972882	11.142350140972882
T248	14.158333612201055	14.158333612201055
T248	13.615204088238448	13.615204088238448
T248	13.161087424692125	13.161087424692125
T248	13.787724814855407	13.787724814855407
T248	11.256824024468658	11.256824024468658
T248	7.826431304104805	7.826431304104805
T248	8.039471015216055	8.039471015216055
T248	8.550868719638116	8.550868719638116
T248	10.424377918641685	10.424377918641685
T248	8.784766851380766	8.784766851380766
T248	7.609018912273274	7.609018912273274
T248	6.936395025767359	6.936395025767359
T248	5.821384356064867	5.821384356064867
T248	7.210016379892402	7.210016379892402
T248	5.129621018521901	5.129621018521901
T248	3.10950827707443	3.10950827707443
T248	1.0926505639576622	1.0926505639576622
T248	0.8291962316937338	0.8291962316937338
T248	0.8633932142449618	0.8633932142449618
T248	0.08794844019090259	0.08794844019090259
T248	0.0	0.0
T249	8.590920941755394	8.590920941755394
T249	10.59781699743129	10.59781699743129
T249	7.290730495295395	7.290730495295395
T249	9.893845949308997	9.893845949308997
T249	9.09645899514688	9.09645899514688
T249	11.245133568499085	11.245133568499085
T249	9.613705106571114	9.613705106571114
T249	11.573012825015278	11.573012825015278
T249	5.40153806320558	5.40153806320558
T249	5.681756473019122	5.681756473019122
T249	6.544760987922678	6.544760987922678
T249	7.090943230429179	7.090943230429179
T249	6.617901553575215	6.617901553575215
T249	4.485898468343159	4.485898468343159
T249	3.9677377168166617	3.9677377168166617
T249	2.646211049112793	2.646211049112793
T249	1.04803816952165	1.04803816952165
T249	1.5485432483733552	1.5485432483733552
T249	1.1304636521716063	1.1304636521716063
T249	1.6361787833801165	1.6361787833801165
T249	1.609332674908373	1.609332674908373
T249	0.0	0.0
T250	14.335801996330964	14.335801996330964
T250	13.34420616783397	13.34420616783397
T250	13.81025691282562	13.81025691282562
T250	13.731281270049951	13.731281270049951
T250	13.226031962251923	13.226031962251923
T250	8.83471073451383	8.83471073451383
T250	7.452212970296719	7.452212970296719
T250	6.3259835312386485	6.3259835312386485
T250	7.16411042788854	7.16411042788854
T250	4.418654507564651	4.418654507564651
T250	3.723252794342776	3.723252794342776
T250	0.9697543222290304	0.9697543222290304
T250	0.0	0.0
T251	14.388622781505578	14.388622781505578
T251	12.941685431947754	12.941685431947754
T251	13.813809301032908	13.813809301032908
T251	12.033839762996568	12.033839762996568
T251	11.771720952731052	11.771720952731052
T251	12.286869870671225	12.286869870671225
T251	13.365850267563207	13.365850267563207
T251	11.285586448940787	11.285586448940787
T251	10.889494078482324	10.889494078482324
T251	10.81094035895099	10.81094035895099
T252	14.334476868366682	14.334476868366682
T253	13.913836644819533	13.913836644819533
T253	12.639268011412375	12.639268011412375
T253	13.575734531592408	13.575734531592408
T253	13.588671763709362	13.588671763709362
T253	12.006499877249597	12.006499877249597
T253	13.497352349540478	13.497352349540478
T253	11.396702929293257	11.396702929293257
T253	11.379392746659363	11.379392746659363
T253	10.52980938349513	10.52980938349513
T254	13.426248641458276	13.426248641458276
T254	13.091264725192723	13.091264725192723
T255	13.955102566790773	13.955102566790773
T255	12.279947126175744	12.279947126175744
T255	12.633877751703771	12.633877751703771
T255	11.94499483056385	11.94499483056385
T255	12.93253775299982	12.93253775299982
T255	13.525260623547952	13.525260623547952
T255	13.412879814660698	13.412879814660698
T255	12.547060096789025	12.547060096789025
T255	12.045839400180306	12.045839400180306
T257	13.489061676255668	13.489061676255668
T257	11.90054181184455	11.90054181184455
T257	11.691225762788429	11.691225762788429
T257	12.880815285097695	12.880815285097695
T257	13.660944127121107	13.660944127121107
T257	11.570842297348616	11.570842297348616
T257	10.963024508971126	10.963024508971126
T257	10.614359703631768	10.614359703631768
T257	10.670190934352942	10.670190934352942
T257	10.733569235106257	10.733569235106257
T258	13.499170253286554	13.499170253286554
T258	11.889182192316074	11.889182192316074
T258	12.952704833413732	12.952704833413732
T258	12.185504028381239	12.185504028381239
T258	13.136031706971792	13.136031706971792
T258	11.955520235477332	11.955520235477332
T258	11.382106394790364	11.382106394790364
T258	10.604370754591542	10.604370754591542
T258	11.254999980746094	11.254999980746094
T258	10.812325047955465	10.812325047955465
T258	11.409747869652435	11.409747869652435
T258	10.910582768638605	10.910582768638605
T258	10.801533693467796	10.801533693467796
T259	13.281031888453386	13.281031888453386
T259	13.74050155862102	13.74050155862102
T259	11.871098929962416	11.871098929962416
T259	13.723593908078433	13.723593908078433
T259	12.190081192980385	12.190081192980385
T259	12.604576948481085	12.604576948481085
T259	13.795790241410328	13.795790241410328
T259	13.76033417911799	13.76033417911799
T259	8.74530235212198	8.74530235212198
T259	11.044078146668387	11.044078146668387
T259	9.362311258125981	9.362311258125981
T259	7.672144287375796	7.672144287375796
T259	8.410892657073243	8.410892657073243
T259	9.120844964202444	9.120844964202444
T259	9.23074047896949	9.23074047896949
T259	10.60247162582145	10.60247162582145
T259	10.12716140973021	10.12716140973021
T259	9.594348640340474	9.594348640340474
T259	11.370560501131832	11.370560501131832
T259	11.28388939070906	11.28388939070906
T259	7.61929690251992	7.61929690251992
T259	7.275949434603505	7.275949434603505
T259	10.837977476861287	10.837977476861287
T259	5.486000836045952	5.486000836045952
T259	6.119114716896009	6.119114716896009
T259	3.7459695732176526	3.7459695732176526
T259	4.809846190373552	4.809846190373552
T259	4.62948247268499	4.62948247268499
T259	1.1452357582730701	1.1452357582730701
T259	1.382893960150823	1.382893960150823
T259	0.9737207470434632	0.9737207470434632
T259	0.6290956696157932	0.6290956696157932
T259	0.20385741741015417	0.20385741741015417
T259	0.0	0.0
T260	12.125482756194085	12.125482756194085
T260	11.776220011171075	11.776220011171075
T260	12.307953219491738	12.307953219491738
T260	12.575136645960676	12.575136645960676
T260	13.352377855416611	13.352377855416611
T260	11.849387552528038	11.849387552528038
T260	11.852155387821144	11.852155387821144
T260	11.718738044622695	11.718738044622695
T260	13.307642064256589	13.307642064256589
T260	8.985466666289582	8.985466666289582
T260	8.679648959295502	8.679648959295502
T260	10.587705490247444	10.587705490247444
T260	10.09407755895404	10.09407755895404
T260	9.440906214591639	9.440906214591639
T260	9.898694118450031	9.898694118450031
T260	7.220298193617841	7.220298193617841
T260	5.793105008944561	5.793105008944561
T260	5.568551284411887	5.568551284411887
T260	5.425184354774797	5.425184354774797
T260	4.20257358044169	4.20257358044169
T260	3.4647105896131283	3.4647105896131283
T260	2.1669833868290445	2.1669833868290445
T260	1.4960569997293371	1.4960569997293371
T260	0.31899238317952805	0.31899238317952805
T260	0.0	0.0
T261	12.109658372674023	12.109658372674023
T261	12.416100797152591	12.416100797152591
T261	12.331103514902647	12.331103514902647
T261	12.670937815022157	12.670937815022157
T261	8.537373871387324	8.537373871387324
T261	8.04036423864176	8.04036423864176
T261	8.966303815521265	8.966303815521265
T261	10.351470965390613	10.351470965390613
T261	8.675332780975268	8.675332780975268
T261	8.57158884000222	8.57158884000222
T261	9.480455103324545	9.480455103324545
T261	9.772470432275252	9.772470432275252
T261	9.462479500648387	9.462479500648387
T261	7.3375567924217835	7.3375567924217835
T261	9.622984448469442	9.622984448469442
T261	11.331852482359274	11.331852482359274
T261	11.150638379456858	11.150638379456858
T261	7.235482337942766	7.235482337942766
T261	5.509821617919591	5.509821617919591
T261	6.894216905029798	6.894216905029798
T261	3.8164505358955525	3.8164505358955525
T261	2.032329583336092	2.032329583336092
T261	0.9226843478146773	0.9226843478146773
T261	1.550020034801715	1.550020034801715
T261	1.6898792409794599	1.6898792409794599
T261	1.5761920448479887	1.5761920448479887
T261	1.4658118981028925	1.4658118981028925
T261	0.903338375274735	0.903338375274735
T261	0.26869504853273773	0.26869504853273773
T261	0.0	0.0
T262	12.423656650441108	12.423656650441108
T262	7.575111576336911	7.575111576336911
T262	8.28319769453821	8.28319769453821
T262	10.396103085604176	10.396103085604176
T262	10.711552641784982	10.711552641784982
T262	7.9543401828005456	7.9543401828005456
T262	7.310188833025429	7.310188833025429
T262	10.25697078180557	10.25697078180557
T262	9.060121632299284	9.060121632299284
T262	8.246033124797064	8.246033124797064
T262	10.122974004462794	10.122974004462794
T262	11.274699270224998	11.274699270224998
T262	6.715450902920227	6.715450902920227
T262	5.475214571259359	5.475214571259359
T262	5.3665276679217175	5.3665276679217175
T262	6.9650719470799825	6.9650719470799825
T262	5.621910677142381	5.621910677142381
T262	4.728173542056256	4.728173542056256
T262	5.314588446174844	5.314588446174844
T262	3.557502472099298	3.557502472099298
T262	2.827906221536482	2.827906221536482
T262	3.2059748634264564	3.2059748634264564
T262	1.9760240941427156	1.9760240941427156
T262	1.0378488688971714	1.0378488688971714
T262	0.9540607438024016	0.9540607438024016
T262	0.02391985511107743	0.02391985511107743
T262	0.0	0.0
T263	13.542253331736248	13.542253331736248
T263	13.015989451083527	13.015989451083527
T263	11.518602862869868	11.518602862869868
T264	13.579795270209491	13.579795270209491
T264	12.796588547210552	12.796588547210552
T266	12.117892856738273	12.117892856738273
T266	12.94140329827892	12.94140329827892
T266	8.731138525088072	8.731138525088072
T266	8.219609793646773	8.219609793646773
T266	9.885180489866126	9.885180489866126
T266	9.51900027352965	9.51900027352965
T266	6.971271454938401	6.971271454938401
T266	0.38878237690326595	0.38878237690326595
T266	0.0	0.0
T268	12.606325794916833	12.606325794916833
T268	12.560865793432377	12.560865793432377
T269	12.50526493035419	12.50526493035419
T269	12.02278494142889	12.02278494142889
T269	12.813946531577098	12.813946531577098
T270	12.148722846669163	12.148722846669163
T270	13.06266486013061	13.06266486013061
T270	13.29009999496935	13.29009999496935
T270	10.621882234494343	10.621882234494343
T270	11.224597497817594	11.224597497817594
T270	11.033199802884974	11.033199802884974
T270	10.349442246309824	10.349442246309824
T270	9.249590548860798	9.249590548860798
T270	8.977946363726675	8.977946363726675
T271	12.162373256985198	12.162373256985198
T271	13.227272014389397	13.227272014389397
T271	12.660192137254079	12.660192137254079
T271	12.372798013118883	12.372798013118883
T271	12.098967260232786	12.098967260232786
T271	12.313086138923927	12.313086138923927
T271	12.843767588265333	12.843767588265333
T271	10.560181278766144	10.560181278766144
T271	10.986756792966903	10.986756792966903
T271	10.853074572414316	10.853074572414316
T271	11.054311866438438	11.054311866438438
T271	9.756520876501858	9.756520876501858
T271	8.660251806320964	8.660251806320964
T271	8.037242859775285	8.037242859775285
T271	8.331871742681678	8.331871742681678
T271	7.650307564447962	7.650307564447962
T271	8.492139594699118	8.492139594699118
T271	7.3522586118624105	7.3522586118624105
T271	11.097489654043022	11.097489654043022
T271	7.891389950970061	7.891389950970061
T271	10.182076148541649	10.182076148541649
T271	10.344088221257575	10.344088221257575
T271	11.506224468078951	11.506224468078951
T271	9.017891611682312	9.017891611682312
T271	8.894956059153927	8.894956059153927
T271	9.893701247390682	9.893701247390682
T271	9.773696867898629	9.773696867898629
T271	8.796184260522477	8.796184260522477
T271	8.138332172120892	8.138332172120892
T271	6.328898681785238	6.328898681785238
T271	6.1511920825314395	6.1511920825314395
T271	4.715357913187797	4.715357913187797
T271	4.225959557037436	4.225959557037436
T271	3.8458873825895754	3.8458873825895754
T271	1.5422434954034554	1.5422434954034554
T271	1.5992945228335895	1.5992945228335895
T271	1.1925910685780043	1.1925910685780043
T271	0.9110956370432387	0.9110956370432387
T271	0.7322605722993657	0.7322605722993657
T271	0.0	0.0
T272	12.55310030143955	12.55310030143955
T272	12.694544759134951	12.694544759134951
T272	11.640482996361259	11.640482996361259
T272	13.231690515969307	13.231690515969307
T272	12.694515101240158	12.694515101240158
T272	11.078729110324009	11.078729110324009
T272	11.12636440788232	11.12636440788232
T272	10.907647669090169	10.907647669090169
T272	10.335495749985894	10.335495749985894
T272	11.065764467035843	11.065764467035843
T273	12.256595343922344	12.256595343922344
T273	12.646591253853607	12.646591253853607
T274	12.160429770894337	12.160429770894337
T274	11.991151886492167	11.991151886492167
T274	11.105886737420423	11.105886737420423
T274	7.676363064144489	7.676363064144489
T274	11.564891904124789	11.564891904124789
T274	10.388599005738161	10.388599005738161
T274	10.016502022325735	10.016502022325735
T274	7.254027259472743	7.254027259472743
T274	7.557492593808113	7.557492593808113
T274	7.3244745145285775	7.3244745145285775
T274	10.846616142480237	10.846616142480237
T274	7.4034041260284305	7.4034041260284305
T274	9.094794121354287	9.094794121354287
T274	8.34953267311269	8.34953267311269
T274	8.776694821826098	8.776694821826098
T274	10.732333264699342	10.732333264699342
T274	7.303046588682155	7.303046588682155
T274	10.873862272082762	10.873862272082762
T274	8.828691571845381	8.828691571845381
T274	10.03386867627774	10.03386867627774
T274	11.373145708481243	11.373145708481243
T274	9.707282812330735	9.707282812330735
T274	11.209642514564951	11.209642514564951
T274	11.242477911409996	11.242477911409996
T274	6.494120285668	6.494120285668
T274	7.123034556997643	7.123034556997643
T274	4.353614955900665	4.353614955900665
T274	4.5622373950272035	4.5622373950272035
T274	4.039652105433564	4.039652105433564
T274	4.911533817455368	4.911533817455368
T274	2.9802730516277074	2.9802730516277074
T274	2.4714490547085037	2.4714490547085037
T274	1.6356344604341504	1.6356344604341504
T274	1.0534779855426861	1.0534779855426861
T274	0.8263973690404035	0.8263973690404035
T274	1.1310080682708865	1.1310080682708865
T274	0.7043132886584692	0.7043132886584692
T274	0.2949991153658621	0.2949991153658621
T274	0.7530599946322493	0.7530599946322493
T274	0.0	0.0
T275	11.742083950447432	11.742083950447432
T275	12.436784321595168	12.436784321595168
T275	11.426647086110544	11.426647086110544
T278	9.887158249099626	9.887158249099626
T278	7.6126047025995955	7.6126047025995955
T278	7.348976242917287	7.348976242917287
T278	7.844984040543203	7.844984040543203
T278	6.934718383947494	6.934718383947494
T278	4.227832930545421	4.227832930545421
T278	0.0	0.0
T279	11.463778315878741	11.463778315878741
T279	10.352731227553317	10.352731227553317
T279	7.717933055746289	7.717933055746289
T279	8.167126615313492	8.167126615313492
T279	10.37113476962193	10.37113476962193
T279	11.167202811162632	11.167202811162632
T279	10.950273931328987	10.950273931328987
T279	11.414315806959172	11.414315806959172
T279	7.218526710672619	7.218526710672619
T279	6.4115320047981434	6.4115320047981434
T279	5.499128143168112	5.499128143168112
T279	1.2494303338344508	1.2494303338344508
T279	0.25352150000178086	0.25352150000178086
T279	0.0	0.0
T280	10.490474338524965	10.490474338524965
T280	10.56563301361355	10.56563301361355
T280	8.734258398886954	8.734258398886954
T280	10.840527594161186	10.840527594161186
T280	7.663375595543224	7.663375595543224
T280	8.882314254100264	8.882314254100264
T280	8.644866236254051	8.644866236254051
T280	9.763738562319016	9.763738562319016
T280	10.010605133966546	10.010605133966546
T280	8.490487217063512	8.490487217063512
T280	9.106752897260026	9.106752897260026
T280	10.819739448848242	10.819739448848242
T280	6.443381618418242	6.443381618418242
T280	6.055960236396425	6.055960236396425
T280	5.543158210126295	5.543158210126295
T280	5.325796869427746	5.325796869427746
T280	4.691040950912697	4.691040950912697
T280	2.3485015796623467	2.3485015796623467
T280	1.24175871581672	1.24175871581672
T280	1.5700724850927	1.5700724850927
T280	0.6318174475998415	0.6318174475998415
T280	0.2990210579155703	0.2990210579155703
T280	0.7633360146218302	0.7633360146218302
T280	0.0	0.0
T281	7.5529874002613715	7.5529874002613715
T281	8.100814580047963	8.100814580047963
T281	10.748861363562831	10.748861363562831
T281	10.3362529223359	10.3362529223359
T281	10.287935868644364	10.287935868644364
T281	9.238852344310633	9.238852344310633
T281	9.006845420712335	9.006845420712335
T281	9.256212787286312	9.256212787286312
T281	10.840083929634101	10.840083929634101
T281	9.699016683077645	9.699016683077645
T281	11.270601513724033	11.270601513724033
T281	11.132306969458046	11.132306969458046
T281	10.922127116874718	10.922127116874718
T281	6.445601051212584	6.445601051212584
T281	6.091901184102438	6.091901184102438
T281	6.2694357084855685	6.2694357084855685
T281	5.561893000258973	5.561893000258973
T281	3.8451317793140065	3.8451317793140065
T281	4.195286259007057	4.195286259007057
T281	0.9673514370093013	0.9673514370093013
T281	0.0	0.0
T282	9.841266095756447	9.841266095756447
T282	11.256009184616191	11.256009184616191
T282	8.767783097265433	8.767783097265433
T282	11.336921895025474	11.336921895025474
T282	9.40587965143487	9.40587965143487
T282	10.716415922581142	10.716415922581142
T282	9.679587239835794	9.679587239835794
T282	10.819892544773403	10.819892544773403
T282	9.328955984202642	9.328955984202642
T282	10.430182673062632	10.430182673062632
T282	5.641910259324774	5.641910259324774
T282	6.611906428839156	6.611906428839156
T282	5.176054206930435	5.176054206930435
T282	2.907319222375521	2.907319222375521
T282	2.4450479939073992	2.4450479939073992
T282	1.3814320433440834	1.3814320433440834
T282	0.0	0.0
T284	7.586712743498923	7.586712743498923
T284	9.953097036975727	9.953097036975727
T284	8.627441299336345	8.627441299336345
T284	11.2172044405677	11.2172044405677
T284	8.115982043097574	8.115982043097574
T284	10.072594832674355	10.072594832674355
T284	6.214400391764617	6.214400391764617
T284	6.890055755510815	6.890055755510815
T284	5.426412289241152	5.426412289241152
T284	5.272564112601988	5.272564112601988
T284	3.946482100594211	3.946482100594211
T284	3.407034302245221	3.407034302245221
T284	3.190698465449784	3.190698465449784
T284	2.49084420460551	2.49084420460551
T284	1.4452887557358434	1.4452887557358434
T284	0.0	0.0
T285	10.182385668120807	10.182385668120807
T286	10.210284566862274	10.210284566862274
T286	10.883679951197955	10.883679951197955
T286	10.140454635985941	10.140454635985941
T286	10.543236632025526	10.543236632025526
T287	10.41652579450876	10.41652579450876
T287	11.068097769808626	11.068097769808626
T287	9.788676234931046	9.788676234931046
T287	8.334738767373432	8.334738767373432
T287	10.25026510137938	10.25026510137938
T287	9.758592959765341	9.758592959765341
T287	9.732791004000063	9.732791004000063
T287	7.990529099046156	7.990529099046156
T287	10.36366555006216	10.36366555006216
T287	9.162271524888494	9.162271524888494
T287	7.716823606216659	7.716823606216659
T287	9.616457532754435	9.616457532754435
T287	10.823921149041258	10.823921149041258
T287	8.687649302694535	8.687649302694535
T287	7.337322195736202	7.337322195736202
T287	6.9303079584271	6.9303079584271
T287	5.919462540103174	5.919462540103174
T287	7.12602566354211	7.12602566354211
T287	5.799641825346367	5.799641825346367
T287	4.595967169798814	4.595967169798814
T287	4.377706832441854	4.377706832441854
T287	4.077132902000365	4.077132902000365
T287	4.376157273080727	4.376157273080727
T287	3.9752353522656483	3.9752353522656483
T287	3.2181667598120773	3.2181667598120773
T287	3.3757101441243313	3.3757101441243313
T287	1.0282918254810527	1.0282918254810527
T287	0.9319217813111044	0.9319217813111044
T287	1.197811372120646	1.197811372120646
T287	1.4873360534378177	1.4873360534378177
T287	0.0	0.0
T288	8.321860074276524	8.321860074276524
T288	7.860149114388961	7.860149114388961
T288	8.524607837281787	8.524607837281787
T288	10.452632069645702	10.452632069645702
T288	9.423492398070671	9.423492398070671
T288	9.842439912726325	9.842439912726325
T288	9.00489991450419	9.00489991450419
T288	8.17097746476638	8.17097746476638
T288	10.089243182120885	10.089243182120885
T288	8.273409937163251	8.273409937163251
T288	9.871232862393214	9.871232862393214
T288	10.879443578100615	10.879443578100615
T288	7.707976643439503	7.707976643439503
T288	8.81406511520616	8.81406511520616
T288	10.048589894515626	10.048589894515626
T288	10.329817200064918	10.329817200064918
T288	8.637270215551526	8.637270215551526
T288	9.121697395800863	9.121697395800863
T288	10.463348443541665	10.463348443541665
T288	9.021022389858798	9.021022389858798
T288	10.322825328395757	10.322825328395757
T288	10.230962552889048	10.230962552889048
T288	10.94480056964451	10.94480056964451
T288	10.21814996282803	10.21814996282803
T288	10.249045509979123	10.249045509979123
T288	8.717822726917356	8.717822726917356
T288	7.999146609637998	7.999146609637998
T288	7.6401914562324045	7.6401914562324045
T288	10.37935785477616	10.37935785477616
T288	9.889146748900526	9.889146748900526
T288	10.45899398020656	10.45899398020656
T288	10.148313947326134	10.148313947326134
T288	11.018628230954327	11.018628230954327
T288	7.804928413126113	7.804928413126113
T288	5.649516036483196	5.649516036483196
T288	6.282320334128618	6.282320334128618
T288	5.418011021423448	5.418011021423448
T288	6.918604379045673	6.918604379045673
T288	6.939429848353229	6.939429848353229
T288	5.5607300089914276	5.5607300089914276
T288	6.826464190227344	6.826464190227344
T288	3.8625301022154246	3.8625301022154246
T288	3.7931739682349805	3.7931739682349805
T288	4.590167092366434	4.590167092366434
T288	3.9553642417242094	3.9553642417242094
T288	2.988857300740553	2.988857300740553
T288	0.8778280756547263	0.8778280756547263
T288	1.0712045695514605	1.0712045695514605
T288	1.0288784741448493	1.0288784741448493
T288	1.0091346150524636	1.0091346150524636
T288	1.6984043437205816	1.6984043437205816
T288	1.0650141024459336	1.0650141024459336
T288	1.2295715826697444	1.2295715826697444
T288	1.7571638325915413	1.7571638325915413
T288	0.0	0.0
T291	9.75687067659208	9.75687067659208
T291	7.437347501907761	7.437347501907761
T291	8.257270046168756	8.257270046168756
T291	7.3466652246639965	7.3466652246639965
T291	9.750994535657709	9.750994535657709
T291	7.772450508358223	7.772450508358223
T291	5.76504974991224	5.76504974991224
T291	5.370027892066319	5.370027892066319
T291	5.300405762554473	5.300405762554473
T291	2.3772769262707856	2.3772769262707856
T291	0.0	0.0
T292	9.2355559159647	9.2355559159647
T292	10.022868477900158	10.022868477900158
T292	9.676113605934045	9.676113605934045
T292	7.649901902815033	7.649901902815033
T292	10.328601617187504	10.328601617187504
T292	9.978696302547512	9.978696302547512
T292	10.375384327342134	10.375384327342134
T292	8.848306087882426	8.848306087882426
T292	8.041901736136953	8.041901736136953
T292	7.286439664867815	7.286439664867815
T292	10.038342921862046	10.038342921862046
T292	8.345548406553716	8.345548406553716
T292	8.176658408998188	8.176658408998188
T292	7.856450344057473	7.856450344057473
T292	8.058638669450097	8.058638669450097
T292	9.577231756751962	9.577231756751962
T292	5.78461545760892	5.78461545760892
T292	6.967094035813649	6.967094035813649
T292	5.813714196719189	5.813714196719189
T292	5.555691973761029	5.555691973761029
T292	6.460668314422854	6.460668314422854
T292	4.8580276895363035	4.8580276895363035
T292	5.2967453450040125	5.2967453450040125
T292	4.725165629176921	4.725165629176921
T292	5.105955998535576	5.105955998535576
T292	5.138331128260817	5.138331128260817
T292	4.869924984421569	4.869924984421569
T292	4.827740213861283	4.827740213861283
T292	3.9646551136013324	3.9646551136013324
T292	2.887079514739055	2.887079514739055
T292	3.2302385029697525	3.2302385029697525
T292	2.8024099101114524	2.8024099101114524
T292	0.7975991549474211	0.7975991549474211
T292	1.2041932486073068	1.2041932486073068
T292	0.9788223072105057	0.9788223072105057
T292	0.38528587785594687	0.38528587785594687
T292	0.238295593473156	0.238295593473156
T292	0.0	0.0
T293	8.611699030005191	8.611699030005191
T293	7.840954512887994	7.840954512887994
T293	7.79306635040829	7.79306635040829
T293	8.10223304921501	8.10223304921501
T293	8.875420625262635	8.875420625262635
T293	7.060489122728261	7.060489122728261
T293	6.314456215547765	6.314456215547765
T293	6.87775154150481	6.87775154150481
T293	5.686030863490018	5.686030863490018
T293	4.4503136095549305	4.4503136095549305
T293	4.046018109901512	4.046018109901512
T293	3.7018460717222803	3.7018460717222803
T293	1.6689548883543082	1.6689548883543082
T293	1.2522101423219465	1.2522101423219465
T293	0.8765163706225265	0.8765163706225265
T293	0.17445010374322756	0.17445010374322756
T293	0.0	0.0
T294	5.849829779025567	5.849829779025567
T294	4.513646560546513	4.513646560546513
T294	3.297760004393463	3.297760004393463
T294	0.0	0.0
T295	3.612132682090915	3.612132682090915
T295	5.136427747022128	5.136427747022128
T295	2.8273258635525353	2.8273258635525353
T295	3.0262708688154603	3.0262708688154603
T295	2.5864753670500864	2.5864753670500864
T295	1.2257790606082097	1.2257790606082097
T295	1.1223836602655357	1.1223836602655357
T295	0.864569553815607	0.864569553815607
T295	1.1236909677638476	1.1236909677638476
T295	1.4943642277649307	1.4943642277649307
T295	1.2326383929893767	1.2326383929893767
T295	1.6550034051797555	1.6550034051797555
T295	1.2075707333378083	1.2075707333378083
T295	0.0	0.0
T296	2.0842213460683303	2.0842213460683303
T296	0.0	0.0
T297	4.1770461252457345	4.1770461252457345
T297	1.1627768921651338	1.1627768921651338
T297	1.7841277503531572	1.7841277503531572
T297	0.33092211812319333	0.33092211812319333
T297	0.21327112053224762	0.21327112053224762
T297	0.5564058211903209	0.5564058211903209
T297	0.0	0.0
T298	2.2935170164319194	2.2935170164319194
T298	1.4884192231884286	1.4884192231884286
T298	1.618348200591921	1.618348200591921
T298	0.1996918016307152	0.1996918016307152
T298	0.0	0.0
